0 0.20277777777777778 0.045486111111111116 0.23333333333333334 0.04097222222222222
0 0.21342592592592594 0.10972222222222222 0.23425925925925928 0.05
0 0.21712962962962964 0.1795138888888889 0.24722222222222223 0.050694444444444445
0 0.19814814814814816 0.23958333333333334 0.21666666666666667 0.051388888888888894
0 0.21296296296296297 0.30173611111111115 0.24074074074074076 0.04791666666666667
0 0.19953703703703704 0.36319444444444443 0.21944444444444444 0.044444444444444446
0 0.20555555555555557 0.42708333333333337 0.21296296296296297 0.05
0 0.20092592592592592 0.48784722222222227 0.21666666666666667 0.04236111111111111
0 0.20694444444444446 0.5496527777777778 0.23796296296296296 0.04652777777777778
0 0.20694444444444446 0.6107638888888889 0.23611111111111113 0.04652777777777778
0 0.18194444444444446 0.6638888888888889 0.19907407407407407 0.04583333333333334
0 0.19166666666666668 0.7263888888888889 0.2240740740740741 0.04861111111111111
0 0.19074074074074074 0.7909722222222223 0.22777777777777777 0.051388888888888894
0 0.18425925925925926 0.8559027777777778 0.22222222222222224 0.05347222222222223
0 0.18796296296296297 0.9180555555555556 0.2425925925925926 0.05555555555555556
0 0.5583333333333333 0.04930555555555556 0.27592592592592596 0.059722222222222225
0 0.5291666666666667 0.11388888888888889 0.21574074074074076 0.043055555555555555
0 0.5481481481481482 0.17604166666666668 0.2777777777777778 0.04791666666666667
0 0.5296296296296297 0.23784722222222224 0.22777777777777777 0.052083333333333336
0 0.525 0.3024305555555556 0.22222222222222224 0.04652777777777778
0 0.5203703703703704 0.36562500000000003 0.20925925925925926 0.06041666666666667
0 0.5407407407407407 0.4329861111111111 0.26666666666666666 0.043750000000000004
0 0.5236111111111111 0.4913194444444445 0.23611111111111113 0.050694444444444445
0 0.5203703703703704 0.5548611111111111 0.22592592592592595 0.044444444444444446
0 0.513425925925926 0.6177083333333333 0.23425925925925928 0.052083333333333336
0 0.5263888888888889 0.678125 0.25462962962962965 0.05625
0 0.49444444444444446 0.7375 0.2 0.04861111111111111
0 0.5097222222222222 0.7986111111111112 0.24351851851851852 0.051388888888888894
0 0.5050925925925926 0.865625 0.23425925925925928 0.06597222222222222
0 0.5106481481481482 0.9343750000000001 0.2490740740740741 0.06041666666666667
0 0.8453703703703704 0.05451388888888889 0.1962962962962963 0.06319444444444444
0 0.8527777777777779 0.12048611111111111 0.20740740740740743 0.05763888888888889
0 0.8643518518518519 0.18541666666666667 0.22870370370370371 0.061111111111111116
0 0.8453703703703704 0.25069444444444444 0.19444444444444445 0.05416666666666667
0 0.851388888888889 0.31006944444444445 0.2101851851851852 0.043750000000000004
0 0.837037037037037 0.3715277777777778 0.1925925925925926 0.04722222222222222
0 0.8541666666666667 0.4378472222222222 0.23425925925925928 0.05625
0 0.8462962962962963 0.4986111111111111 0.21666666666666667 0.04861111111111111
0 0.8430555555555556 0.5680555555555555 0.22314814814814815 0.05277777777777778
0 0.8342592592592593 0.6274305555555556 0.22962962962962963 0.04652777777777778
0 0.8365740740740741 0.6854166666666667 0.23981481481481481 0.043055555555555555
0 0.8296296296296297 0.7475694444444445 0.22037037037037038 0.04791666666666667
0 0.825462962962963 0.8159722222222222 0.21574074074074076 0.05277777777777778
0 0.8333333333333334 0.8784722222222222 0.23333333333333334 0.05416666666666667
0 0.8342592592592593 0.9378472222222223 0.2240740740740741 0.04513888888888889
