0 0.16898148148148148 0.07048611111111111 0.2638888888888889 0.03125
0 0.17222222222222222 0.13055555555555556 0.27037037037037037 0.036111111111111115
0 0.1564814814814815 0.19270833333333334 0.24629629629629632 0.03819444444444445
0 0.15185185185185185 0.2576388888888889 0.22592592592592595 0.04027777777777778
0 0.1615740740740741 0.31354166666666666 0.25277777777777777 0.035416666666666666
0 0.15 0.3770833333333333 0.23703703703703705 0.03888888888888889
0 0.15092592592592594 0.4354166666666667 0.24814814814814815 0.03888888888888889
0 0.16203703703703703 0.49444444444444446 0.27222222222222225 0.036111111111111115
0 0.14027777777777778 0.5576388888888889 0.23611111111111113 0.04027777777777778
0 0.15046296296296297 0.6204861111111112 0.2490740740740741 0.04236111111111111
0 0.14212962962962963 0.6809027777777779 0.23055555555555557 0.03819444444444445
0 0.1328703703703704 0.7444444444444445 0.21574074074074076 0.03888888888888889
0 0.12638888888888888 0.8055555555555556 0.20277777777777778 0.036111111111111115
0 0.14027777777777778 0.8621527777777778 0.23611111111111113 0.03958333333333333
0 0.15601851851851853 0.9246527777777778 0.26203703703703707 0.04652777777777778
0 0.48379629629629634 0.07326388888888889 0.28240740740740744 0.03819444444444445
0 0.4666666666666667 0.13611111111111113 0.23148148148148148 0.043055555555555555
0 0.475462962962963 0.19618055555555555 0.26203703703703707 0.04236111111111111
0 0.47175925925925927 0.2569444444444445 0.25277777777777777 0.03888888888888889
0 0.4791666666666667 0.31736111111111115 0.275 0.04027777777777778
0 0.4851851851851852 0.38125000000000003 0.26296296296296295 0.04583333333333334
0 0.46435185185185185 0.43645833333333334 0.23981481481481481 0.03263888888888889
0 0.47870370370370374 0.49756944444444445 0.26481481481481484 0.04236111111111111
0 0.45833333333333337 0.5576388888888889 0.2425925925925926 0.034722222222222224
0 0.47175925925925927 0.6163194444444444 0.24351851851851852 0.043750000000000004
0 0.45 0.6833333333333333 0.20740740740740743 0.04027777777777778
0 0.4625 0.7416666666666667 0.23981481481481481 0.03333333333333333
0 0.4412037037037037 0.8055555555555556 0.2138888888888889 0.0375
0 0.4851851851851852 0.8642361111111111 0.2851851851851852 0.03680555555555556
0 0.4615740740740741 0.9243055555555556 0.25462962962962965 0.029166666666666667
0 0.7861111111111111 0.07986111111111112 0.2574074074074074 0.05
0 0.7768518518518519 0.13958333333333334 0.2425925925925926 0.04583333333333334
0 0.7694444444444445 0.19930555555555557 0.2240740740740741 0.03888888888888889
0 0.7805555555555556 0.2569444444444445 0.24074074074074076 0.03888888888888889
0 0.7893518518518519 0.3215277777777778 0.2657407407407408 0.04027777777777778
0 0.7833333333333333 0.37951388888888893 0.27222222222222225 0.03819444444444445
0 0.7777777777777778 0.4430555555555556 0.26296296296296295 0.0375
0 0.7777777777777778 0.5006944444444444 0.26666666666666666 0.03194444444444445
0 0.7643518518518518 0.5628472222222223 0.23981481481481481 0.04097222222222222
0 0.7791666666666667 0.6260416666666667 0.2601851851851852 0.04236111111111111
0 0.7560185185185185 0.6784722222222223 0.21574074074074076 0.03194444444444445
0 0.7662037037037037 0.7385416666666667 0.225 0.03958333333333333
0 0.7763888888888889 0.8006944444444445 0.2564814814814815 0.04166666666666667
0 0.7865740740740741 0.8618055555555556 0.2564814814814815 0.03888888888888889
0 0.7824074074074074 0.9239583333333333 0.26851851851851855 0.03402777777777778
