0 0.7865740740740741 0.035069444444444445 0.25277777777777777 0.04791666666666667
0 0.8166666666666667 0.10138888888888889 0.19814814814814816 0.043055555555555555
0 0.8074074074074075 0.16284722222222223 0.22037037037037038 0.035416666666666666
0 0.7865740740740741 0.22569444444444445 0.2564814814814815 0.04722222222222222
0 0.788425925925926 0.28645833333333337 0.2564814814814815 0.04513888888888889
0 0.7856481481481482 0.34895833333333337 0.26203703703703707 0.04791666666666667
0 0.7851851851851852 0.40694444444444444 0.25925925925925924 0.043055555555555555
0 0.7902777777777779 0.46631944444444445 0.24351851851851852 0.03819444444444445
0 0.7958333333333334 0.5246527777777777 0.24166666666666667 0.04236111111111111
0 0.7953703703703704 0.5875 0.25 0.0375
0 0.7949074074074074 0.6458333333333334 0.25833333333333336 0.04027777777777778
0 0.7962962962962963 0.7072916666666667 0.24814814814814815 0.04930555555555556
0 0.8222222222222223 0.7701388888888889 0.21851851851851853 0.043055555555555555
0 0.8203703703703704 0.8291666666666667 0.22777777777777777 0.04583333333333334
0 0.8282407407407407 0.8923611111111112 0.225 0.044444444444444446
0 0.5115740740740741 0.033680555555555554 0.2101851851851852 0.03958333333333333
0 0.4759259259259259 0.09131944444444445 0.2611111111111111 0.04930555555555556
0 0.46805555555555556 0.1545138888888889 0.2898148148148148 0.04236111111111111
0 0.49583333333333335 0.22118055555555557 0.23796296296296296 0.04236111111111111
0 0.4986111111111111 0.284375 0.23611111111111113 0.04513888888888889
0 0.4962962962962963 0.34131944444444445 0.23148148148148148 0.03958333333333333
0 0.49768518518518523 0.40555555555555556 0.24166666666666667 0.04861111111111111
0 0.4814814814814815 0.4715277777777778 0.2777777777777778 0.044444444444444446
0 0.48240740740740745 0.5322916666666667 0.2796296296296296 0.04652777777777778
0 0.48750000000000004 0.59375 0.2657407407407408 0.044444444444444446
0 0.487962962962963 0.6513888888888889 0.27037037037037037 0.04583333333333334
0 0.4916666666666667 0.717013888888889 0.25925925925925924 0.04236111111111111
0 0.5208333333333334 0.7798611111111111 0.225 0.044444444444444446
0 0.5023148148148149 0.842013888888889 0.24537037037037038 0.04791666666666667
0 0.5 0.9059027777777778 0.25925925925925924 0.04236111111111111
0 0.16574074074074074 0.034375 0.2425925925925926 0.05625
0 0.17592592592592593 0.09097222222222223 0.21851851851851853 0.043055555555555555
0 0.17314814814814816 0.15208333333333335 0.2388888888888889 0.044444444444444446
0 0.1685185185185185 0.22291666666666668 0.26481481481481484 0.04722222222222222
0 0.16203703703703703 0.27881944444444445 0.27222222222222225 0.03819444444444445
0 0.17546296296296296 0.34270833333333334 0.25833333333333336 0.04652777777777778
0 0.19444444444444445 0.40902777777777777 0.22962962962962963 0.04166666666666667
0 0.17824074074074076 0.4729166666666667 0.25277777777777777 0.036111111111111115
0 0.17500000000000002 0.5309027777777778 0.2574074074074074 0.03819444444444445
0 0.16620370370370371 0.6003472222222223 0.275 0.04513888888888889
0 0.17222222222222222 0.6652777777777779 0.2814814814814815 0.043055555555555555
0 0.17314814814814816 0.7267361111111111 0.26666666666666666 0.04513888888888889
0 0.16111111111111112 0.7954861111111111 0.2851851851851852 0.043750000000000004
0 0.1638888888888889 0.8586805555555556 0.2925925925925926 0.04236111111111111
0 0.17222222222222222 0.9256944444444445 0.2814814814814815 0.04861111111111111
