0 0.8319444444444445 0.08680555555555555 0.23611111111111113 0.05555555555555556
0 0.8208333333333334 0.3003472222222222 0.275 0.03958333333333333
0 0.8328703703703704 0.5145833333333334 0.2657407407407408 0.04583333333333334
0 0.8337962962962964 0.7329861111111111 0.2990740740740741 0.04513888888888889
0 0.5078703703703704 0.09305555555555556 0.25833333333333336 0.03888888888888889
0 0.5087962962962963 0.30312500000000003 0.2490740740740741 0.050694444444444445
0 0.5050925925925926 0.5180555555555556 0.2564814814814815 0.04583333333333334
0 0.5125000000000001 0.7340277777777778 0.2675925925925926 0.05416666666666667
0 0.18564814814814815 0.09722222222222222 0.25092592592592594 0.05416666666666667
0 0.1865740740740741 0.3076388888888889 0.2712962962962963 0.04861111111111111
0 0.18611111111111112 0.5184027777777778 0.26296296296296295 0.043750000000000004
0 0.1726851851851852 0.7416666666666667 0.28240740740740744 0.05
