0 0.23425925925925928 0.1527777777777778 0.27592592592592596 0.034722222222222224
0 0.21805555555555556 0.3684027777777778 0.22314814814814815 0.04652777777777778
0 0.20694444444444446 0.5836805555555555 0.21944444444444444 0.04097222222222222
0 0.21666666666666667 0.7961805555555556 0.24814814814814815 0.05347222222222223
0 0.5259259259259259 0.14652777777777778 0.21481481481481482 0.04583333333333334
0 0.5685185185185185 0.3715277777777778 0.2962962962962963 0.04722222222222222
0 0.5143518518518518 0.5833333333333334 0.20277777777777778 0.043055555555555555
0 0.5597222222222222 0.810763888888889 0.3287037037037037 0.04652777777777778
0 0.8699074074074075 0.15208333333333335 0.23981481481481481 0.05
0 0.8675925925925926 0.3680555555555556 0.2518518518518519 0.043055555555555555
0 0.8606481481481482 0.5895833333333333 0.23240740740740742 0.05555555555555556
0 0.8689814814814815 0.8232638888888889 0.2601851851851852 0.05763888888888889
