0 0.17824074074074076 0.06458333333333334 0.23425925925925928 0.04027777777777778
0 0.15416666666666667 0.12083333333333333 0.18055555555555555 0.04166666666666667
0 0.1638888888888889 0.17569444444444446 0.20555555555555557 0.03888888888888889
0 0.16805555555555557 0.23472222222222222 0.2212962962962963 0.04166666666666667
0 0.1685185185185185 0.29444444444444445 0.2388888888888889 0.034722222222222224
0 0.17407407407407408 0.35555555555555557 0.24814814814814815 0.04027777777777778
0 0.15972222222222224 0.41250000000000003 0.2175925925925926 0.034722222222222224
0 0.1527777777777778 0.47500000000000003 0.21296296296296297 0.044444444444444446
0 0.16435185185185186 0.5326388888888889 0.22870370370370371 0.043055555555555555
0 0.19444444444444445 0.5989583333333334 0.30185185185185187 0.03819444444444445
0 0.1574074074074074 0.6607638888888889 0.23703703703703705 0.04097222222222222
0 0.16527777777777777 0.7274305555555556 0.25462962962962965 0.04652777777777778
0 0.1712962962962963 0.7913194444444445 0.2740740740740741 0.04652777777777778
0 0.1328703703703704 0.8520833333333334 0.18611111111111112 0.03888888888888889
0 0.17083333333333334 0.9152777777777779 0.27685185185185185 0.043055555555555555
0 0.47500000000000003 0.06527777777777778 0.21481481481481482 0.03333333333333333
0 0.4898148148148148 0.1267361111111111 0.2518518518518519 0.03819444444444445
0 0.4740740740740741 0.18333333333333335 0.21481481481481482 0.03888888888888889
0 0.4810185185185185 0.24097222222222223 0.23055555555555557 0.0375
0 0.46851851851851856 0.2989583333333333 0.20185185185185187 0.03958333333333333
0 0.46064814814814814 0.3579861111111111 0.20092592592592592 0.03819444444444445
0 0.4814814814814815 0.4236111111111111 0.22777777777777777 0.043055555555555555
0 0.46944444444444444 0.4791666666666667 0.20740740740740743 0.036111111111111115
0 0.475462962962963 0.5444444444444445 0.22870370370370371 0.044444444444444446
0 0.4935185185185185 0.6041666666666667 0.2555555555555556 0.0375
0 0.4800925925925926 0.6625 0.23611111111111113 0.04027777777777778
0 0.47731481481481486 0.7260416666666667 0.23240740740740742 0.03958333333333333
0 0.46620370370370373 0.7881944444444444 0.2212962962962963 0.03888888888888889
0 0.4800925925925926 0.8541666666666667 0.25277777777777777 0.043055555555555555
0 0.49953703703703706 0.915625 0.2953703703703704 0.04236111111111111
0 0.7986111111111112 0.06909722222222223 0.2490740740740741 0.04097222222222222
0 0.7782407407407408 0.1295138888888889 0.2138888888888889 0.04236111111111111
0 0.7856481481481482 0.18784722222222222 0.23425925925925928 0.03680555555555556
0 0.8055555555555556 0.24756944444444445 0.27037037037037037 0.03958333333333333
0 0.7837962962962963 0.3038194444444445 0.22870370370370371 0.04236111111111111
0 0.7972222222222223 0.36458333333333337 0.23703703703703705 0.04166666666666667
0 0.7962962962962963 0.4232638888888889 0.2611111111111111 0.052083333333333336
0 0.7981481481481482 0.484375 0.2574074074074074 0.03958333333333333
0 0.8138888888888889 0.5413194444444445 0.2851851851851852 0.04236111111111111
0 0.7953703703703704 0.609375 0.24814814814814815 0.050694444444444445
0 0.8222222222222223 0.6708333333333334 0.3037037037037037 0.044444444444444446
0 0.8111111111111111 0.7312500000000001 0.27592592592592596 0.051388888888888894
0 0.8231481481481482 0.7927083333333333 0.3148148148148148 0.04513888888888889
0 0.8273148148148148 0.8548611111111112 0.3231481481481482 0.04583333333333334
0 0.8111111111111111 0.9173611111111112 0.2777777777777778 0.04583333333333334
