0 0.18796296296296297 0.03958333333333333 0.24444444444444446 0.04166666666666667
0 0.16527777777777777 0.1076388888888889 0.19351851851851853 0.043055555555555555
0 0.17037037037037037 0.171875 0.21296296296296297 0.035416666666666666
0 0.18055555555555555 0.24027777777777778 0.22962962962962963 0.04583333333333334
0 0.18287037037037038 0.30520833333333336 0.24351851851851852 0.04513888888888889
0 0.16111111111111112 0.36562500000000003 0.19074074074074074 0.04791666666666667
0 0.2 0.4256944444444445 0.2740740740740741 0.043055555555555555
0 0.16111111111111112 0.4934027777777778 0.20185185185185187 0.04097222222222222
0 0.17083333333333334 0.5552083333333333 0.225 0.043750000000000004
0 0.19583333333333333 0.6142361111111111 0.27314814814814814 0.04513888888888889
0 0.18842592592592594 0.671875 0.2657407407407408 0.04097222222222222
0 0.14166666666666666 0.7253472222222223 0.17407407407407408 0.04930555555555556
0 0.16990740740740742 0.7913194444444445 0.23055555555555557 0.04652777777777778
0 0.1685185185185185 0.8510416666666667 0.23148148148148148 0.03819444444444445
0 0.1564814814814815 0.9072916666666667 0.20370370370370372 0.04097222222222222
0 0.5115740740740741 0.035069444444444445 0.23425925925925928 0.05486111111111111
0 0.512962962962963 0.11041666666666668 0.24444444444444446 0.04861111111111111
0 0.49212962962962964 0.17048611111111112 0.21944444444444444 0.043750000000000004
0 0.48935185185185187 0.240625 0.2138888888888889 0.04097222222222222
0 0.4990740740740741 0.30625 0.2555555555555556 0.03888888888888889
0 0.49259259259259264 0.3729166666666667 0.21296296296296297 0.05
0 0.5060185185185185 0.43645833333333334 0.25092592592592594 0.04236111111111111
0 0.5018518518518519 0.49756944444444445 0.24629629629629632 0.04236111111111111
0 0.4763888888888889 0.5583333333333333 0.20092592592592592 0.0375
0 0.48194444444444445 0.6256944444444444 0.22685185185185186 0.044444444444444446
0 0.46296296296296297 0.6815972222222223 0.19814814814814816 0.050694444444444445
0 0.46481481481481485 0.7409722222222223 0.1962962962962963 0.0375
0 0.45787037037037037 0.80625 0.19166666666666668 0.05277777777777778
0 0.47962962962962963 0.8579861111111111 0.21666666666666667 0.03819444444444445
0 0.47870370370370374 0.9190972222222222 0.23703703703703705 0.05347222222222223
0 0.8611111111111112 0.044444444444444446 0.25925925925925924 0.058333333333333334
0 0.8472222222222222 0.10868055555555556 0.24814814814814815 0.04513888888888889
0 0.8310185185185186 0.1736111111111111 0.22314814814814815 0.05
0 0.8240740740740741 0.23506944444444444 0.20555555555555557 0.04236111111111111
0 0.8305555555555556 0.309375 0.25 0.04236111111111111
0 0.837962962962963 0.371875 0.2611111111111111 0.03819444444444445
0 0.8236111111111112 0.4392361111111111 0.25277777777777777 0.04236111111111111
0 0.8138888888888889 0.5090277777777777 0.23703703703703705 0.05
0 0.8342592592592593 0.5722222222222223 0.26851851851851855 0.051388888888888894
0 0.8078703703703703 0.6357638888888889 0.22314814814814815 0.04930555555555556
0 0.7921296296296296 0.6979166666666667 0.20462962962962963 0.051388888888888894
0 0.8060185185185186 0.7611111111111112 0.24166666666666667 0.043055555555555555
0 0.7949074074074074 0.815625 0.23055555555555557 0.04236111111111111
0 0.8 0.8718750000000001 0.25 0.04236111111111111
0 0.7902777777777779 0.9284722222222223 0.23425925925925928 0.03888888888888889
