0 0.16620370370370371 0.04479166666666667 0.23611111111111113 0.04097222222222222
0 0.1615740740740741 0.096875 0.22685185185185186 0.04513888888888889
0 0.1712962962962963 0.15729166666666666 0.2425925925925926 0.04791666666666667
0 0.1587962962962963 0.21805555555555556 0.23611111111111113 0.043055555555555555
0 0.1537037037037037 0.2809027777777778 0.24074074074074076 0.043750000000000004
0 0.14722222222222223 0.340625 0.22777777777777777 0.03958333333333333
0 0.15185185185185185 0.40729166666666666 0.2351851851851852 0.029861111111111113
0 0.1587962962962963 0.4715277777777778 0.23240740740740742 0.034722222222222224
0 0.15833333333333333 0.5388888888888889 0.2388888888888889 0.04166666666666667
0 0.1625 0.603125 0.26203703703703707 0.035416666666666666
0 0.16574074074074074 0.6673611111111112 0.27037037037037037 0.03888888888888889
0 0.16296296296296298 0.7350694444444444 0.27592592592592596 0.04236111111111111
0 0.16481481481481483 0.7986111111111112 0.2833333333333333 0.04583333333333334
0 0.17314814814814816 0.86875 0.2888888888888889 0.03888888888888889
0 0.19212962962962965 0.9354166666666667 0.33240740740740743 0.04583333333333334
0 0.4791666666666667 0.043402777777777776 0.23240740740740742 0.043750000000000004
0 0.47731481481481486 0.10520833333333333 0.20462962962962963 0.04652777777777778
0 0.48194444444444445 0.16493055555555555 0.23240740740740742 0.04930555555555556
0 0.4740740740740741 0.22013888888888888 0.21481481481481482 0.0375
0 0.4800925925925926 0.2826388888888889 0.23611111111111113 0.03888888888888889
0 0.4759259259259259 0.34618055555555555 0.24444444444444446 0.03680555555555556
0 0.5027777777777778 0.4076388888888889 0.2740740740740741 0.044444444444444446
0 0.48935185185185187 0.4704861111111111 0.25092592592592594 0.04236111111111111
0 0.5023148148148149 0.5350694444444445 0.28611111111111115 0.035416666666666666
0 0.5074074074074074 0.6010416666666667 0.2925925925925926 0.04097222222222222
0 0.5106481481481482 0.6649305555555556 0.2953703703703704 0.03402777777777778
0 0.4861111111111111 0.7336805555555556 0.2388888888888889 0.03958333333333333
0 0.513888888888889 0.790625 0.30185185185185187 0.052083333333333336
0 0.48194444444444445 0.8600694444444444 0.24722222222222223 0.05347222222222223
0 0.5074074074074074 0.925 0.29074074074074074 0.04583333333333334
0 0.7990740740740742 0.05798611111111111 0.2518518518518519 0.043750000000000004
0 0.7875 0.11805555555555557 0.2138888888888889 0.05
0 0.7865740740740741 0.17222222222222222 0.21944444444444444 0.04166666666666667
0 0.8050925925925926 0.23020833333333335 0.2657407407407408 0.03680555555555556
0 0.8171296296296297 0.2881944444444445 0.2712962962962963 0.036111111111111115
0 0.8189814814814815 0.34861111111111115 0.275 0.034722222222222224
0 0.8166666666666667 0.4104166666666667 0.27222222222222225 0.0375
0 0.7814814814814816 0.4743055555555556 0.20370370370370372 0.04166666666666667
0 0.7773148148148148 0.5364583333333334 0.20462962962962963 0.03680555555555556
0 0.8120370370370371 0.6 0.2851851851851852 0.03888888888888889
0 0.825462962962963 0.6618055555555555 0.287962962962963 0.03888888888888889
0 0.8356481481481481 0.7256944444444444 0.30833333333333335 0.036111111111111115
0 0.8347222222222223 0.7899305555555556 0.2916666666666667 0.03819444444444445
0 0.837037037037037 0.8552083333333333 0.3092592592592593 0.04097222222222222
0 0.8240740740740741 0.9187500000000001 0.2814814814814815 0.04027777777777778
