0 0.1837962962962963 0.06076388888888889 0.23425925925925928 0.04513888888888889
0 0.19907407407407407 0.1232638888888889 0.2611111111111111 0.04513888888888889
0 0.1851851851851852 0.18854166666666666 0.2425925925925926 0.04236111111111111
0 0.1851851851851852 0.24409722222222224 0.2351851851851852 0.043750000000000004
0 0.18611111111111112 0.30972222222222223 0.21851851851851853 0.043055555555555555
0 0.15925925925925927 0.36909722222222224 0.1851851851851852 0.043750000000000004
0 0.17916666666666667 0.4326388888888889 0.20462962962962963 0.05694444444444444
0 0.16944444444444445 0.49444444444444446 0.21666666666666667 0.03333333333333333
0 0.1814814814814815 0.5576388888888889 0.2518518518518519 0.043055555555555555
0 0.1925925925925926 0.6263888888888889 0.2537037037037037 0.05694444444444444
0 0.18287037037037038 0.6829861111111112 0.24722222222222223 0.04513888888888889
0 0.1787037037037037 0.74375 0.22962962962962963 0.04027777777777778
0 0.1712962962962963 0.8055555555555556 0.23148148148148148 0.043055555555555555
0 0.16574074074074074 0.8673611111111111 0.22037037037037038 0.04722222222222222
0 0.18564814814814815 0.9291666666666667 0.26944444444444443 0.044444444444444446
0 0.5236111111111111 0.05277777777777778 0.25833333333333336 0.04027777777777778
0 0.4916666666666667 0.11527777777777778 0.21296296296296297 0.04722222222222222
0 0.5236111111111111 0.17916666666666667 0.275 0.05277777777777778
0 0.5212962962962964 0.2423611111111111 0.28703703703703703 0.04722222222222222
0 0.4800925925925926 0.3024305555555556 0.20092592592592592 0.04652777777777778
0 0.49583333333333335 0.37083333333333335 0.225 0.04166666666666667
0 0.4986111111111111 0.43020833333333336 0.24351851851851852 0.04236111111111111
0 0.4814814814814815 0.4982638888888889 0.21481481481481482 0.04097222222222222
0 0.5064814814814815 0.5635416666666667 0.2611111111111111 0.043750000000000004
0 0.4930555555555556 0.628125 0.24351851851851852 0.04236111111111111
0 0.4939814814814815 0.6895833333333333 0.23611111111111113 0.044444444444444446
0 0.5125000000000001 0.7524305555555556 0.28425925925925927 0.04236111111111111
0 0.46990740740740744 0.8170138888888889 0.19166666666666668 0.04791666666666667
0 0.5013888888888889 0.8798611111111111 0.25462962962962965 0.044444444444444446
0 0.5101851851851852 0.9500000000000001 0.2833333333333333 0.05694444444444444
0 0.8250000000000001 0.06041666666666667 0.22592592592592595 0.05555555555555556
0 0.8347222222222223 0.12256944444444445 0.22870370370370371 0.05486111111111111
0 0.8337962962962964 0.18472222222222223 0.23796296296296296 0.05277777777777778
0 0.8305555555555556 0.24583333333333335 0.23148148148148148 0.04722222222222222
0 0.8250000000000001 0.3079861111111111 0.23333333333333334 0.04236111111111111
0 0.8189814814814815 0.3729166666666667 0.22685185185185186 0.04583333333333334
0 0.8305555555555556 0.43854166666666666 0.25925925925925924 0.04236111111111111
0 0.825925925925926 0.5045138888888889 0.25 0.04097222222222222
0 0.8041666666666667 0.5697916666666667 0.21944444444444444 0.043750000000000004
0 0.8337962962962964 0.6315972222222223 0.25462962962962965 0.04652777777777778
0 0.8060185185185186 0.6944444444444444 0.19907407407407407 0.051388888888888894
0 0.812962962962963 0.7604166666666667 0.21666666666666667 0.043055555555555555
0 0.8300925925925926 0.8270833333333334 0.2601851851851852 0.03333333333333333
0 0.8361111111111111 0.8881944444444445 0.2777777777777778 0.043055555555555555
0 0.8333333333333334 0.9527777777777778 0.26481481481481484 0.04027777777777778
