0 0.8016666666666667 0.15375 0.22 0.055
0 0.14166666666666666 0.165 0.2066666666666667 0.0575
0 0.14416666666666667 0.228125 0.21500000000000002 0.05625
0 0.13166666666666668 0.29 0.19666666666666668 0.0525
0 0.1375 0.34875 0.21833333333333335 0.0525
0 0.13166666666666668 0.410625 0.2066666666666667 0.05625
0 0.13416666666666668 0.47000000000000003 0.22166666666666668 0.0575
0 0.135 0.5337500000000001 0.22333333333333336 0.06
0 0.1325 0.596875 0.23500000000000001 0.06375
0 0.47250000000000003 0.15937500000000002 0.225 0.06125
0 0.45583333333333337 0.2225 0.19166666666666668 0.0525
0 0.4691666666666667 0.28125 0.20833333333333334 0.055
0 0.4691666666666667 0.34500000000000003 0.2016666666666667 0.06
0 0.4733333333333334 0.406875 0.22 0.05625
0 0.4658333333333334 0.469375 0.21166666666666667 0.051250000000000004
0 0.4658333333333334 0.530625 0.21500000000000002 0.06125
0 0.4625 0.601875 0.21500000000000002 0.06625
0 0.8350000000000001 0.21937500000000001 0.26666666666666666 0.05625
0 0.8066666666666668 0.279375 0.22 0.058750000000000004
0 0.8083333333333333 0.341875 0.22666666666666668 0.05375
0 0.81 0.40125 0.22 0.055
0 0.8083333333333333 0.46625 0.21000000000000002 0.055
0 0.8150000000000001 0.5325 0.22 0.0575
0 0.8175 0.601875 0.22166666666666668 0.058750000000000004
