0 0.8375 0.04479166666666667 0.225 0.04513888888888889
0 0.8439814814814816 0.10347222222222223 0.22870370370370371 0.05
0 0.850462962962963 0.16770833333333335 0.2175925925925926 0.04791666666666667
0 0.85 0.23333333333333334 0.2111111111111111 0.04027777777777778
0 0.8467592592592593 0.2951388888888889 0.22685185185185186 0.03888888888888889
0 0.8356481481481481 0.3590277777777778 0.2490740740740741 0.04166666666666667
0 0.8319444444444445 0.4215277777777778 0.24722222222222223 0.03888888888888889
0 0.8564814814814815 0.4840277777777778 0.21296296296296297 0.03888888888888889
0 0.8574074074074074 0.5440972222222222 0.21296296296296297 0.03402777777777778
0 0.8384259259259259 0.6107638888888889 0.24351851851851852 0.03819444444444445
0 0.8300925925925926 0.6711805555555556 0.2490740740740741 0.04652777777777778
0 0.8273148148148148 0.7361111111111112 0.27870370370370373 0.0375
0 0.8347222222222223 0.7989583333333333 0.24722222222222223 0.050694444444444445
0 0.8365740740740741 0.8649305555555555 0.23055555555555557 0.03958333333333333
0 0.8476851851851852 0.929513888888889 0.22870370370370371 0.035416666666666666
0 0.5027777777777778 0.04756944444444445 0.23703703703703705 0.052083333333333336
0 0.49953703703703706 0.11145833333333334 0.275 0.04097222222222222
0 0.5185185185185185 0.171875 0.22777777777777777 0.04652777777777778
0 0.49722222222222223 0.2357638888888889 0.2574074074074074 0.04097222222222222
0 0.5032407407407408 0.2947916666666667 0.24166666666666667 0.04097222222222222
0 0.5263888888888889 0.3572916666666667 0.2212962962962963 0.04097222222222222
0 0.5106481481481482 0.4173611111111111 0.24537037037037038 0.04583333333333334
0 0.5185185185185185 0.484375 0.23333333333333334 0.04097222222222222
0 0.5092592592592593 0.5454861111111111 0.2425925925925926 0.03819444444444445
0 0.5208333333333334 0.6069444444444445 0.20277777777777778 0.04722222222222222
0 0.5208333333333334 0.6680555555555556 0.23425925925925928 0.04166666666666667
0 0.5046296296296297 0.7302083333333333 0.24814814814814815 0.03680555555555556
0 0.5125000000000001 0.7989583333333333 0.23796296296296296 0.03680555555555556
0 0.4861111111111111 0.8552083333333333 0.27592592592592596 0.04930555555555556
0 0.5199074074074074 0.9267361111111111 0.21944444444444444 0.03263888888888889
0 0.2050925925925926 0.05347222222222223 0.23055555555555557 0.03888888888888889
0 0.19490740740740742 0.12222222222222223 0.25092592592592594 0.043055555555555555
0 0.19675925925925927 0.18055555555555555 0.24166666666666667 0.0375
0 0.20277777777777778 0.2371527777777778 0.22037037037037038 0.03680555555555556
0 0.17222222222222222 0.29618055555555556 0.28703703703703703 0.03819444444444445
0 0.21666666666666667 0.36215277777777777 0.1851851851851852 0.04236111111111111
0 0.19814814814814816 0.41875 0.23148148148148148 0.043055555555555555
0 0.1912037037037037 0.4857638888888889 0.23055555555555557 0.03680555555555556
0 0.19907407407407407 0.5437500000000001 0.2388888888888889 0.034722222222222224
0 0.17407407407407408 0.6052083333333333 0.2962962962962963 0.03958333333333333
0 0.20324074074074075 0.6704861111111111 0.20277777777777778 0.043750000000000004
0 0.19768518518518519 0.7312500000000001 0.23055555555555557 0.0375
0 0.19953703703703704 0.795138888888889 0.22870370370370371 0.043055555555555555
0 0.20046296296296298 0.8559027777777778 0.20833333333333334 0.03958333333333333
0 0.17824074074074076 0.9159722222222223 0.25277777777777777 0.043055555555555555
