0 0.8421296296296297 0.05798611111111111 0.22314814814814815 0.04513888888888889
0 0.8481481481481482 0.11701388888888889 0.21481481481481482 0.05763888888888889
0 0.8439814814814816 0.18090277777777777 0.23981481481481481 0.050694444444444445
0 0.8361111111111111 0.25 0.24629629629629632 0.0625
0 0.8319444444444445 0.30520833333333336 0.25833333333333336 0.043750000000000004
0 0.8217592592592593 0.35833333333333334 0.2657407407407408 0.04027777777777778
0 0.8407407407407408 0.4322916666666667 0.2351851851851852 0.04652777777777778
0 0.8666666666666667 0.4916666666666667 0.18703703703703706 0.04861111111111111
0 0.8597222222222223 0.5465277777777778 0.20277777777777778 0.05555555555555556
0 0.8356481481481481 0.6045138888888889 0.2490740740740741 0.050694444444444445
0 0.8310185185185186 0.6746527777777778 0.26944444444444443 0.05486111111111111
0 0.8486111111111111 0.7430555555555556 0.225 0.04027777777777778
0 0.8425925925925927 0.8013888888888889 0.25925925925925924 0.04722222222222222
0 0.8453703703703704 0.8746527777777778 0.2574074074074074 0.05625
0 0.8425925925925927 0.9302083333333334 0.2537037037037037 0.04513888888888889
0 0.5157407407407407 0.06145833333333334 0.2388888888888889 0.04236111111111111
0 0.5226851851851853 0.1267361111111111 0.23425925925925928 0.03958333333333333
0 0.5217592592592593 0.17847222222222223 0.23425925925925928 0.05277777777777778
0 0.5240740740740741 0.2465277777777778 0.2425925925925926 0.04583333333333334
0 0.5365740740740741 0.30972222222222223 0.21203703703703705 0.03888888888888889
0 0.5231481481481481 0.3670138888888889 0.24074074074074076 0.04791666666666667
0 0.5157407407407407 0.43368055555555557 0.26296296296296295 0.04791666666666667
0 0.5375 0.503125 0.21203703703703705 0.06319444444444444
0 0.5199074074074074 0.5673611111111111 0.25277777777777777 0.0638888888888889
0 0.5087962962962963 0.6239583333333334 0.275 0.04097222222222222
0 0.5199074074074074 0.6743055555555556 0.23611111111111113 0.04722222222222222
0 0.5148148148148148 0.7375 0.2518518518518519 0.051388888888888894
0 0.5231481481481481 0.8010416666666667 0.2537037037037037 0.043750000000000004
0 0.5287037037037037 0.857638888888889 0.24444444444444446 0.03888888888888889
0 0.5194444444444445 0.909375 0.2555555555555556 0.06041666666666667
0 0.20740740740740743 0.06597222222222222 0.24444444444444446 0.0625
0 0.20370370370370372 0.13090277777777778 0.26666666666666666 0.050694444444444445
0 0.2101851851851852 0.1951388888888889 0.2518518518518519 0.044444444444444446
0 0.1814814814814815 0.2513888888888889 0.3148148148148148 0.05277777777777778
0 0.225 0.309375 0.2240740740740741 0.05763888888888889
0 0.19166666666666668 0.3770833333333333 0.29444444444444445 0.04722222222222222
0 0.19861111111111113 0.4354166666666667 0.28425925925925927 0.04583333333333334
0 0.22083333333333335 0.4913194444444445 0.23611111111111113 0.06180555555555556
0 0.21666666666666667 0.5503472222222222 0.2351851851851852 0.04513888888888889
0 0.2152777777777778 0.6222222222222222 0.24351851851851852 0.051388888888888894
0 0.22685185185185186 0.6715277777777778 0.21666666666666667 0.043055555555555555
0 0.2152777777777778 0.7333333333333334 0.23425925925925928 0.04166666666666667
0 0.2337962962962963 0.790625 0.21203703703703705 0.04652777777777778
0 0.22268518518518518 0.8434027777777778 0.225 0.05347222222222223
0 0.1953703703703704 0.9079861111111112 0.2833333333333333 0.05902777777777778
