0 0.16018518518518518 0.06319444444444444 0.21851851851851853 0.04027777777777778
0 0.17824074074074076 0.12048611111111111 0.24351851851851852 0.03958333333333333
0 0.17731481481481481 0.18819444444444444 0.25092592592592594 0.03888888888888889
0 0.18101851851851852 0.2451388888888889 0.25277777777777777 0.04166666666666667
0 0.14305555555555557 0.3121527777777778 0.19907407407407407 0.05625
0 0.17453703703703705 0.36597222222222225 0.25462962962962965 0.04583333333333334
0 0.17314814814814816 0.42465277777777777 0.24629629629629632 0.043750000000000004
0 0.16898148148148148 0.4902777777777778 0.23796296296296296 0.0375
0 0.16944444444444445 0.5524305555555555 0.24629629629629632 0.043750000000000004
0 0.1574074074074074 0.6170138888888889 0.21851851851851853 0.04791666666666667
0 0.15925925925925927 0.6763888888888889 0.2388888888888889 0.044444444444444446
0 0.15925925925925927 0.7392361111111111 0.24814814814814815 0.050694444444444445
0 0.15185185185185185 0.8038194444444444 0.2425925925925926 0.04236111111111111
0 0.16203703703703703 0.86875 0.2574074074074074 0.043055555555555555
0 0.15833333333333333 0.9347222222222222 0.2425925925925926 0.04583333333333334
0 0.487962962962963 0.06805555555555556 0.25 0.04583333333333334
0 0.49953703703703706 0.12986111111111112 0.24722222222222223 0.04027777777777778
0 0.487962962962963 0.18715277777777778 0.2388888888888889 0.04513888888888889
0 0.48750000000000004 0.24479166666666669 0.25462962962962965 0.04791666666666667
0 0.487962962962963 0.30625 0.24814814814814815 0.04166666666666667
0 0.46296296296296297 0.3701388888888889 0.18888888888888888 0.044444444444444446
0 0.48240740740740745 0.43159722222222224 0.24444444444444446 0.04236111111111111
0 0.4935185185185185 0.49409722222222224 0.2611111111111111 0.03680555555555556
0 0.4912037037037037 0.5576388888888889 0.2638888888888889 0.043055555555555555
0 0.4851851851851852 0.6170138888888889 0.2537037037037037 0.04652777777777778
0 0.48750000000000004 0.6760416666666667 0.25462962962962965 0.04652777777777778
0 0.4587962962962963 0.7309027777777778 0.19351851851851853 0.05347222222222223
0 0.4930555555555556 0.8048611111111111 0.2675925925925926 0.04583333333333334
0 0.4810185185185185 0.8666666666666667 0.25092592592592594 0.043055555555555555
0 0.46805555555555556 0.935763888888889 0.2212962962962963 0.04791666666666667
0 0.8032407407407408 0.07152777777777779 0.23055555555555557 0.04722222222222222
0 0.7990740740740742 0.13402777777777777 0.2351851851851852 0.04166666666666667
0 0.7925925925925926 0.19305555555555556 0.20185185185185187 0.043055555555555555
0 0.7981481481481482 0.25520833333333337 0.2425925925925926 0.04236111111111111
0 0.8157407407407408 0.3138888888888889 0.26666666666666666 0.03888888888888889
0 0.7902777777777779 0.36875 0.20092592592592592 0.04722222222222222
0 0.7902777777777779 0.434375 0.21574074074074076 0.03958333333333333
0 0.7976851851851852 0.5013888888888889 0.23240740740740742 0.05
0 0.7787037037037038 0.5576388888888889 0.18333333333333335 0.04583333333333334
0 0.8375 0.6149305555555555 0.325 0.03819444444444445
0 0.8087962962962963 0.678125 0.24166666666666667 0.04236111111111111
0 0.7902777777777779 0.7427083333333334 0.20833333333333334 0.04791666666666667
0 0.7949074074074074 0.8013888888888889 0.21574074074074076 0.051388888888888894
0 0.8037037037037037 0.8631944444444445 0.23703703703703705 0.05
0 0.8175925925925926 0.93125 0.25925925925925924 0.043055555555555555
