0 0.18333333333333335 0.040625 0.2351851851851852 0.04930555555555556
0 0.20601851851851852 0.1125 0.26203703703703707 0.04722222222222222
0 0.1912037037037037 0.18194444444444446 0.23796296296296296 0.04722222222222222
0 0.20601851851851852 0.24548611111111113 0.28240740740740744 0.04097222222222222
0 0.17962962962962964 0.3107638888888889 0.2240740740740741 0.05763888888888889
0 0.20462962962962963 0.3770833333333333 0.24814814814814815 0.05416666666666667
0 0.18935185185185185 0.43472222222222223 0.22685185185185186 0.04861111111111111
0 0.17962962962962964 0.5003472222222223 0.22592592592592595 0.05625
0 0.21296296296296297 0.5586805555555556 0.29074074074074074 0.03958333333333333
0 0.1953703703703704 0.6190972222222223 0.26481481481481484 0.050694444444444445
0 0.19675925925925927 0.6822916666666667 0.287962962962963 0.04236111111111111
0 0.19907407407407407 0.7399305555555555 0.26851851851851855 0.04791666666666667
0 0.17777777777777778 0.8034722222222223 0.23703703703703705 0.059722222222222225
0 0.1837962962962963 0.8649305555555555 0.24722222222222223 0.05625
0 0.1763888888888889 0.9416666666666667 0.2564814814814815 0.05416666666666667
0 0.549074074074074 0.026041666666666668 0.3148148148148148 0.050694444444444445
0 0.5277777777777778 0.10312500000000001 0.2574074074074074 0.05902777777777778
0 0.5115740740740741 0.17222222222222222 0.2564814814814815 0.05416666666666667
0 0.549074074074074 0.246875 0.32592592592592595 0.05763888888888889
0 0.5041666666666667 0.30520833333333336 0.2175925925925926 0.04652777777777778
0 0.5050925925925926 0.3732638888888889 0.23240740740740742 0.050694444444444445
0 0.5356481481481482 0.43333333333333335 0.30462962962962964 0.044444444444444446
0 0.5041666666666667 0.4965277777777778 0.23425925925925928 0.051388888888888894
0 0.5361111111111111 0.5569444444444445 0.29814814814814816 0.036111111111111115
0 0.5069444444444444 0.6166666666666667 0.24722222222222223 0.04861111111111111
0 0.4981481481481482 0.6722222222222223 0.21481481481481482 0.05694444444444444
0 0.500462962962963 0.7395833333333334 0.23240740740740742 0.05555555555555556
0 0.524537037037037 0.7989583333333333 0.31203703703703706 0.050694444444444445
0 0.5217592592592593 0.8590277777777778 0.27314814814814814 0.05694444444444444
0 0.5236111111111111 0.9298611111111111 0.28240740740740744 0.04861111111111111
0 0.8407407407407408 0.03680555555555556 0.2 0.05277777777777778
0 0.8430555555555556 0.10451388888888889 0.22685185185185186 0.05486111111111111
0 0.8277777777777778 0.17118055555555556 0.21481481481481482 0.04652777777777778
0 0.8402777777777778 0.23784722222222224 0.21944444444444444 0.052083333333333336
0 0.8305555555555556 0.3079861111111111 0.20925925925925926 0.05763888888888889
0 0.8231481481481482 0.3736111111111111 0.22037037037037038 0.04583333333333334
0 0.8074074074074075 0.43819444444444444 0.1851851851851852 0.04583333333333334
0 0.8319444444444445 0.5010416666666667 0.23611111111111113 0.050694444444444445
0 0.8328703703703704 0.5680555555555555 0.24351851851851852 0.04027777777777778
0 0.8203703703703704 0.6243055555555556 0.23148148148148148 0.05277777777777778
0 0.812962962962963 0.6923611111111111 0.22777777777777777 0.05277777777777778
0 0.8189814814814815 0.7503472222222223 0.24351851851851852 0.04236111111111111
0 0.8180555555555555 0.810763888888889 0.26203703703703707 0.04791666666666667
0 0.8231481481481482 0.8631944444444445 0.26666666666666666 0.04861111111111111
0 0.825462962962963 0.9225694444444444 0.27685185185185185 0.05347222222222223
