0 0.17592592592592593 0.06180555555555556 0.2537037037037037 0.04583333333333334
0 0.1865740740740741 0.11354166666666667 0.2601851851851852 0.04236111111111111
0 0.1763888888888889 0.16666666666666669 0.25277777777777777 0.043055555555555555
0 0.1675925925925926 0.22986111111111113 0.2351851851851852 0.0638888888888889
0 0.20277777777777778 0.2982638888888889 0.32962962962962966 0.04791666666666667
0 0.17592592592592593 0.36041666666666666 0.26666666666666666 0.0375
0 0.16342592592592592 0.43125 0.25277777777777777 0.061111111111111116
0 0.1685185185185185 0.48541666666666666 0.27037037037037037 0.04027777777777778
0 0.1439814814814815 0.5565972222222223 0.22685185185185186 0.05625
0 0.16111111111111112 0.609375 0.26851851851851855 0.043750000000000004
0 0.16111111111111112 0.6677083333333333 0.2611111111111111 0.06319444444444444
0 0.16296296296296298 0.7388888888888889 0.2740740740740741 0.0625
0 0.14537037037037037 0.803125 0.24814814814814815 0.06041666666666667
0 0.16018518518518518 0.8638888888888889 0.2851851851851852 0.06527777777777778
0 0.14814814814814814 0.9409722222222222 0.26851851851851855 0.05416666666666667
0 0.49212962962962964 0.07083333333333333 0.24722222222222223 0.04722222222222222
0 0.47870370370370374 0.13194444444444445 0.21666666666666667 0.05277777777777778
0 0.4916666666666667 0.18645833333333334 0.24814814814814815 0.04652777777777778
0 0.4861111111111111 0.24340277777777777 0.2574074074074074 0.043750000000000004
0 0.4930555555555556 0.30625 0.2638888888888889 0.04861111111111111
0 0.49583333333333335 0.3652777777777778 0.27314814814814814 0.044444444444444446
0 0.5060185185185185 0.42638888888888893 0.28425925925925927 0.05
0 0.4949074074074074 0.4934027777777778 0.2675925925925926 0.05486111111111111
0 0.48055555555555557 0.5538194444444444 0.23703703703703705 0.03680555555555556
0 0.48333333333333334 0.6034722222222223 0.24444444444444446 0.05277777777777778
0 0.48055555555555557 0.6687500000000001 0.2425925925925926 0.05555555555555556
0 0.48379629629629634 0.7329861111111111 0.24166666666666667 0.050694444444444445
0 0.48194444444444445 0.7975694444444444 0.24722222222222223 0.05347222222222223
0 0.5018518518518519 0.8586805555555556 0.2777777777777778 0.05902777777777778
0 0.47731481481481486 0.9208333333333334 0.2564814814814815 0.059722222222222225
0 0.7847222222222222 0.08611111111111111 0.22685185185185186 0.059722222222222225
0 0.8208333333333334 0.14270833333333333 0.28611111111111115 0.043750000000000004
0 0.8 0.19270833333333334 0.26296296296296295 0.050694444444444445
0 0.825462962962963 0.25381944444444443 0.2953703703703704 0.050694444444444445
0 0.7949074074074074 0.30694444444444446 0.23981481481481481 0.04861111111111111
0 0.8050925925925926 0.3704861111111111 0.2601851851851852 0.05486111111111111
0 0.8171296296296297 0.43993055555555555 0.2935185185185185 0.04652777777777778
0 0.8115740740740741 0.49375 0.26944444444444443 0.04583333333333334
0 0.8250000000000001 0.5472222222222223 0.30185185185185187 0.044444444444444446
0 0.837962962962963 0.6107638888888889 0.30185185185185187 0.04652777777777778
0 0.8120370370370371 0.6708333333333334 0.26666666666666666 0.04861111111111111
0 0.8087962962962963 0.7305555555555556 0.26944444444444443 0.051388888888888894
0 0.7847222222222222 0.7965277777777778 0.21944444444444444 0.0625
0 0.8148148148148149 0.8510416666666667 0.28703703703703703 0.050694444444444445
0 0.8087962962962963 0.9288194444444445 0.2675925925925926 0.06041666666666667
