0 0.21851851851851853 0.05243055555555556 0.3037037037037037 0.06597222222222222
0 0.16944444444444445 0.11875000000000001 0.21666666666666667 0.05
0 0.1925925925925926 0.17777777777777778 0.2574074074074074 0.05
0 0.1712962962962963 0.24340277777777777 0.21666666666666667 0.04930555555555556
0 0.17592592592592593 0.3027777777777778 0.25 0.04861111111111111
0 0.1824074074074074 0.37569444444444444 0.2518518518518519 0.058333333333333334
0 0.18055555555555555 0.43472222222222223 0.2574074074074074 0.05
0 0.18611111111111112 0.4899305555555556 0.2518518518518519 0.03958333333333333
0 0.1763888888888889 0.5552083333333333 0.2564814814814815 0.050694444444444445
0 0.16620370370370371 0.6128472222222222 0.23240740740740742 0.050694444444444445
0 0.15555555555555556 0.6704861111111111 0.22592592592592595 0.04652777777777778
0 0.15787037037037038 0.7229166666666667 0.23240740740740742 0.05
0 0.1625 0.7878472222222223 0.23240740740740742 0.06458333333333334
0 0.17962962962962964 0.8628472222222222 0.2925925925925926 0.04652777777777778
0 0.1625 0.9274305555555555 0.2675925925925926 0.043750000000000004
0 0.5166666666666667 0.03333333333333333 0.2814814814814815 0.051388888888888894
0 0.5037037037037038 0.09930555555555556 0.2518518518518519 0.05416666666666667
0 0.5055555555555555 0.16944444444444445 0.2537037037037037 0.05555555555555556
0 0.4847222222222222 0.2388888888888889 0.20462962962962963 0.06527777777777778
0 0.5106481481481482 0.3003472222222222 0.25462962962962965 0.04791666666666667
0 0.5023148148148149 0.36562500000000003 0.2490740740740741 0.06597222222222222
0 0.4814814814814815 0.4371527777777778 0.22592592592592595 0.052083333333333336
0 0.500462962962963 0.48541666666666666 0.25277777777777777 0.05277777777777778
0 0.4861111111111111 0.546875 0.23703703703703705 0.05347222222222223
0 0.48935185185185187 0.607638888888889 0.24722222222222223 0.05416666666666667
0 0.48750000000000004 0.6736111111111112 0.23796296296296296 0.05416666666666667
0 0.4916666666666667 0.7371527777777778 0.24629629629629632 0.050694444444444445
0 0.500925925925926 0.7958333333333334 0.28703703703703703 0.061111111111111116
0 0.5046296296296297 0.859375 0.2888888888888889 0.05763888888888889
0 0.4842592592592593 0.9215277777777778 0.24814814814814815 0.05277777777777778
0 0.8189814814814815 0.03888888888888889 0.2064814814814815 0.05416666666666667
0 0.8101851851851852 0.10694444444444445 0.22962962962962963 0.06527777777777778
0 0.8097222222222222 0.1746527777777778 0.19722222222222224 0.05347222222222223
0 0.8231481481481482 0.2326388888888889 0.25 0.04722222222222222
0 0.8277777777777778 0.30659722222222224 0.2537037037037037 0.06458333333333334
0 0.8125 0.36909722222222224 0.2601851851851852 0.052083333333333336
0 0.8217592592592593 0.4371527777777778 0.2490740740740741 0.05347222222222223
0 0.8037037037037037 0.5041666666666667 0.2574074074074074 0.04861111111111111
0 0.8162037037037038 0.5715277777777777 0.26203703703703707 0.05555555555555556
0 0.799537037037037 0.6298611111111111 0.2101851851851852 0.059722222222222225
0 0.8166666666666667 0.6934027777777778 0.26666666666666666 0.06041666666666667
0 0.8060185185185186 0.7538194444444445 0.2638888888888889 0.06041666666666667
0 0.799537037037037 0.8125 0.24537037037037038 0.04166666666666667
0 0.7949074074074074 0.8722222222222222 0.22685185185185186 0.0625
0 0.7958333333333334 0.9232638888888889 0.25277777777777777 0.04791666666666667
