0 0.8212962962962963 0.10486111111111111 0.26296296296296295 0.05277777777777778
0 0.8472222222222222 0.31145833333333334 0.21296296296296297 0.04513888888888889
0 0.8101851851851852 0.51875 0.312962962962963 0.04722222222222222
0 0.8245370370370371 0.7451388888888889 0.2953703703703704 0.05
0 0.5240740740740741 0.11631944444444445 0.23333333333333334 0.04791666666666667
0 0.4990740740740741 0.3125 0.25925925925925924 0.051388888888888894
0 0.4851851851851852 0.5232638888888889 0.2851851851851852 0.043750000000000004
0 0.4986111111111111 0.7368055555555556 0.27685185185185185 0.05277777777777778
0 0.1800925925925926 0.12152777777777778 0.2972222222222222 0.04583333333333334
0 0.20787037037037037 0.3201388888888889 0.2564814814814815 0.04722222222222222
0 0.17314814814814816 0.5309027777777778 0.3055555555555556 0.04513888888888889
0 0.19583333333333333 0.7381944444444445 0.25092592592592594 0.05277777777777778
