0 0.8782407407407408 0.051736111111111115 0.16944444444444445 0.04236111111111111
0 0.8638888888888889 0.10972222222222222 0.2 0.04027777777777778
0 0.8634259259259259 0.16944444444444445 0.21203703703703705 0.04583333333333334
0 0.8601851851851852 0.22986111111111113 0.21666666666666667 0.05416666666666667
0 0.8712962962962963 0.2947916666666667 0.21296296296296297 0.03958333333333333
0 0.8675925925925926 0.3559027777777778 0.2388888888888889 0.043750000000000004
0 0.8717592592592593 0.41597222222222224 0.22314814814814815 0.03888888888888889
0 0.8657407407407408 0.48194444444444445 0.22222222222222224 0.04166666666666667
0 0.8870370370370371 0.5517361111111111 0.20740740740740743 0.04652777777777778
0 0.8671296296296297 0.6131944444444445 0.23055555555555557 0.04583333333333334
0 0.8893518518518518 0.6770833333333334 0.20462962962962963 0.04027777777777778
0 0.875925925925926 0.7451388888888889 0.22222222222222224 0.05277777777777778
0 0.8560185185185185 0.8072916666666667 0.2638888888888889 0.05486111111111111
0 0.8800925925925926 0.8743055555555556 0.22870370370370371 0.05416666666666667
0 0.8949074074074075 0.9392361111111112 0.2101851851851852 0.04097222222222222
0 0.5597222222222222 0.06041666666666667 0.19166666666666668 0.04861111111111111
0 0.5546296296296297 0.11944444444444445 0.19444444444444445 0.05416666666666667
0 0.5527777777777778 0.18090277777777777 0.21481481481481482 0.04930555555555556
0 0.55 0.240625 0.2 0.04930555555555556
0 0.5453703703703704 0.296875 0.23333333333333334 0.050694444444444445
0 0.5351851851851852 0.3614583333333333 0.2388888888888889 0.03958333333333333
0 0.5324074074074074 0.42291666666666666 0.2388888888888889 0.05
0 0.5537037037037037 0.48888888888888893 0.20370370370370372 0.03888888888888889
0 0.55 0.5493055555555556 0.22037037037037038 0.04583333333333334
0 0.5421296296296296 0.6131944444444445 0.24351851851851852 0.04722222222222222
0 0.5546296296296297 0.6788194444444444 0.21851851851851853 0.04236111111111111
0 0.5439814814814815 0.7399305555555555 0.225 0.04513888888888889
0 0.5476851851851852 0.8048611111111111 0.22314814814814815 0.044444444444444446
0 0.5467592592592593 0.8708333333333333 0.23611111111111113 0.04027777777777778
0 0.5324074074074074 0.9347222222222222 0.2518518518518519 0.05
0 0.22083333333333335 0.075 0.23796296296296296 0.04861111111111111
0 0.23611111111111113 0.13020833333333334 0.19074074074074074 0.04097222222222222
0 0.22916666666666669 0.18333333333333335 0.21574074074074076 0.043055555555555555
0 0.2 0.246875 0.26296296296296295 0.04652777777777778
0 0.23425925925925928 0.3104166666666667 0.20185185185185187 0.043055555555555555
0 0.2125 0.3715277777777778 0.23981481481481481 0.044444444444444446
0 0.22731481481481483 0.42465277777777777 0.2212962962962963 0.03958333333333333
0 0.22916666666666669 0.48506944444444444 0.21574074074074076 0.04652777777777778
0 0.21157407407407408 0.5527777777777778 0.2638888888888889 0.05277777777777778
0 0.20740740740740743 0.6062500000000001 0.2555555555555556 0.051388888888888894
0 0.2050925925925926 0.6760416666666667 0.2638888888888889 0.04236111111111111
0 0.23425925925925928 0.7368055555555556 0.2 0.036111111111111115
0 0.21064814814814817 0.7961805555555556 0.25833333333333336 0.04513888888888889
0 0.20324074074074075 0.8597222222222223 0.2675925925925926 0.043055555555555555
0 0.2175925925925926 0.9142361111111111 0.22592592592592595 0.050694444444444445
