0 0.16527777777777777 0.04236111111111111 0.2212962962962963 0.0375
0 0.16018518518518518 0.10173611111111111 0.22222222222222224 0.043750000000000004
0 0.14537037037037037 0.15486111111111112 0.19074074074074074 0.04583333333333334
0 0.1625 0.21944444444444444 0.23981481481481481 0.04722222222222222
0 0.1513888888888889 0.2888888888888889 0.22870370370370371 0.04027777777777778
0 0.14722222222222223 0.34861111111111115 0.2240740740740741 0.04861111111111111
0 0.15 0.4138888888888889 0.2425925925925926 0.04027777777777778
0 0.1574074074074074 0.47500000000000003 0.23148148148148148 0.044444444444444446
0 0.15462962962962964 0.5388888888888889 0.2240740740740741 0.04861111111111111
0 0.14907407407407408 0.6010416666666667 0.2518518518518519 0.050694444444444445
0 0.1486111111111111 0.6736111111111112 0.24537037037037038 0.04166666666666667
0 0.14814814814814814 0.7427083333333334 0.2425925925925926 0.06041666666666667
0 0.14166666666666666 0.8055555555555556 0.24074074074074076 0.051388888888888894
0 0.16203703703703703 0.8694444444444445 0.26666666666666666 0.05
0 0.1462962962962963 0.935763888888889 0.24074074074074076 0.05625
0 0.46620370370370373 0.04652777777777778 0.19722222222222224 0.04166666666666667
0 0.4740740740740741 0.10520833333333333 0.2388888888888889 0.043750000000000004
0 0.4759259259259259 0.16944444444444445 0.23703703703703705 0.05
0 0.47685185185185186 0.23055555555555557 0.22592592592592595 0.043055555555555555
0 0.4675925925925926 0.2871527777777778 0.20740740740740743 0.05763888888888889
0 0.48240740740740745 0.3513888888888889 0.23333333333333334 0.04722222222222222
0 0.48564814814814816 0.41423611111111114 0.25462962962962965 0.04791666666666667
0 0.4800925925925926 0.4791666666666667 0.23240740740740742 0.04722222222222222
0 0.4666666666666667 0.5409722222222222 0.21851851851851853 0.044444444444444446
0 0.45555555555555555 0.6128472222222222 0.22592592592592595 0.04930555555555556
0 0.4712962962962963 0.6798611111111111 0.2351851851851852 0.05277777777777778
0 0.4708333333333333 0.7402777777777778 0.2175925925925926 0.043055555555555555
0 0.48194444444444445 0.7937500000000001 0.23240740740740742 0.058333333333333334
0 0.4740740740740741 0.8545138888888889 0.24814814814814815 0.04652777777777778
0 0.47453703703703703 0.9315972222222223 0.2490740740740741 0.04791666666666667
0 0.8037037037037037 0.0638888888888889 0.24629629629629632 0.044444444444444446
0 0.7800925925925927 0.12222222222222223 0.20277777777777778 0.043055555555555555
0 0.7939814814814815 0.18090277777777777 0.225 0.04791666666666667
0 0.8037037037037037 0.23958333333333334 0.24814814814814815 0.044444444444444446
0 0.7939814814814815 0.3 0.20462962962962963 0.05277777777777778
0 0.7824074074074074 0.36319444444444443 0.20370370370370372 0.051388888888888894
0 0.7972222222222223 0.421875 0.24444444444444446 0.04930555555555556
0 0.7972222222222223 0.48784722222222227 0.23703703703703705 0.04513888888888889
0 0.8222222222222223 0.5493055555555556 0.2814814814814815 0.04861111111111111
0 0.8180555555555555 0.6086805555555556 0.26944444444444443 0.04097222222222222
0 0.7976851851851852 0.6704861111111111 0.24722222222222223 0.050694444444444445
0 0.7976851851851852 0.7312500000000001 0.2638888888888889 0.04861111111111111
0 0.8050925925925926 0.7982638888888889 0.23796296296296296 0.043750000000000004
0 0.8115740740740741 0.8555555555555556 0.2638888888888889 0.04583333333333334
0 0.7976851851851852 0.9281250000000001 0.24166666666666667 0.05763888888888889
