0 0.16333333333333333 0.639375 0.22 0.043750000000000004
0 0.8883333333333334 0.63875 0.20333333333333334 0.0425
0 0.5016666666666667 0.6375000000000001 0.2566666666666667 0.0475
0 0.8833333333333334 0.5825 0.21000000000000002 0.0375
0 0.15916666666666668 0.58375 0.23500000000000001 0.04
0 0.5175000000000001 0.5806250000000001 0.225 0.04625
0 0.8783333333333334 0.52375 0.21666666666666667 0.04
0 0.5025000000000001 0.530625 0.255 0.04125
0 0.17 0.52875 0.21666666666666667 0.04
0 0.8641666666666667 0.476875 0.2316666666666667 0.03875
0 0.17083333333333334 0.475625 0.22166666666666668 0.03875
0 0.5158333333333334 0.47250000000000003 0.22833333333333336 0.04
0 0.17916666666666667 0.418125 0.20500000000000002 0.03625
0 0.5225000000000001 0.421875 0.21500000000000002 0.03875
0 0.8650000000000001 0.4175 0.23 0.035
0 0.8725 0.36562500000000003 0.21166666666666667 0.03625
0 0.4966666666666667 0.370625 0.26333333333333336 0.03625
0 0.18000000000000002 0.37 0.21333333333333335 0.035
0 0.5233333333333333 0.32 0.21333333333333335 0.035
0 0.18250000000000002 0.320625 0.21166666666666667 0.04125
0 0.8591666666666667 0.31875000000000003 0.22833333333333336 0.0425
0 0.17833333333333334 0.26937500000000003 0.22333333333333336 0.02875
0 0.5241666666666667 0.265625 0.21166666666666667 0.02875
0 0.8658333333333333 0.268125 0.21166666666666667 0.03375
0 0.18166666666666667 0.2175 0.22333333333333336 0.0325
0 0.8600000000000001 0.215625 0.21333333333333335 0.03375
0 0.1875 0.170625 0.21500000000000002 0.03625
0 0.8591666666666667 0.168125 0.20500000000000002 0.03875
0 0.5283333333333333 0.1675 0.20333333333333334 0.0425
0 0.5208333333333334 0.2175 0.20833333333333334 0.0375
