0 0.1814814814814815 0.07013888888888889 0.22037037037037038 0.051388888888888894
0 0.1814814814814815 0.1295138888888889 0.2240740740740741 0.052083333333333336
0 0.17685185185185187 0.19791666666666669 0.2111111111111111 0.058333333333333334
0 0.1763888888888889 0.2690972222222222 0.22685185185185186 0.04791666666666667
0 0.1814814814814815 0.3302083333333333 0.25 0.04513888888888889
0 0.1675925925925926 0.39340277777777777 0.18888888888888888 0.05347222222222223
0 0.1550925925925926 0.4572916666666667 0.18796296296296297 0.050694444444444445
0 0.1550925925925926 0.5194444444444445 0.2064814814814815 0.04861111111111111
0 0.16435185185185186 0.5770833333333334 0.20277777777777778 0.05
0 0.14907407407407408 0.638888888888889 0.19814814814814816 0.05277777777777778
0 0.1550925925925926 0.7027777777777778 0.21944444444444444 0.044444444444444446
0 0.16527777777777777 0.7642361111111111 0.23240740740740742 0.050694444444444445
0 0.16018518518518518 0.834375 0.24444444444444446 0.05763888888888889
0 0.15462962962962964 0.8916666666666667 0.20925925925925926 0.044444444444444446
0 0.1513888888888889 0.9496527777777778 0.21574074074074076 0.03819444444444445
0 0.5125000000000001 0.06145833333333334 0.23981481481481481 0.04791666666666667
0 0.49953703703703706 0.13333333333333333 0.22870370370370371 0.04583333333333334
0 0.4810185185185185 0.19756944444444446 0.2138888888888889 0.04513888888888889
0 0.4990740740740741 0.2635416666666667 0.22592592592592595 0.035416666666666666
0 0.4902777777777778 0.33298611111111115 0.21574074074074076 0.04236111111111111
0 0.4939814814814815 0.39895833333333336 0.2175925925925926 0.043750000000000004
0 0.5 0.46111111111111114 0.25 0.05
0 0.46851851851851856 0.525 0.21666666666666667 0.04583333333333334
0 0.47685185185185186 0.5923611111111111 0.21666666666666667 0.05416666666666667
0 0.46851851851851856 0.6520833333333333 0.19814814814814816 0.044444444444444446
0 0.45833333333333337 0.7100694444444444 0.17222222222222222 0.03958333333333333
0 0.46296296296296297 0.7739583333333334 0.20370370370370372 0.052083333333333336
0 0.46620370370370373 0.8350694444444445 0.21203703703703705 0.04097222222222222
0 0.45925925925925926 0.9027777777777778 0.2111111111111111 0.043055555555555555
0 0.4763888888888889 0.9590277777777778 0.23425925925925928 0.04166666666666667
0 0.8462962962962963 0.06423611111111112 0.22777777777777777 0.05486111111111111
0 0.8365740740740741 0.1357638888888889 0.2138888888888889 0.050694444444444445
0 0.8356481481481481 0.19930555555555557 0.225 0.04861111111111111
0 0.8449074074074074 0.26631944444444444 0.2490740740740741 0.05347222222222223
0 0.837962962962963 0.33263888888888893 0.24629629629629632 0.04166666666666667
0 0.8398148148148148 0.40868055555555555 0.2518518518518519 0.052083333333333336
0 0.8333333333333334 0.47118055555555555 0.25 0.043750000000000004
0 0.826388888888889 0.5375 0.2564814814814815 0.04722222222222222
0 0.8180555555555555 0.6017361111111111 0.24166666666666667 0.04097222222222222
0 0.8208333333333334 0.6708333333333334 0.25833333333333336 0.05694444444444444
0 0.813425925925926 0.728125 0.23796296296296296 0.043750000000000004
0 0.8199074074074074 0.7930555555555556 0.26203703703703707 0.05277777777777778
0 0.8111111111111111 0.853125 0.2574074074074074 0.05625
0 0.7972222222222223 0.915625 0.2388888888888889 0.04930555555555556
