0 0.1462962962962963 0.04201388888888889 0.21666666666666667 0.03819444444444445
0 0.15324074074074073 0.10208333333333333 0.22685185185185186 0.05277777777777778
0 0.1476851851851852 0.16631944444444446 0.22870370370370371 0.04652777777777778
0 0.15416666666666667 0.2267361111111111 0.24166666666666667 0.04791666666666667
0 0.14166666666666666 0.29756944444444444 0.23333333333333334 0.043750000000000004
0 0.15231481481481482 0.35833333333333334 0.24166666666666667 0.04722222222222222
0 0.13796296296296298 0.4277777777777778 0.22222222222222224 0.051388888888888894
0 0.13564814814814816 0.49375 0.2101851851851852 0.04583333333333334
0 0.13472222222222222 0.5576388888888889 0.2101851851851852 0.04027777777777778
0 0.13796296296296298 0.6218750000000001 0.22222222222222224 0.04513888888888889
0 0.16203703703703703 0.6940972222222223 0.2777777777777778 0.052083333333333336
0 0.13240740740740742 0.7548611111111111 0.21851851851851853 0.04583333333333334
0 0.14583333333333334 0.8197916666666667 0.24722222222222223 0.05347222222222223
0 0.10694444444444445 0.8871527777777778 0.16574074074074074 0.052083333333333336
0 0.14305555555555557 0.946875 0.25462962962962965 0.04513888888888889
0 0.4851851851851852 0.04583333333333334 0.2351851851851852 0.044444444444444446
0 0.4726851851851852 0.11111111111111112 0.22314814814814815 0.036111111111111115
0 0.47870370370370374 0.17118055555555556 0.25 0.04513888888888889
0 0.4777777777777778 0.23784722222222224 0.24074074074074076 0.04791666666666667
0 0.47222222222222227 0.30208333333333337 0.22592592592592595 0.04722222222222222
0 0.475462962962963 0.36770833333333336 0.22685185185185186 0.04930555555555556
0 0.4777777777777778 0.43368055555555557 0.23148148148148148 0.04236111111111111
0 0.48842592592592593 0.48680555555555555 0.2675925925925926 0.043055555555555555
0 0.4810185185185185 0.5572916666666667 0.24351851851851852 0.04652777777777778
0 0.4791666666666667 0.6180555555555556 0.24351851851851852 0.04027777777777778
0 0.4625 0.6847222222222222 0.2064814814814815 0.04583333333333334
0 0.487962962962963 0.75 0.2611111111111111 0.04722222222222222
0 0.48750000000000004 0.8131944444444444 0.2638888888888889 0.04722222222222222
0 0.4953703703703704 0.8729166666666667 0.27037037037037037 0.03888888888888889
0 0.4675925925925926 0.9520833333333334 0.20925925925925926 0.04861111111111111
0 0.8074074074074075 0.06354166666666666 0.25 0.03958333333333333
0 0.8060185185185186 0.11840277777777779 0.23981481481481481 0.04097222222222222
0 0.8106481481481482 0.18229166666666669 0.2490740740740741 0.04791666666666667
0 0.8013888888888889 0.24131944444444445 0.23055555555555557 0.043750000000000004
0 0.8050925925925926 0.3104166666666667 0.23981481481481481 0.04722222222222222
0 0.813425925925926 0.36909722222222224 0.25092592592592594 0.04652777777777778
0 0.7935185185185185 0.4309027777777778 0.20925925925925926 0.04652777777777778
0 0.826388888888889 0.4871527777777778 0.27685185185185185 0.04513888888888889
0 0.8097222222222222 0.5576388888888889 0.24166666666666667 0.044444444444444446
0 0.8032407407407408 0.6177083333333333 0.225 0.03958333333333333
0 0.8125 0.6784722222222223 0.2638888888888889 0.051388888888888894
0 0.813425925925926 0.7395833333333334 0.23425925925925928 0.044444444444444446
0 0.8166666666666667 0.803125 0.2555555555555556 0.052083333333333336
0 0.8148148148148149 0.8767361111111112 0.2740740740740741 0.04791666666666667
0 0.8041666666666667 0.9302083333333334 0.23611111111111113 0.04513888888888889
