0 0.8194444444444445 0.07465277777777778 0.2777777777777778 0.04236111111111111
0 0.8425925925925927 0.13645833333333335 0.2425925925925926 0.04513888888888889
0 0.850462962962963 0.19895833333333335 0.2212962962962963 0.043750000000000004
0 0.8606481481481482 0.2607638888888889 0.22314814814814815 0.04236111111111111
0 0.8430555555555556 0.3138888888888889 0.25092592592592594 0.05
0 0.8569444444444445 0.39305555555555555 0.23425925925925928 0.058333333333333334
0 0.8495370370370371 0.4527777777777778 0.2564814814814815 0.04722222222222222
0 0.850925925925926 0.5142361111111111 0.26296296296296295 0.05763888888888889
0 0.8564814814814815 0.5732638888888889 0.2518518518518519 0.04930555555555556
0 0.8597222222222223 0.6350694444444445 0.23240740740740742 0.05347222222222223
0 0.8606481481481482 0.7052083333333333 0.23611111111111113 0.04097222222222222
0 0.8476851851851852 0.7597222222222223 0.2601851851851852 0.05277777777777778
0 0.8652777777777778 0.8309027777777778 0.2212962962962963 0.050694444444444445
0 0.851388888888889 0.8909722222222223 0.2490740740740741 0.043055555555555555
0 0.8671296296296297 0.9645833333333333 0.20833333333333334 0.058333333333333334
0 0.525462962962963 0.07048611111111111 0.21203703703703705 0.04791666666666667
0 0.5421296296296296 0.134375 0.21944444444444444 0.05625
0 0.524537037037037 0.19444444444444445 0.23796296296296296 0.04722222222222222
0 0.5259259259259259 0.2559027777777778 0.2555555555555556 0.04930555555555556
0 0.5365740740740741 0.32395833333333335 0.22314814814814815 0.04791666666666667
0 0.5240740740740741 0.3819444444444445 0.24444444444444446 0.05
0 0.537962962962963 0.45069444444444445 0.21851851851851853 0.04722222222222222
0 0.5370370370370371 0.5111111111111112 0.2111111111111111 0.043055555555555555
0 0.5337962962962963 0.5732638888888889 0.22870370370370371 0.05347222222222223
0 0.5476851851851852 0.6413194444444444 0.19722222222222224 0.04930555555555556
0 0.5282407407407408 0.7055555555555556 0.24166666666666667 0.04861111111111111
0 0.5333333333333333 0.7666666666666667 0.23333333333333334 0.04583333333333334
0 0.5472222222222223 0.8295138888888889 0.20555555555555557 0.04652777777777778
0 0.524537037037037 0.890625 0.2490740740740741 0.04652777777777778
0 0.5236111111111111 0.9527777777777778 0.23796296296296296 0.04722222222222222
0 0.1875 0.06180555555555556 0.2490740740740741 0.04166666666666667
0 0.19768518518518519 0.12916666666666668 0.21574074074074076 0.04722222222222222
0 0.18333333333333335 0.18784722222222222 0.24814814814814815 0.04097222222222222
0 0.19305555555555556 0.253125 0.24537037037037038 0.052083333333333336
0 0.1902777777777778 0.32083333333333336 0.23425925925925928 0.034722222222222224
0 0.19212962962962965 0.38472222222222224 0.23611111111111113 0.04861111111111111
0 0.19907407407407407 0.45590277777777777 0.23333333333333334 0.04791666666666667
0 0.2013888888888889 0.515625 0.21944444444444444 0.052083333333333336
0 0.20972222222222223 0.5805555555555556 0.2175925925925926 0.05277777777777778
0 0.2101851851851852 0.646875 0.21666666666666667 0.04652777777777778
0 0.21157407407407408 0.7152777777777778 0.20092592592592592 0.04166666666666667
0 0.21851851851851853 0.7753472222222223 0.20740740740740743 0.04097222222222222
0 0.20370370370370372 0.8368055555555556 0.21851851851851853 0.04027777777777778
0 0.19768518518518519 0.904513888888889 0.23055555555555557 0.04513888888888889
0 0.19814814814814816 0.9625 0.23148148148148148 0.04722222222222222
