0 0.7736111111111111 0.07048611111111111 0.21203703703703705 0.043750000000000004
0 0.7722222222222223 0.1277777777777778 0.21851851851851853 0.043055555555555555
0 0.7796296296296297 0.19270833333333334 0.21296296296296297 0.04652777777777778
0 0.7768518518518519 0.25 0.20370370370370372 0.043055555555555555
0 0.7773148148148148 0.3079861111111111 0.20833333333333334 0.04930555555555556
0 0.7847222222222222 0.36423611111111115 0.20277777777777778 0.04652777777777778
0 0.7842592592592593 0.42812500000000003 0.1962962962962963 0.03958333333333333
0 0.7819444444444444 0.4871527777777778 0.21574074074074076 0.04097222222222222
0 0.7861111111111111 0.5520833333333334 0.1962962962962963 0.04166666666666667
0 0.7875 0.6104166666666667 0.20462962962962963 0.04027777777777778
0 0.7680555555555556 0.6739583333333333 0.25092592592592594 0.03958333333333333
0 0.774537037037037 0.7319444444444445 0.23796296296296296 0.04722222222222222
0 0.7833333333333333 0.7986111111111112 0.22962962962962963 0.04583333333333334
0 0.7921296296296296 0.8600694444444444 0.21574074074074076 0.043750000000000004
0 0.7796296296296297 0.9263888888888889 0.23148148148148148 0.051388888888888894
0 0.46296296296296297 0.060069444444444446 0.22222222222222224 0.05486111111111111
0 0.48333333333333334 0.12847222222222224 0.1962962962962963 0.043055555555555555
0 0.4689814814814815 0.18472222222222223 0.22314814814814815 0.036111111111111115
0 0.46805555555555556 0.24791666666666667 0.22314814814814815 0.04583333333333334
0 0.4726851851851852 0.31006944444444445 0.19722222222222224 0.04097222222222222
0 0.4620370370370371 0.375 0.22037037037037038 0.05
0 0.4828703703703704 0.43368055555555557 0.16944444444444445 0.04097222222222222
0 0.46435185185185185 0.4920138888888889 0.23425925925925928 0.04513888888888889
0 0.4638888888888889 0.5527777777777778 0.22037037037037038 0.04861111111111111
0 0.46296296296296297 0.6107638888888889 0.2240740740740741 0.04236111111111111
0 0.46342592592592596 0.6746527777777778 0.225 0.04236111111111111
0 0.46111111111111114 0.7388888888888889 0.24074074074074076 0.05
0 0.47314814814814815 0.8027777777777778 0.21851851851851853 0.04722222222222222
0 0.47314814814814815 0.8645833333333334 0.2111111111111111 0.03888888888888889
0 0.4601851851851852 0.9270833333333334 0.24074074074074076 0.04722222222222222
0 0.15 0.06423611111111112 0.2240740740740741 0.043750000000000004
0 0.16712962962962963 0.12291666666666667 0.18796296296296297 0.04722222222222222
0 0.14722222222222223 0.1840277777777778 0.22777777777777777 0.04166666666666667
0 0.18287037037037038 0.24131944444444445 0.16944444444444445 0.043750000000000004
0 0.1615740740740741 0.31006944444444445 0.19722222222222224 0.043750000000000004
0 0.17407407407407408 0.37083333333333335 0.19074074074074074 0.04722222222222222
0 0.14027777777777778 0.434375 0.2564814814814815 0.03958333333333333
0 0.16296296296296298 0.4920138888888889 0.20925925925925926 0.043750000000000004
0 0.1550925925925926 0.5454861111111111 0.22685185185185186 0.04513888888888889
0 0.15416666666666667 0.6138888888888889 0.2101851851851852 0.04027777777777778
0 0.1550925925925926 0.6722222222222223 0.24351851851851852 0.044444444444444446
0 0.1564814814814815 0.7416666666666667 0.22592592592592595 0.051388888888888894
0 0.15601851851851853 0.803125 0.2138888888888889 0.04236111111111111
0 0.1513888888888889 0.8631944444444445 0.21574074074074076 0.05
0 0.1462962962962963 0.9239583333333333 0.24074074074074076 0.05486111111111111
