0 0.18055555555555555 0.11493055555555556 0.22962962962962963 0.04236111111111111
0 0.1763888888888889 0.3232638888888889 0.23611111111111113 0.043750000000000004
0 0.18287037037037038 0.5347222222222222 0.23240740740740742 0.04722222222222222
0 0.1736111111111111 0.7520833333333333 0.23611111111111113 0.04722222222222222
0 0.48750000000000004 0.11701388888888889 0.2138888888888889 0.04513888888888889
0 0.5013888888888889 0.32083333333333336 0.23055555555555557 0.03888888888888889
0 0.5027777777777778 0.5274305555555556 0.24074074074074076 0.04513888888888889
0 0.513425925925926 0.7440972222222223 0.2601851851851852 0.03680555555555556
0 0.7814814814814816 0.1295138888888889 0.2 0.03958333333333333
0 0.8143518518518519 0.32534722222222223 0.25462962962962965 0.043750000000000004
0 0.8148148148148149 0.5263888888888889 0.24074074074074076 0.04722222222222222
0 0.8138888888888889 0.7340277777777778 0.23148148148148148 0.051388888888888894
