0 0.18981481481481483 0.10312500000000001 0.2425925925925926 0.03958333333333333
0 0.17222222222222222 0.16111111111111112 0.21296296296296297 0.03888888888888889
0 0.1574074074074074 0.2152777777777778 0.1814814814814815 0.034722222222222224
0 0.15601851851851853 0.2711805555555556 0.17685185185185187 0.04097222222222222
0 0.15462962962962964 0.33055555555555555 0.17407407407407408 0.04027777777777778
0 0.1537037037037037 0.3885416666666667 0.17777777777777778 0.035416666666666666
0 0.16481481481481483 0.44722222222222224 0.2 0.03888888888888889
0 0.17592592592592593 0.5069444444444444 0.22222222222222224 0.036111111111111115
0 0.1712962962962963 0.5628472222222223 0.20925925925925926 0.04236111111111111
0 0.16064814814814815 0.6253472222222223 0.1953703703703704 0.03819444444444445
0 0.15092592592592594 0.6881944444444444 0.1814814814814815 0.04583333333333334
0 0.16018518518518518 0.7440972222222223 0.19444444444444445 0.03958333333333333
0 0.15833333333333333 0.80625 0.2 0.03888888888888889
0 0.1615740740740741 0.8649305555555555 0.20092592592592592 0.04236111111111111
0 0.15462962962962964 0.9288194444444445 0.18333333333333335 0.043750000000000004
0 0.47314814814814815 0.10416666666666667 0.22222222222222224 0.036111111111111115
0 0.4569444444444445 0.16180555555555556 0.19351851851851853 0.036111111111111115
0 0.4703703703703704 0.21458333333333335 0.2240740740740741 0.0375
0 0.47175925925925927 0.27083333333333337 0.21203703703703705 0.04027777777777778
0 0.46435185185185185 0.328125 0.2101851851851852 0.03819444444444445
0 0.45231481481481484 0.38680555555555557 0.18796296296296297 0.03333333333333333
0 0.4666666666666667 0.4479166666666667 0.2111111111111111 0.04722222222222222
0 0.45046296296296295 0.5045138888888889 0.17500000000000002 0.03958333333333333
0 0.45092592592592595 0.560763888888889 0.17037037037037037 0.035416666666666666
0 0.46064814814814814 0.6184027777777779 0.18981481481481483 0.043750000000000004
0 0.4703703703703704 0.6809027777777779 0.21851851851851853 0.03819444444444445
0 0.48935185185185187 0.7395833333333334 0.25462962962962965 0.04583333333333334
0 0.4708333333333333 0.7989583333333333 0.2101851851851852 0.04236111111111111
0 0.4666666666666667 0.857638888888889 0.20555555555555557 0.04861111111111111
0 0.46944444444444444 0.9215277777777778 0.19814814814814816 0.043055555555555555
0 0.7416666666666667 0.10034722222222223 0.17962962962962964 0.04097222222222222
0 0.7337962962962963 0.15694444444444444 0.1564814814814815 0.0375
0 0.7490740740740741 0.21145833333333333 0.18703703703703706 0.03402777777777778
0 0.7712962962962964 0.2701388888888889 0.23703703703703705 0.034722222222222224
0 0.7550925925925926 0.3277777777777778 0.18425925925925926 0.034722222222222224
0 0.7472222222222222 0.3836805555555556 0.1685185185185185 0.03958333333333333
0 0.7416666666666667 0.4392361111111111 0.1537037037037037 0.03680555555555556
0 0.7490740740740741 0.5 0.16666666666666669 0.04166666666666667
0 0.7865740740740741 0.5559027777777777 0.2490740740740741 0.03819444444444445
0 0.7791666666666667 0.6142361111111111 0.225 0.03402777777777778
0 0.7689814814814815 0.6722222222222223 0.21203703703703705 0.03888888888888889
0 0.7699074074074075 0.7315972222222222 0.1953703703703704 0.03125
0 0.7537037037037038 0.7916666666666667 0.17592592592592593 0.04027777777777778
0 0.775462962962963 0.8538194444444445 0.20092592592592592 0.04097222222222222
0 0.788425925925926 0.9100694444444445 0.24351851851851852 0.04513888888888889
