0 0.19074074074074074 0.07361111111111111 0.2351851851851852 0.05
0 0.20601851851851852 0.13194444444444445 0.28240740740740744 0.04861111111111111
0 0.19351851851851853 0.18958333333333335 0.2388888888888889 0.043055555555555555
0 0.1685185185185185 0.2555555555555556 0.20555555555555557 0.05416666666666667
0 0.1962962962962963 0.3111111111111111 0.2537037037037037 0.04027777777777778
0 0.19861111111111113 0.3715277777777778 0.2490740740740741 0.051388888888888894
0 0.19398148148148148 0.43506944444444445 0.25092592592592594 0.052083333333333336
0 0.16712962962962963 0.49444444444444446 0.18981481481481483 0.04166666666666667
0 0.1875 0.5579861111111112 0.23055555555555557 0.05347222222222223
0 0.17824074074074076 0.6184027777777779 0.2175925925925926 0.04930555555555556
0 0.19074074074074074 0.6802083333333334 0.2388888888888889 0.05486111111111111
0 0.18472222222222223 0.7381944444444445 0.23425925925925928 0.04722222222222222
0 0.19675925925925927 0.8003472222222222 0.2601851851851852 0.050694444444444445
0 0.1736111111111111 0.8631944444444445 0.2175925925925926 0.04722222222222222
0 0.15601851851851853 0.9256944444444445 0.18981481481481483 0.07222222222222223
0 0.5050925925925926 0.06875 0.22685185185185186 0.04722222222222222
0 0.5194444444444445 0.1329861111111111 0.26666666666666666 0.04930555555555556
0 0.5148148148148148 0.19340277777777778 0.2611111111111111 0.03819444444444445
0 0.4962962962962963 0.25 0.21666666666666667 0.03888888888888889
0 0.4935185185185185 0.3121527777777778 0.23333333333333334 0.04513888888888889
0 0.5018518518518519 0.37604166666666666 0.22962962962962963 0.052083333333333336
0 0.48888888888888893 0.4340277777777778 0.20740740740740743 0.04861111111111111
0 0.4949074074074074 0.48923611111111115 0.22314814814814815 0.03958333333333333
0 0.500925925925926 0.5565972222222223 0.24444444444444446 0.043750000000000004
0 0.500925925925926 0.6125 0.2351851851851852 0.04861111111111111
0 0.49259259259259264 0.6739583333333333 0.20925925925925926 0.06041666666666667
0 0.5018518518518519 0.7354166666666667 0.2351851851851852 0.051388888888888894
0 0.5018518518518519 0.7993055555555556 0.21851851851851853 0.04722222222222222
0 0.48750000000000004 0.8600694444444444 0.2138888888888889 0.052083333333333336
0 0.47175925925925927 0.921875 0.18796296296296297 0.050694444444444445
0 0.8013888888888889 0.07152777777777779 0.20277777777777778 0.05
0 0.8199074074074074 0.13229166666666667 0.22685185185185186 0.052083333333333336
0 0.8203703703703704 0.19166666666666668 0.23148148148148148 0.043055555555555555
0 0.8069444444444445 0.25243055555555555 0.2138888888888889 0.04652777777777778
0 0.812962962962963 0.31180555555555556 0.2240740740740741 0.04027777777777778
0 0.7930555555555556 0.37430555555555556 0.18981481481481483 0.05416666666666667
0 0.8050925925925926 0.43333333333333335 0.20833333333333334 0.043055555555555555
0 0.8231481481481482 0.49444444444444446 0.24629629629629632 0.04583333333333334
0 0.8009259259259259 0.5496527777777778 0.20925925925925926 0.04652777777777778
0 0.8101851851851852 0.6173611111111111 0.22962962962962963 0.05416666666666667
0 0.8310185185185186 0.6802083333333334 0.2638888888888889 0.04930555555555556
0 0.8069444444444445 0.7392361111111111 0.20092592592592592 0.04652777777777778
0 0.8291666666666667 0.8024305555555555 0.2601851851851852 0.05486111111111111
0 0.8217592592592593 0.86875 0.225 0.058333333333333334
0 0.8319444444444445 0.9326388888888889 0.25462962962962965 0.05555555555555556
