0 0.7944444444444445 0.10451388888888889 0.24629629629629632 0.06041666666666667
0 0.7958333333333334 0.3246527777777778 0.225 0.05347222222222223
0 0.7796296296296297 0.5520833333333334 0.26666666666666666 0.05694444444444444
0 0.8027777777777778 0.765625 0.26481481481481484 0.05486111111111111
0 0.47361111111111115 0.10069444444444445 0.24351851851851852 0.05555555555555556
0 0.49583333333333335 0.3375 0.2064814814814815 0.06805555555555556
0 0.47962962962962963 0.5527777777777778 0.23703703703703705 0.051388888888888894
0 0.5018518518518519 0.765625 0.2240740740740741 0.05763888888888889
0 0.13935185185185187 0.09965277777777778 0.25833333333333336 0.04930555555555556
0 0.15092592592592594 0.33194444444444443 0.24444444444444446 0.059722222222222225
0 0.16666666666666669 0.5541666666666667 0.23703703703703705 0.058333333333333334
0 0.16620370370370371 0.7722222222222223 0.24166666666666667 0.07083333333333333
