0 0.7916666666666667 0.07118055555555555 0.2351851851851852 0.05347222222222223
0 0.7990740740740742 0.13333333333333333 0.20370370370370372 0.04722222222222222
0 0.7680555555555556 0.19722222222222224 0.26944444444444443 0.04166666666666667
0 0.7791666666666667 0.25972222222222224 0.25833333333333336 0.04583333333333334
0 0.7694444444444445 0.31319444444444444 0.27592592592592596 0.04722222222222222
0 0.7777777777777778 0.3819444444444445 0.2351851851851852 0.044444444444444446
0 0.7625000000000001 0.44236111111111115 0.2638888888888889 0.03888888888888889
0 0.8023148148148148 0.4996527777777778 0.18425925925925926 0.050694444444444445
0 0.7736111111111111 0.5652777777777778 0.23611111111111113 0.05277777777777778
0 0.7763888888888889 0.6208333333333333 0.24351851851851852 0.04027777777777778
0 0.8083333333333333 0.6774305555555555 0.20185185185185187 0.04930555555555556
0 0.799537037037037 0.7423611111111111 0.2064814814814815 0.058333333333333334
0 0.8064814814814815 0.8055555555555556 0.19444444444444445 0.04722222222222222
0 0.7759259259259259 0.8618055555555556 0.2555555555555556 0.04583333333333334
0 0.7925925925925926 0.9281250000000001 0.2351851851851852 0.05625
0 0.47500000000000003 0.06145833333333334 0.24444444444444446 0.05486111111111111
0 0.48935185185185187 0.13402777777777777 0.20277777777777778 0.043055555555555555
0 0.4675925925925926 0.19756944444444446 0.24444444444444446 0.04652777777777778
0 0.4638888888888889 0.25798611111111114 0.23333333333333334 0.050694444444444445
0 0.46851851851851856 0.3197916666666667 0.2425925925925926 0.05625
0 0.47222222222222227 0.375 0.23703703703703705 0.044444444444444446
0 0.46296296296296297 0.44097222222222227 0.2518518518518519 0.03888888888888889
0 0.4625 0.5048611111111111 0.2564814814814815 0.05555555555555556
0 0.4675925925925926 0.5652777777777778 0.23148148148148148 0.051388888888888894
0 0.45972222222222225 0.6277777777777778 0.25462962962962965 0.05416666666666667
0 0.4810185185185185 0.6829861111111112 0.22314814814814815 0.043750000000000004
0 0.47685185185185186 0.7479166666666667 0.2388888888888889 0.051388888888888894
0 0.46990740740740744 0.80625 0.24722222222222223 0.04722222222222222
0 0.46944444444444444 0.8628472222222222 0.24629629629629632 0.04930555555555556
0 0.46064814814814814 0.925 0.28055555555555556 0.04583333333333334
0 0.17453703703703705 0.065625 0.18055555555555555 0.05486111111111111
0 0.15185185185185185 0.13368055555555555 0.22037037037037038 0.05625
0 0.16805555555555557 0.19375 0.20277777777777778 0.05
0 0.17175925925925928 0.25243055555555555 0.19351851851851853 0.050694444444444445
0 0.17685185185185187 0.3197916666666667 0.1851851851851852 0.04652777777777778
0 0.17916666666666667 0.3840277777777778 0.18796296296296297 0.036111111111111115
0 0.15185185185185185 0.4416666666666667 0.24629629629629632 0.051388888888888894
0 0.16296296296296298 0.5041666666666667 0.2351851851851852 0.044444444444444446
0 0.16111111111111112 0.5635416666666667 0.23703703703703705 0.04652777777777778
0 0.15972222222222224 0.6347222222222223 0.23240740740740742 0.044444444444444446
0 0.16296296296296298 0.6916666666666667 0.24444444444444446 0.05277777777777778
0 0.15185185185185185 0.7486111111111111 0.26296296296296295 0.044444444444444446
0 0.16296296296296298 0.8159722222222222 0.24444444444444446 0.043055555555555555
0 0.18194444444444446 0.8711805555555556 0.22870370370370371 0.043750000000000004
0 0.17731481481481481 0.9343750000000001 0.22870370370370371 0.043750000000000004
