0 0.8356481481481481 0.06180555555555556 0.2212962962962963 0.04722222222222222
0 0.825462962962963 0.12569444444444444 0.24166666666666667 0.05416666666666667
0 0.8291666666666667 0.1840277777777778 0.24166666666666667 0.043055555555555555
0 0.8560185185185185 0.24270833333333333 0.19166666666666668 0.04652777777777778
0 0.8305555555555556 0.30972222222222223 0.2574074074074074 0.04166666666666667
0 0.8203703703703704 0.36875 0.27037037037037037 0.04583333333333334
0 0.8333333333333334 0.4305555555555556 0.24814814814814815 0.04027777777777778
0 0.825462962962963 0.49756944444444445 0.2490740740740741 0.04097222222222222
0 0.8462962962962963 0.5552083333333333 0.21666666666666667 0.043750000000000004
0 0.8481481481481482 0.6229166666666667 0.21481481481481482 0.051388888888888894
0 0.8231481481481482 0.6784722222222223 0.2740740740740741 0.043055555555555555
0 0.8648148148148148 0.7399305555555555 0.1962962962962963 0.04791666666666667
0 0.8569444444444445 0.8052083333333334 0.20833333333333334 0.04930555555555556
0 0.813425925925926 0.8649305555555555 0.2916666666666667 0.04791666666666667
0 0.8425925925925927 0.93125 0.2351851851851852 0.05
0 0.5430555555555556 0.06319444444444444 0.1787037037037037 0.05555555555555556
0 0.5166666666666667 0.12708333333333333 0.24444444444444446 0.05416666666666667
0 0.4981481481481482 0.19236111111111112 0.2833333333333333 0.043055555555555555
0 0.5365740740740741 0.24861111111111112 0.19166666666666668 0.05277777777777778
0 0.5601851851851852 0.3121527777777778 0.15555555555555556 0.05347222222222223
0 0.5087962962962963 0.37256944444444445 0.24537037037037038 0.04236111111111111
0 0.5504629629629629 0.43159722222222224 0.17314814814814816 0.03819444444444445
0 0.5435185185185185 0.49583333333333335 0.18703703703703706 0.044444444444444446
0 0.5097222222222222 0.5555555555555556 0.2490740740740741 0.044444444444444446
0 0.5314814814814816 0.6135416666666667 0.20555555555555557 0.05902777777777778
0 0.525 0.6736111111111112 0.21851851851851853 0.05
0 0.513888888888889 0.7364583333333333 0.2425925925925926 0.04930555555555556
0 0.5226851851851853 0.8010416666666667 0.22870370370370371 0.052083333333333336
0 0.5078703703703704 0.8586805555555556 0.25092592592592594 0.05486111111111111
0 0.5083333333333333 0.9243055555555556 0.25925925925925924 0.04166666666666667
0 0.1736111111111111 0.06666666666666667 0.30092592592592593 0.043055555555555555
0 0.2050925925925926 0.12812500000000002 0.24722222222222223 0.04930555555555556
0 0.20694444444444446 0.1892361111111111 0.2490740740740741 0.03958333333333333
0 0.24583333333333335 0.2534722222222222 0.1638888888888889 0.05555555555555556
0 0.1800925925925926 0.3111111111111111 0.287962962962963 0.04166666666666667
0 0.21851851851851853 0.3704861111111111 0.22037037037037038 0.05347222222222223
0 0.2476851851851852 0.4322916666666667 0.17685185185185187 0.04513888888888889
0 0.23055555555555557 0.48680555555555555 0.19074074074074074 0.051388888888888894
0 0.22314814814814815 0.5565972222222223 0.21481481481481482 0.04652777777777778
0 0.20787037037037037 0.6090277777777778 0.23611111111111113 0.044444444444444446
0 0.2138888888888889 0.6697916666666667 0.23148148148148148 0.050694444444444445
0 0.22222222222222224 0.7302083333333333 0.21481481481481482 0.043750000000000004
0 0.19351851851851853 0.7940972222222222 0.2851851851851852 0.050694444444444445
0 0.19768518518518519 0.859375 0.275 0.04930555555555556
0 0.2388888888888889 0.9236111111111112 0.1851851851851852 0.061111111111111116
