0 0.53 0.56 0.22 0.0325
0 0.16666666666666669 0.555625 0.2566666666666667 0.051250000000000004
0 0.8541666666666667 0.56625 0.23500000000000001 0.0525
0 0.8591666666666667 0.505625 0.225 0.043750000000000004
0 0.17 0.501875 0.2566666666666667 0.04125
0 0.5375000000000001 0.455 0.21166666666666667 0.03
0 0.8425 0.45875 0.26166666666666666 0.035
0 0.18000000000000002 0.44625000000000004 0.24333333333333335 0.0425
0 0.5341666666666667 0.398125 0.21833333333333335 0.043750000000000004
0 0.8716666666666667 0.408125 0.2 0.03625
0 0.1875 0.3925 0.23833333333333334 0.0375
0 0.525 0.30062500000000003 0.2366666666666667 0.03875
0 0.53 0.255625 0.22666666666666668 0.03125
0 0.5433333333333333 0.20375000000000001 0.20333333333333334 0.0375
0 0.21083333333333334 0.194375 0.21500000000000002 0.03375
0 0.21416666666666667 0.14 0.20833333333333334 0.0375
0 0.5291666666666667 0.093125 0.24500000000000002 0.043750000000000004
0 0.8725 0.111875 0.20500000000000002 0.03875
0 0.8725 0.1575 0.20500000000000002 0.0425
0 0.8625 0.210625 0.21166666666666667 0.04125
0 0.8666666666666667 0.258125 0.2066666666666667 0.03875
0 0.8725 0.31125 0.195 0.045
0 0.8691666666666668 0.36 0.2016666666666667 0.0325
0 0.55 0.14875 0.20333333333333334 0.0425
0 0.5375000000000001 0.35000000000000003 0.21166666666666667 0.0375
0 0.5375000000000001 0.504375 0.21833333333333335 0.03625
0 0.21166666666666667 0.088125 0.21000000000000002 0.03875
0 0.2066666666666667 0.24625 0.22 0.0375
0 0.2025 0.294375 0.21166666666666667 0.03875
0 0.19833333333333333 0.343125 0.21666666666666667 0.03875
