0 0.16083333333333336 0.59 0.2516666666666667 0.0375
0 0.5083333333333334 0.58625 0.24666666666666667 0.0375
0 0.8541666666666667 0.58625 0.24166666666666667 0.045
0 0.8541666666666667 0.536875 0.23833333333333334 0.03625
0 0.5225000000000001 0.5375 0.2783333333333334 0.0375
0 0.16333333333333333 0.5337500000000001 0.25 0.035
0 0.52 0.481875 0.27 0.03625
0 0.8566666666666667 0.48812500000000003 0.25333333333333335 0.03375
0 0.16333333333333333 0.484375 0.24666666666666667 0.03875
0 0.5133333333333334 0.4325 0.24666666666666667 0.035
0 0.8550000000000001 0.436875 0.25333333333333335 0.03875
0 0.17 0.43625 0.2566666666666667 0.0375
0 0.8583333333333334 0.3875 0.26 0.0325
0 0.5133333333333334 0.383125 0.25 0.043750000000000004
0 0.16666666666666669 0.3825 0.24666666666666667 0.04
0 0.8550000000000001 0.3375 0.2566666666666667 0.0375
0 0.515 0.335 0.25 0.0325
0 0.16666666666666669 0.335 0.24666666666666667 0.0325
0 0.8525 0.2925 0.24833333333333335 0.03
0 0.5108333333333334 0.28500000000000003 0.24500000000000002 0.035
0 0.17083333333333334 0.28875 0.24500000000000002 0.0325
0 0.8483333333333334 0.245 0.24333333333333335 0.03
0 0.5091666666666667 0.23875000000000002 0.24166666666666667 0.0325
0 0.17416666666666666 0.234375 0.2516666666666667 0.03625
0 0.8475 0.19625 0.24500000000000002 0.0325
0 0.5091666666666667 0.19187500000000002 0.24166666666666667 0.03125
0 0.17916666666666667 0.185 0.2516666666666667 0.04
0 0.8450000000000001 0.15125 0.24000000000000002 0.03
0 0.51 0.145625 0.24333333333333335 0.03125
0 0.18000000000000002 0.139375 0.25 0.03625
