0 0.7671296296296296 0.059375000000000004 0.26944444444444443 0.04791666666666667
0 0.7851851851851852 0.12986111111111112 0.22962962962962963 0.04861111111111111
0 0.7763888888888889 0.18854166666666666 0.24537037037037038 0.04791666666666667
0 0.7824074074074074 0.25243055555555555 0.24444444444444446 0.05347222222222223
0 0.7986111111111112 0.3121527777777778 0.20462962962962963 0.04513888888888889
0 0.8037037037037037 0.37222222222222223 0.20555555555555557 0.044444444444444446
0 0.788888888888889 0.43506944444444445 0.23703703703703705 0.04097222222222222
0 0.7870370370370371 0.4930555555555556 0.23333333333333334 0.05
0 0.7726851851851853 0.5520833333333334 0.26944444444444443 0.043055555555555555
0 0.7907407407407407 0.6121527777777778 0.24074074074074076 0.052083333333333336
0 0.7824074074074074 0.6725694444444444 0.26666666666666666 0.04652777777777778
0 0.8 0.7315972222222222 0.24629629629629632 0.04097222222222222
0 0.7851851851851852 0.7923611111111112 0.27222222222222225 0.051388888888888894
0 0.7861111111111111 0.857638888888889 0.2796296296296296 0.059722222222222225
0 0.800462962962963 0.9180555555555556 0.2564814814814815 0.05
0 0.4708333333333333 0.06666666666666667 0.23796296296296296 0.044444444444444446
0 0.46296296296296297 0.12569444444444444 0.26481481481481484 0.05
0 0.4652777777777778 0.18680555555555556 0.2657407407407408 0.05
0 0.44907407407407407 0.24722222222222223 0.29444444444444445 0.05555555555555556
0 0.45787037037037037 0.31527777777777777 0.275 0.05555555555555556
0 0.4620370370370371 0.3784722222222222 0.27037037037037037 0.04722222222222222
0 0.4986111111111111 0.4392361111111111 0.20462962962962963 0.052083333333333336
0 0.487962962962963 0.5003472222222223 0.2351851851851852 0.052083333333333336
0 0.45 0.5642361111111112 0.3148148148148148 0.04652777777777778
0 0.4763888888888889 0.6229166666666667 0.25092592592592594 0.05277777777777778
0 0.5189814814814815 0.6854166666666667 0.2064814814814815 0.058333333333333334
0 0.5023148148148149 0.74375 0.22685185185185186 0.04722222222222222
0 0.5069444444444444 0.8111111111111111 0.21574074074074076 0.05694444444444444
0 0.5162037037037037 0.873263888888889 0.2101851851851852 0.052083333333333336
0 0.4986111111111111 0.9402777777777778 0.24537037037037038 0.05694444444444444
0 0.1513888888888889 0.06701388888888889 0.23611111111111113 0.052083333333333336
0 0.1574074074074074 0.1295138888888889 0.23148148148148148 0.04513888888888889
0 0.15185185185185185 0.19409722222222223 0.24814814814814815 0.052083333333333336
0 0.1527777777777778 0.25520833333333337 0.2351851851851852 0.04652777777777778
0 0.1736111111111111 0.31701388888888893 0.2212962962962963 0.043750000000000004
0 0.1615740740740741 0.3770833333333333 0.24351851851851852 0.05277777777777778
0 0.17083333333333334 0.4451388888888889 0.23425925925925928 0.04583333333333334
0 0.1726851851851852 0.5097222222222222 0.24537037037037038 0.05416666666666667
0 0.1685185185185185 0.5725694444444445 0.24074074074074076 0.05347222222222223
0 0.18055555555555555 0.6378472222222222 0.22962962962962963 0.04652777777777778
0 0.17407407407407408 0.6947916666666667 0.2518518518518519 0.052083333333333336
0 0.17314814814814816 0.7649305555555556 0.25 0.06319444444444444
0 0.18425925925925926 0.8256944444444445 0.26296296296296295 0.051388888888888894
0 0.1824074074074074 0.890625 0.2388888888888889 0.04513888888888889
0 0.17592592592592593 0.9479166666666667 0.2611111111111111 0.051388888888888894
