0 0.49000000000000005 0.7156250000000001 0.30000000000000004 0.04625
0 0.165 0.708125 0.30000000000000004 0.051250000000000004
0 0.8266666666666668 0.6531250000000001 0.30000000000000004 0.043750000000000004
0 0.165 0.639375 0.30000000000000004 0.04625
0 0.49000000000000005 0.640625 0.30000000000000004 0.05625
0 0.8266666666666668 0.584375 0.30000000000000004 0.043750000000000004
0 0.4916666666666667 0.58125 0.30000000000000004 0.0525
0 0.16666666666666669 0.574375 0.30000000000000004 0.04875
0 0.8283333333333334 0.520625 0.30000000000000004 0.05625
0 0.16833333333333333 0.514375 0.30000000000000004 0.051250000000000004
0 0.4916666666666667 0.514375 0.30000000000000004 0.051250000000000004
0 0.16833333333333333 0.45125 0.30000000000000004 0.0525
0 0.49333333333333335 0.448125 0.30000000000000004 0.04625
0 0.8283333333333334 0.450625 0.30000000000000004 0.05625
0 0.1716666666666667 0.381875 0.30000000000000004 0.05625
0 0.8266666666666668 0.38625 0.30000000000000004 0.055
0 0.4916666666666667 0.381875 0.30000000000000004 0.04875
0 0.4916666666666667 0.316875 0.30000000000000004 0.04625
0 0.8233333333333334 0.315625 0.30000000000000004 0.051250000000000004
0 0.17333333333333334 0.319375 0.30000000000000004 0.05625
0 0.17666666666666667 0.26375 0.30000000000000004 0.0525
0 0.4916666666666667 0.251875 0.30000000000000004 0.04625
0 0.8250000000000001 0.248125 0.30000000000000004 0.043750000000000004
0 0.17666666666666667 0.195 0.30000000000000004 0.0425
0 0.49333333333333335 0.19 0.30000000000000004 0.0525
0 0.8233333333333334 0.1825 0.30000000000000004 0.0425
0 0.18000000000000002 0.135 0.30000000000000004 0.0475
0 0.49333333333333335 0.128125 0.30000000000000004 0.05625
0 0.8216666666666668 0.11875000000000001 0.30000000000000004 0.0425
0 0.8216666666666668 0.7225 0.30000000000000004 0.0575
