0 0.2016666666666667 0.7418750000000001 0.30000000000000004 0.05625
0 0.5166666666666667 0.735 0.30000000000000004 0.05
0 0.8383333333333334 0.7418750000000001 0.30000000000000004 0.05625
0 0.52 0.67125 0.30000000000000004 0.045
0 0.1991666666666667 0.675625 0.3116666666666667 0.05375
0 0.8366666666666667 0.67 0.30000000000000004 0.0525
0 0.52 0.61125 0.30000000000000004 0.0525
0 0.19416666666666668 0.60875 0.33166666666666667 0.0475
0 0.8366666666666667 0.61125 0.30000000000000004 0.0475
0 0.8333333333333334 0.55125 0.30000000000000004 0.0475
0 0.19083333333333335 0.545 0.335 0.05
0 0.5216666666666667 0.481875 0.30000000000000004 0.04125
0 0.20083333333333334 0.479375 0.3216666666666667 0.051250000000000004
0 0.8316666666666667 0.48 0.30000000000000004 0.0575
0 0.8300000000000001 0.424375 0.30000000000000004 0.04125
0 0.5233333333333333 0.419375 0.30000000000000004 0.04125
0 0.2066666666666667 0.41125 0.31333333333333335 0.06
0 0.8316666666666667 0.36312500000000003 0.30000000000000004 0.04625
0 0.5216666666666667 0.358125 0.30000000000000004 0.04625
0 0.8266666666666668 0.305 0.30000000000000004 0.0475
0 0.5233333333333333 0.299375 0.30000000000000004 0.051250000000000004
0 0.2025 0.280625 0.32833333333333337 0.04125
0 0.8250000000000001 0.2425 0.30000000000000004 0.04
0 0.5216666666666667 0.234375 0.30000000000000004 0.043750000000000004
0 0.21000000000000002 0.216875 0.3166666666666667 0.043750000000000004
0 0.8266666666666668 0.1875 0.30000000000000004 0.055
0 0.5233333333333333 0.17625 0.30000000000000004 0.0525
0 0.1975 0.15812500000000002 0.32833333333333337 0.058750000000000004
0 0.515 0.545 0.29000000000000004 0.04
0 0.19583333333333336 0.35000000000000003 0.31833333333333336 0.04
