0 0.17666666666666667 0.73 0.30000000000000004 0.0525
0 0.5083333333333334 0.718125 0.30000000000000004 0.043750000000000004
0 0.8216666666666668 0.708125 0.30000000000000004 0.04875
0 0.17333333333333334 0.66125 0.30000000000000004 0.055
0 0.8200000000000001 0.64375 0.30000000000000004 0.0425
0 0.5066666666666667 0.645625 0.30000000000000004 0.05375
0 0.17333333333333334 0.595 0.30000000000000004 0.0525
0 0.5066666666666667 0.589375 0.30000000000000004 0.043750000000000004
0 0.8166666666666668 0.575625 0.30000000000000004 0.051250000000000004
0 0.1716666666666667 0.53 0.30000000000000004 0.045
0 0.8150000000000001 0.5181250000000001 0.30000000000000004 0.04625
0 0.5033333333333334 0.521875 0.30000000000000004 0.051250000000000004
0 0.1716666666666667 0.46375 0.30000000000000004 0.0525
0 0.5033333333333334 0.4575 0.30000000000000004 0.05
0 0.8133333333333334 0.455 0.30000000000000004 0.05
0 0.1716666666666667 0.400625 0.30000000000000004 0.04875
0 0.5016666666666667 0.39437500000000003 0.30000000000000004 0.051250000000000004
0 0.8083333333333333 0.3925 0.30000000000000004 0.045
0 0.8083333333333333 0.333125 0.30000000000000004 0.04125
0 0.49833333333333335 0.3325 0.30000000000000004 0.0525
0 0.17500000000000002 0.32875 0.30000000000000004 0.055
0 0.805 0.276875 0.30000000000000004 0.051250000000000004
0 0.4966666666666667 0.27187500000000003 0.30000000000000004 0.051250000000000004
0 0.17 0.26625 0.30000000000000004 0.0525
0 0.805 0.2125 0.30000000000000004 0.05
0 0.1716666666666667 0.205625 0.30000000000000004 0.051250000000000004
0 0.8016666666666667 0.153125 0.30000000000000004 0.04875
0 0.4916666666666667 0.14375000000000002 0.30000000000000004 0.0475
0 0.1716666666666667 0.143125 0.30000000000000004 0.05625
0 0.5 0.206875 0.2966666666666667 0.05375
