0 0.8041666666666667 0.6825 0.3016666666666667 0.05
0 0.48750000000000004 0.6725 0.3016666666666667 0.055
0 0.16166666666666668 0.68625 0.30000000000000004 0.0575
0 0.16166666666666668 0.61875 0.30000000000000004 0.0425
0 0.48500000000000004 0.61625 0.30000000000000004 0.05
0 0.8016666666666667 0.613125 0.30000000000000004 0.05375
0 0.16333333333333333 0.55625 0.30000000000000004 0.0525
0 0.8016666666666667 0.546875 0.30000000000000004 0.043750000000000004
0 0.48333333333333334 0.5493750000000001 0.30000000000000004 0.04875
0 0.16333333333333333 0.489375 0.30000000000000004 0.051250000000000004
0 0.4783333333333334 0.4875 0.30000000000000004 0.05
0 0.8016666666666667 0.478125 0.30000000000000004 0.043750000000000004
0 0.16333333333333333 0.425 0.30000000000000004 0.05
0 0.4783333333333334 0.420625 0.30000000000000004 0.043750000000000004
0 0.8041666666666667 0.413125 0.315 0.04875
0 0.16333333333333333 0.36562500000000003 0.30000000000000004 0.04125
0 0.4783333333333334 0.353125 0.30000000000000004 0.04625
0 0.8091666666666667 0.34 0.33166666666666667 0.055
0 0.16333333333333333 0.301875 0.30000000000000004 0.04125
0 0.4808333333333334 0.29375 0.30833333333333335 0.045
0 0.7916666666666667 0.276875 0.30000000000000004 0.043750000000000004
0 0.4791666666666667 0.22375 0.30833333333333335 0.06
0 0.79 0.21125 0.30000000000000004 0.0425
0 0.16333333333333333 0.179375 0.30000000000000004 0.05375
0 0.47500000000000003 0.15812500000000002 0.2966666666666667 0.05625
0 0.79 0.145 0.30000000000000004 0.0425
0 0.16333333333333333 0.11625 0.30000000000000004 0.055
0 0.47000000000000003 0.1 0.30000000000000004 0.0425
0 0.7866666666666667 0.079375 0.30000000000000004 0.051250000000000004
0 0.16583333333333333 0.23875000000000002 0.2816666666666667 0.0375
