0 0.17833333333333334 0.71375 0.30000000000000004 0.045
0 0.8416666666666667 0.6975 0.30000000000000004 0.045
0 0.5116666666666667 0.708125 0.30000000000000004 0.05625
0 0.18000000000000002 0.645625 0.30000000000000004 0.043750000000000004
0 0.5116666666666667 0.63875 0.30000000000000004 0.045
0 0.8366666666666667 0.63125 0.30000000000000004 0.045
0 0.18000000000000002 0.576875 0.30000000000000004 0.043750000000000004
0 0.5083333333333334 0.57125 0.30000000000000004 0.05
0 0.8316666666666667 0.564375 0.30000000000000004 0.051250000000000004
0 0.18333333333333335 0.5125 0.30000000000000004 0.0525
0 0.5083333333333334 0.505625 0.30000000000000004 0.043750000000000004
0 0.8333333333333334 0.505 0.30000000000000004 0.0525
0 0.18166666666666667 0.443125 0.30000000000000004 0.043750000000000004
0 0.8283333333333334 0.43875000000000003 0.30000000000000004 0.0425
0 0.5066666666666667 0.443125 0.30000000000000004 0.05625
0 0.18333333333333335 0.3775 0.30000000000000004 0.0425
0 0.5066666666666667 0.375 0.30000000000000004 0.0425
0 0.8233333333333334 0.37625000000000003 0.30000000000000004 0.05
0 0.8216666666666668 0.31375000000000003 0.30000000000000004 0.0425
0 0.18500000000000003 0.31375000000000003 0.30000000000000004 0.0425
0 0.5066666666666667 0.306875 0.30000000000000004 0.05625
0 0.18833333333333335 0.251875 0.30000000000000004 0.051250000000000004
0 0.8166666666666668 0.248125 0.30000000000000004 0.051250000000000004
0 0.505 0.24625 0.30000000000000004 0.0425
0 0.8150000000000001 0.19187500000000002 0.30000000000000004 0.04125
0 0.505 0.19 0.30000000000000004 0.05
0 0.18666666666666668 0.18625 0.30000000000000004 0.0525
0 0.8133333333333334 0.13375 0.30000000000000004 0.0525
0 0.19 0.1275 0.30000000000000004 0.0525
0 0.5066666666666667 0.125 0.2966666666666667 0.0575
