0 0.15833333333333335 0.6687500000000001 0.30000000000000004 0.0425
0 0.8091666666666667 0.666875 0.3383333333333334 0.04125
0 0.4783333333333334 0.66625 0.30000000000000004 0.0425
0 0.16166666666666668 0.605 0.30000000000000004 0.0425
0 0.8108333333333334 0.600625 0.34500000000000003 0.04125
0 0.4766666666666667 0.6025 0.30000000000000004 0.0425
0 0.16333333333333333 0.536875 0.30000000000000004 0.051250000000000004
0 0.8 0.535625 0.32333333333333336 0.05375
0 0.16333333333333333 0.481875 0.30000000000000004 0.05375
0 0.4766666666666667 0.476875 0.30000000000000004 0.04875
0 0.7983333333333333 0.469375 0.32 0.04125
0 0.48000000000000004 0.41375 0.30000000000000004 0.0425
0 0.17 0.4175 0.30000000000000004 0.055
0 0.795 0.398125 0.32333333333333336 0.04625
0 0.17333333333333334 0.35875 0.30000000000000004 0.0475
0 0.4766666666666667 0.345625 0.30000000000000004 0.05375
0 0.7966666666666667 0.335625 0.33 0.05625
0 0.17333333333333334 0.295625 0.30000000000000004 0.04125
0 0.4766666666666667 0.286875 0.30000000000000004 0.04625
0 0.7816666666666667 0.275625 0.30000000000000004 0.04875
0 0.18166666666666667 0.233125 0.30000000000000004 0.04625
0 0.4766666666666667 0.22375 0.30000000000000004 0.0525
0 0.7883333333333333 0.211875 0.3166666666666667 0.043750000000000004
0 0.17833333333333334 0.178125 0.30000000000000004 0.04625
0 0.4766666666666667 0.163125 0.30000000000000004 0.04625
0 0.7883333333333333 0.149375 0.3166666666666667 0.05375
0 0.18500000000000003 0.12125 0.30000000000000004 0.0475
0 0.4816666666666667 0.106875 0.30000000000000004 0.04875
0 0.7841666666666667 0.085 0.29833333333333334 0.0375
0 0.48000000000000004 0.538125 0.2966666666666667 0.04625
