0 0.1716666666666667 0.709375 0.30000000000000004 0.04625
0 0.5183333333333333 0.70625 0.30000000000000004 0.0525
0 0.8483333333333334 0.698125 0.30000000000000004 0.04625
0 0.5133333333333334 0.634375 0.30000000000000004 0.04625
0 0.8466666666666667 0.63 0.30000000000000004 0.045
0 0.515 0.564375 0.30000000000000004 0.043750000000000004
0 0.8450000000000001 0.561875 0.30000000000000004 0.043750000000000004
0 0.8416666666666667 0.495 0.30000000000000004 0.0425
0 0.18166666666666667 0.49562500000000004 0.30000000000000004 0.043750000000000004
0 0.5133333333333334 0.494375 0.30000000000000004 0.043750000000000004
0 0.8383333333333334 0.4275 0.30000000000000004 0.0425
0 0.18500000000000003 0.426875 0.30000000000000004 0.043750000000000004
0 0.515 0.42562500000000003 0.30000000000000004 0.043750000000000004
0 0.8366666666666667 0.36375 0.30000000000000004 0.0425
0 0.18666666666666668 0.359375 0.30000000000000004 0.043750000000000004
0 0.5133333333333334 0.358125 0.30000000000000004 0.043750000000000004
0 0.8333333333333334 0.3 0.30000000000000004 0.0425
0 0.5133333333333334 0.293125 0.30000000000000004 0.043750000000000004
0 0.19 0.29125 0.30000000000000004 0.0425
0 0.5166666666666667 0.2275 0.30000000000000004 0.0425
0 0.19333333333333336 0.225 0.30000000000000004 0.0425
0 0.8300000000000001 0.179375 0.30000000000000004 0.05375
0 0.51 0.169375 0.29333333333333333 0.05375
0 0.17916666666666667 0.1 0.255 0.0575
0 0.18666666666666668 0.165625 0.2833333333333333 0.06375
0 0.4816666666666667 0.104375 0.24000000000000002 0.058750000000000004
0 0.7983333333333333 0.115 0.24666666666666667 0.055
0 0.805 0.24 0.24333333333333335 0.055
0 0.1716666666666667 0.561875 0.26 0.058750000000000004
0 0.17250000000000001 0.634375 0.27166666666666667 0.05625
