0 0.18500000000000003 0.6925 0.30000000000000004 0.0425
0 0.5 0.69125 0.30000000000000004 0.0425
0 0.8250000000000001 0.689375 0.30000000000000004 0.043750000000000004
0 0.49833333333333335 0.62375 0.30000000000000004 0.0425
0 0.8233333333333334 0.6218750000000001 0.30000000000000004 0.043750000000000004
0 0.18333333333333335 0.62875 0.30000000000000004 0.0525
0 0.18166666666666667 0.5625 0.30000000000000004 0.0425
0 0.4966666666666667 0.5575 0.30000000000000004 0.0425
0 0.8183333333333334 0.553125 0.30000000000000004 0.043750000000000004
0 0.18500000000000003 0.49875 0.30000000000000004 0.0425
0 0.49500000000000005 0.49125 0.30000000000000004 0.0425
0 0.8166666666666668 0.48562500000000003 0.30000000000000004 0.043750000000000004
0 0.18666666666666668 0.435 0.30000000000000004 0.0425
0 0.49500000000000005 0.42625 0.30000000000000004 0.0425
0 0.8150000000000001 0.418125 0.30000000000000004 0.043750000000000004
0 0.18333333333333335 0.37125 0.30000000000000004 0.0425
0 0.49500000000000005 0.36125 0.30000000000000004 0.0425
0 0.8116666666666668 0.353125 0.30000000000000004 0.04625
0 0.4916666666666667 0.2975 0.30000000000000004 0.0425
0 0.18666666666666668 0.30625 0.30000000000000004 0.05
0 0.81 0.28750000000000003 0.30000000000000004 0.0475
0 0.18500000000000003 0.24625 0.30000000000000004 0.0425
0 0.49333333333333335 0.23500000000000001 0.30000000000000004 0.0425
0 0.8116666666666668 0.22312500000000002 0.30000000000000004 0.04875
0 0.18500000000000003 0.185625 0.30000000000000004 0.04125
0 0.49000000000000005 0.17125 0.30000000000000004 0.0425
0 0.8066666666666668 0.155625 0.30000000000000004 0.04625
0 0.18500000000000003 0.124375 0.30000000000000004 0.04125
0 0.49000000000000005 0.11 0.30000000000000004 0.0425
0 0.7966666666666667 0.095625 0.30333333333333334 0.05625
