0 0.8133333333333334 0.729375 0.30000000000000004 0.043750000000000004
0 0.16333333333333333 0.716875 0.30000000000000004 0.05625
0 0.81 0.661875 0.30000000000000004 0.043750000000000004
0 0.81 0.5975 0.30000000000000004 0.0525
0 0.8083333333333333 0.52875 0.30000000000000004 0.0425
0 0.48000000000000004 0.531875 0.30000000000000004 0.05375
0 0.165 0.52625 0.30000000000000004 0.05
0 0.16666666666666669 0.470625 0.30000000000000004 0.05625
0 0.4783333333333334 0.465625 0.30000000000000004 0.04625
0 0.805 0.46375 0.30000000000000004 0.0425
0 0.1716666666666667 0.4 0.30000000000000004 0.0425
0 0.4766666666666667 0.4 0.30000000000000004 0.0425
0 0.8016666666666667 0.4 0.30000000000000004 0.0425
0 0.1716666666666667 0.339375 0.30000000000000004 0.04125
0 0.48000000000000004 0.336875 0.30000000000000004 0.04125
0 0.8016666666666667 0.33625 0.30000000000000004 0.0425
0 0.17333333333333334 0.278125 0.30000000000000004 0.04125
0 0.4816666666666667 0.275 0.30000000000000004 0.0425
0 0.7983333333333333 0.27375 0.30000000000000004 0.0425
0 0.17500000000000002 0.2175 0.30000000000000004 0.04
0 0.48000000000000004 0.21375 0.30000000000000004 0.0425
0 0.7966666666666667 0.2125 0.30000000000000004 0.045
0 0.17666666666666667 0.1575 0.30000000000000004 0.04
0 0.4783333333333334 0.153125 0.30000000000000004 0.04125
0 0.7933333333333333 0.153125 0.30000000000000004 0.051250000000000004
0 0.4941666666666667 0.593125 0.28500000000000003 0.051250000000000004
0 0.4891666666666667 0.66125 0.265 0.0425
0 0.17500000000000002 0.59125 0.28 0.05
0 0.15833333333333335 0.6525 0.30333333333333334 0.0475
0 0.49500000000000005 0.72875 0.26 0.055
