0 0.17 0.735625 0.30000000000000004 0.043750000000000004
0 0.505 0.7325 0.30000000000000004 0.045
0 0.8366666666666667 0.728125 0.30000000000000004 0.043750000000000004
0 0.1716666666666667 0.6675 0.30000000000000004 0.045
0 0.5033333333333334 0.6637500000000001 0.30000000000000004 0.045
0 0.8366666666666667 0.660625 0.30000000000000004 0.043750000000000004
0 0.17500000000000002 0.598125 0.30000000000000004 0.043750000000000004
0 0.505 0.596875 0.30000000000000004 0.043750000000000004
0 0.8333333333333334 0.593125 0.30000000000000004 0.043750000000000004
0 0.17833333333333334 0.530625 0.30000000000000004 0.043750000000000004
0 0.5016666666666667 0.5181250000000001 0.29333333333333333 0.06375
0 0.8316666666666667 0.52625 0.30000000000000004 0.0425
0 0.17833333333333334 0.46187500000000004 0.30000000000000004 0.043750000000000004
0 0.8316666666666667 0.46 0.30000000000000004 0.0425
0 0.5066666666666667 0.460625 0.30000000000000004 0.043750000000000004
0 0.8283333333333334 0.395 0.30000000000000004 0.0425
0 0.17833333333333334 0.39437500000000003 0.30000000000000004 0.043750000000000004
0 0.5033333333333334 0.38875 0.30000000000000004 0.0625
0 0.8266666666666668 0.33 0.30000000000000004 0.0425
0 0.505 0.32625 0.30000000000000004 0.0425
0 0.18166666666666667 0.32375 0.30000000000000004 0.0575
0 0.8250000000000001 0.26625 0.30000000000000004 0.0425
0 0.505 0.26 0.30000000000000004 0.0425
0 0.8233333333333334 0.201875 0.30000000000000004 0.04125
0 0.505 0.194375 0.30000000000000004 0.043750000000000004
0 0.8200000000000001 0.139375 0.30000000000000004 0.04125
0 0.18666666666666668 0.13375 0.30000000000000004 0.0425
0 0.5033333333333334 0.129375 0.30000000000000004 0.043750000000000004
0 0.15833333333333335 0.19875 0.24333333333333335 0.0375
0 0.15833333333333335 0.26375 0.24333333333333335 0.045
