0 0.8466666666666667 0.704375 0.30000000000000004 0.043750000000000004
0 0.5233333333333333 0.701875 0.30000000000000004 0.043750000000000004
0 0.2066666666666667 0.700625 0.30000000000000004 0.043750000000000004
0 0.2066666666666667 0.63625 0.30000000000000004 0.0425
0 0.8450000000000001 0.635625 0.30000000000000004 0.043750000000000004
0 0.5216666666666667 0.635625 0.30000000000000004 0.043750000000000004
0 0.5216666666666667 0.569375 0.30000000000000004 0.043750000000000004
0 0.8416666666666667 0.566875 0.30000000000000004 0.043750000000000004
0 0.20833333333333334 0.568125 0.30000000000000004 0.05375
0 0.21166666666666667 0.50375 0.30000000000000004 0.0525
0 0.52 0.504375 0.30000000000000004 0.043750000000000004
0 0.8400000000000001 0.500625 0.30000000000000004 0.043750000000000004
0 0.21416666666666667 0.440625 0.29833333333333334 0.05375
0 0.52 0.435625 0.30000000000000004 0.051250000000000004
0 0.8383333333333334 0.4325 0.30000000000000004 0.0425
0 0.21166666666666667 0.384375 0.30000000000000004 0.04125
0 0.52 0.37875000000000003 0.30000000000000004 0.0475
0 0.8333333333333334 0.366875 0.30000000000000004 0.043750000000000004
0 0.21666666666666667 0.324375 0.30000000000000004 0.04125
0 0.5216666666666667 0.319375 0.30000000000000004 0.051250000000000004
0 0.8316666666666667 0.301875 0.30000000000000004 0.04125
0 0.21833333333333335 0.264375 0.30000000000000004 0.04125
0 0.52 0.253125 0.30000000000000004 0.04125
0 0.8300000000000001 0.238125 0.30000000000000004 0.04125
0 0.5183333333333333 0.193125 0.30000000000000004 0.04125
0 0.8283333333333334 0.17500000000000002 0.30000000000000004 0.0425
0 0.52 0.133125 0.30000000000000004 0.04125
0 0.8266666666666668 0.1125 0.30000000000000004 0.0425
0 0.17583333333333334 0.139375 0.20500000000000002 0.043750000000000004
0 0.17916666666666667 0.203125 0.21166666666666667 0.043750000000000004
