0 0.18666666666666668 0.686875 0.30000000000000004 0.043750000000000004
0 0.52 0.683125 0.30000000000000004 0.04875
0 0.8366666666666667 0.675 0.30000000000000004 0.0425
0 0.18666666666666668 0.62125 0.30000000000000004 0.0425
0 0.52 0.62125 0.30000000000000004 0.0525
0 0.8383333333333334 0.61125 0.30000000000000004 0.0425
0 0.18666666666666668 0.55625 0.30000000000000004 0.0425
0 0.5183333333333333 0.551875 0.30000000000000004 0.04125
0 0.8466666666666667 0.553125 0.30000000000000004 0.04875
0 0.18500000000000003 0.49062500000000003 0.30000000000000004 0.043750000000000004
0 0.5233333333333333 0.489375 0.30000000000000004 0.04125
0 0.8500000000000001 0.494375 0.30000000000000004 0.058750000000000004
0 0.18666666666666668 0.42562500000000003 0.30000000000000004 0.043750000000000004
0 0.8466666666666667 0.42562500000000003 0.30000000000000004 0.04125
0 0.52 0.42625 0.30000000000000004 0.0425
0 0.8450000000000001 0.364375 0.30000000000000004 0.04125
0 0.18833333333333335 0.36375 0.30000000000000004 0.0425
0 0.5183333333333333 0.361875 0.30000000000000004 0.04875
0 0.8416666666666667 0.30312500000000003 0.30000000000000004 0.04125
0 0.5183333333333333 0.30125 0.30000000000000004 0.0425
0 0.19 0.30125 0.30000000000000004 0.0425
0 0.8400000000000001 0.243125 0.30000000000000004 0.04125
0 0.5183333333333333 0.24 0.30000000000000004 0.0425
0 0.19166666666666668 0.24 0.30000000000000004 0.0425
0 0.8400000000000001 0.183125 0.30000000000000004 0.04125
0 0.5183333333333333 0.179375 0.30000000000000004 0.04125
0 0.19333333333333336 0.176875 0.30000000000000004 0.04125
0 0.8383333333333334 0.12625 0.30000000000000004 0.0475
0 0.5183333333333333 0.124375 0.30000000000000004 0.051250000000000004
0 0.19333333333333336 0.116875 0.30000000000000004 0.04125
