0 0.17666666666666667 0.7212500000000001 0.30000000000000004 0.045
0 0.5133333333333334 0.71625 0.30000000000000004 0.045
0 0.8333333333333334 0.7106250000000001 0.30000000000000004 0.043750000000000004
0 0.17666666666666667 0.65 0.30000000000000004 0.045
0 0.5133333333333334 0.6481250000000001 0.30000000000000004 0.043750000000000004
0 0.8333333333333334 0.645625 0.30000000000000004 0.043750000000000004
0 0.8350000000000001 0.58 0.30000000000000004 0.0425
0 0.17666666666666667 0.579375 0.30000000000000004 0.043750000000000004
0 0.5133333333333334 0.579375 0.30000000000000004 0.043750000000000004
0 0.8333333333333334 0.51375 0.30000000000000004 0.0425
0 0.515 0.511875 0.30000000000000004 0.043750000000000004
0 0.17833333333333334 0.50875 0.30000000000000004 0.045
0 0.8333333333333334 0.44875 0.30000000000000004 0.0425
0 0.5133333333333334 0.44375000000000003 0.30000000000000004 0.045
0 0.18000000000000002 0.440625 0.30000000000000004 0.05375
0 0.515 0.375625 0.30000000000000004 0.043750000000000004
0 0.8383333333333334 0.379375 0.30000000000000004 0.04875
0 0.18000000000000002 0.373125 0.3066666666666667 0.05375
0 0.8366666666666667 0.31625000000000003 0.30000000000000004 0.0525
0 0.515 0.309375 0.30000000000000004 0.051250000000000004
0 0.8300000000000001 0.253125 0.30000000000000004 0.04125
0 0.515 0.241875 0.30000000000000004 0.043750000000000004
0 0.18666666666666668 0.228125 0.30000000000000004 0.043750000000000004
0 0.8350000000000001 0.18875 0.30000000000000004 0.0425
0 0.5116666666666667 0.1775 0.30000000000000004 0.0425
0 0.18500000000000003 0.15875 0.30000000000000004 0.045
0 0.8350000000000001 0.1225 0.30000000000000004 0.05
0 0.515 0.11125 0.30000000000000004 0.0425
0 0.18833333333333335 0.090625 0.30000000000000004 0.043750000000000004
0 0.19666666666666668 0.29875 0.26 0.0575
