0 0.8350000000000001 0.6975 0.30000000000000004 0.045
0 0.49833333333333335 0.69125 0.30000000000000004 0.045
0 0.18000000000000002 0.686875 0.30000000000000004 0.043750000000000004
0 0.5 0.623125 0.30000000000000004 0.043750000000000004
0 0.18416666666666667 0.629375 0.305 0.06125
0 0.8333333333333334 0.6225 0.30000000000000004 0.0525
0 0.5 0.555 0.30000000000000004 0.0425
0 0.18333333333333335 0.555 0.30000000000000004 0.0425
0 0.8333333333333334 0.555 0.30000000000000004 0.045
0 0.18500000000000003 0.49062500000000003 0.30000000000000004 0.051250000000000004
0 0.8350000000000001 0.483125 0.30000000000000004 0.043750000000000004
0 0.5016666666666667 0.48562500000000003 0.30000000000000004 0.05625
0 0.49833333333333335 0.41500000000000004 0.2966666666666667 0.0525
0 0.18500000000000003 0.4225 0.30000000000000004 0.0625
0 0.8316666666666667 0.41625 0.30000000000000004 0.05
0 0.19166666666666668 0.36125 0.30000000000000004 0.0425
0 0.5 0.354375 0.30000000000000004 0.043750000000000004
0 0.8241666666666667 0.350625 0.28833333333333333 0.05625
0 0.18833333333333335 0.29812500000000003 0.30000000000000004 0.04125
0 0.5016666666666667 0.28750000000000003 0.30000000000000004 0.0425
0 0.8316666666666667 0.278125 0.30000000000000004 0.043750000000000004
0 0.19166666666666668 0.239375 0.30000000000000004 0.05375
0 0.5016666666666667 0.2175 0.30000000000000004 0.055
0 0.8283333333333334 0.208125 0.30000000000000004 0.043750000000000004
0 0.19333333333333336 0.17250000000000001 0.30000000000000004 0.0475
0 0.5016666666666667 0.1525 0.30000000000000004 0.0525
0 0.8300000000000001 0.143125 0.30000000000000004 0.043750000000000004
0 0.195 0.11 0.30000000000000004 0.045
0 0.5033333333333334 0.096875 0.30000000000000004 0.051250000000000004
0 0.8250000000000001 0.078125 0.30000000000000004 0.04625
