0 0.18333333333333335 0.689375 0.30000000000000004 0.043750000000000004
0 0.5116666666666667 0.6875 0.30000000000000004 0.0425
0 0.8458333333333334 0.69875 0.29500000000000004 0.0675
0 0.18000000000000002 0.62125 0.30000000000000004 0.0425
0 0.51 0.619375 0.30000000000000004 0.043750000000000004
0 0.8433333333333334 0.62 0.30000000000000004 0.0625
0 0.18166666666666667 0.5575 0.30000000000000004 0.0525
0 0.5083333333333334 0.551875 0.30000000000000004 0.043750000000000004
0 0.8416666666666667 0.546875 0.30000000000000004 0.043750000000000004
0 0.17833333333333334 0.48875 0.30000000000000004 0.0425
0 0.5066666666666667 0.48625 0.30000000000000004 0.0525
0 0.8416666666666667 0.476875 0.30000000000000004 0.04625
0 0.17666666666666667 0.4225 0.30000000000000004 0.0425
0 0.5033333333333334 0.415625 0.30000000000000004 0.043750000000000004
0 0.8366666666666667 0.40625 0.30000000000000004 0.045
0 0.17333333333333334 0.35625 0.30000000000000004 0.0425
0 0.5016666666666667 0.348125 0.30000000000000004 0.043750000000000004
0 0.8350000000000001 0.338125 0.30000000000000004 0.043750000000000004
0 0.1716666666666667 0.290625 0.30000000000000004 0.043750000000000004
0 0.5 0.283125 0.30000000000000004 0.051250000000000004
0 0.8333333333333334 0.268125 0.30000000000000004 0.043750000000000004
0 0.17333333333333334 0.22375 0.30000000000000004 0.0425
0 0.5 0.21375 0.30000000000000004 0.0525
0 0.8300000000000001 0.201875 0.30000000000000004 0.05375
0 0.49833333333333335 0.148125 0.30000000000000004 0.043750000000000004
0 0.1716666666666667 0.15625 0.30000000000000004 0.05
0 0.8283333333333334 0.130625 0.30000000000000004 0.043750000000000004
0 0.17333333333333334 0.095625 0.30000000000000004 0.043750000000000004
0 0.4966666666666667 0.08125 0.30000000000000004 0.055
0 0.8266666666666668 0.065 0.30000000000000004 0.055
0 0.16833333333333333 0.03 0.30000000000000004 0.045
