0 0.16166666666666668 0.7075 0.30000000000000004 0.045
0 0.5016666666666667 0.7075 0.30000000000000004 0.045
0 0.8433333333333334 0.706875 0.30000000000000004 0.04625
0 0.165 0.639375 0.30000000000000004 0.043750000000000004
0 0.5016666666666667 0.638125 0.30000000000000004 0.043750000000000004
0 0.8450000000000001 0.635 0.30000000000000004 0.045
0 0.1716666666666667 0.571875 0.30000000000000004 0.043750000000000004
0 0.5 0.568125 0.30000000000000004 0.043750000000000004
0 0.8383333333333334 0.5593750000000001 0.30000000000000004 0.06375
0 0.17416666666666666 0.499375 0.29833333333333334 0.05375
0 0.5033333333333334 0.495 0.2966666666666667 0.055
0 0.8350000000000001 0.49562500000000004 0.30000000000000004 0.043750000000000004
0 0.17500000000000002 0.43875000000000003 0.30000000000000004 0.0425
0 0.5041666666666667 0.42312500000000003 0.29500000000000004 0.06125
0 0.8350000000000001 0.43125 0.30000000000000004 0.05
0 0.17833333333333334 0.37375 0.30000000000000004 0.0425
0 0.5016666666666667 0.36625 0.30000000000000004 0.0425
0 0.8350000000000001 0.36062500000000003 0.30000000000000004 0.043750000000000004
0 0.18000000000000002 0.31 0.30000000000000004 0.0425
0 0.5016666666666667 0.30125 0.30000000000000004 0.0425
0 0.8316666666666667 0.293125 0.30000000000000004 0.043750000000000004
0 0.18666666666666668 0.246875 0.30000000000000004 0.04125
0 0.8250000000000001 0.226875 0.30000000000000004 0.043750000000000004
0 0.5033333333333334 0.175625 0.30000000000000004 0.04125
0 0.18500000000000003 0.180625 0.30000000000000004 0.05625
0 0.8233333333333334 0.16625 0.30000000000000004 0.05
0 0.19 0.11937500000000001 0.30000000000000004 0.05625
0 0.5016666666666667 0.1125 0.30000000000000004 0.045
0 0.8216666666666668 0.100625 0.30000000000000004 0.04125
0 0.4891666666666667 0.235625 0.2783333333333334 0.058750000000000004
