0 0.515 0.74375 0.30000000000000004 0.0425
0 0.18500000000000003 0.745625 0.30000000000000004 0.05375
0 0.8350000000000001 0.735 0.30000000000000004 0.0575
0 0.5183333333333333 0.678125 0.30000000000000004 0.043750000000000004
0 0.19 0.676875 0.30000000000000004 0.043750000000000004
0 0.8350000000000001 0.675 0.30000000000000004 0.055
0 0.8366666666666667 0.61125 0.30000000000000004 0.0425
0 0.18833333333333335 0.61 0.30000000000000004 0.0425
0 0.52 0.613125 0.30000000000000004 0.051250000000000004
0 0.8350000000000001 0.550625 0.30000000000000004 0.051250000000000004
0 0.5183333333333333 0.55 0.30000000000000004 0.0525
0 0.19 0.5437500000000001 0.30000000000000004 0.0425
0 0.8383333333333334 0.4825 0.30000000000000004 0.0425
0 0.52 0.479375 0.30000000000000004 0.043750000000000004
0 0.19333333333333336 0.47750000000000004 0.30000000000000004 0.0425
0 0.8366666666666667 0.41875 0.30000000000000004 0.0425
0 0.5183333333333333 0.41500000000000004 0.30000000000000004 0.0425
0 0.19333333333333336 0.41500000000000004 0.30000000000000004 0.055
0 0.8350000000000001 0.35625 0.30000000000000004 0.0475
0 0.52 0.35000000000000003 0.30000000000000004 0.0425
0 0.19666666666666668 0.34750000000000003 0.30000000000000004 0.0425
0 0.8350000000000001 0.291875 0.30000000000000004 0.043750000000000004
0 0.52 0.28625 0.30000000000000004 0.0425
0 0.19833333333333333 0.28250000000000003 0.30000000000000004 0.0425
0 0.8350000000000001 0.230625 0.30000000000000004 0.043750000000000004
0 0.5216666666666667 0.2225 0.30000000000000004 0.0425
0 0.2016666666666667 0.21875 0.30000000000000004 0.0425
0 0.8366666666666667 0.168125 0.30000000000000004 0.04125
0 0.5216666666666667 0.15875 0.30000000000000004 0.0425
0 0.20333333333333334 0.154375 0.30000000000000004 0.05625
