0 0.17333333333333334 0.735 0.30000000000000004 0.045
0 0.5116666666666667 0.7325 0.30000000000000004 0.045
0 0.8433333333333334 0.724375 0.30000000000000004 0.043750000000000004
0 0.5116666666666667 0.663125 0.30000000000000004 0.05625
0 0.17666666666666667 0.665625 0.30000000000000004 0.058750000000000004
0 0.8416666666666667 0.655625 0.30000000000000004 0.043750000000000004
0 0.5133333333333334 0.59375 0.30000000000000004 0.045
0 0.17500000000000002 0.59375 0.30000000000000004 0.045
0 0.8433333333333334 0.589375 0.30000000000000004 0.043750000000000004
0 0.18333333333333335 0.524375 0.30000000000000004 0.043750000000000004
0 0.5116666666666667 0.524375 0.30000000000000004 0.04625
0 0.8416666666666667 0.52625 0.30000000000000004 0.055
0 0.8400000000000001 0.45937500000000003 0.30000000000000004 0.051250000000000004
0 0.5108333333333334 0.460625 0.305 0.05625
0 0.17833333333333334 0.45375 0.30000000000000004 0.045
0 0.8383333333333334 0.39125 0.30000000000000004 0.0425
0 0.515 0.390625 0.30000000000000004 0.05375
0 0.18166666666666667 0.384375 0.30000000000000004 0.043750000000000004
0 0.8366666666666667 0.3275 0.30000000000000004 0.0425
0 0.515 0.318125 0.30000000000000004 0.043750000000000004
0 0.18333333333333335 0.320625 0.30000000000000004 0.05625
0 0.8350000000000001 0.26375 0.30000000000000004 0.0425
0 0.5183333333333333 0.253125 0.30000000000000004 0.043750000000000004
0 0.8333333333333334 0.2 0.30000000000000004 0.0425
0 0.5166666666666667 0.19 0.30000000000000004 0.055
0 0.19166666666666668 0.181875 0.30000000000000004 0.043750000000000004
0 0.8333333333333334 0.1375 0.30000000000000004 0.0425
0 0.515 0.12 0.30000000000000004 0.0425
0 0.18833333333333335 0.116875 0.30000000000000004 0.043750000000000004
0 0.16 0.25375000000000003 0.27 0.05
