0 0.4916666666666667 0.639375 0.24666666666666667 0.04125
0 0.1691666666666667 0.634375 0.26166666666666666 0.04125
0 0.16833333333333333 0.58125 0.2566666666666667 0.0375
0 0.4916666666666667 0.581875 0.24666666666666667 0.03875
0 0.8350000000000001 0.57875 0.25333333333333335 0.045
0 0.17 0.534375 0.25333333333333335 0.03875
0 0.8333333333333334 0.52625 0.25333333333333335 0.0375
0 0.49833333333333335 0.53 0.26 0.045
0 0.16166666666666668 0.485 0.23333333333333334 0.04
0 0.49583333333333335 0.47875 0.2516666666666667 0.0425
0 0.8341666666666667 0.47625 0.26166666666666666 0.04
0 0.4966666666666667 0.43125 0.25 0.035
0 0.8291666666666667 0.42625 0.25833333333333336 0.035
0 0.5 0.3825 0.2566666666666667 0.04
0 0.1716666666666667 0.34 0.24000000000000002 0.0375
0 0.4916666666666667 0.33437500000000003 0.2366666666666667 0.03375
0 0.1675 0.286875 0.22166666666666668 0.043750000000000004
0 0.48583333333333334 0.281875 0.2316666666666667 0.03625
0 0.15833333333333335 0.241875 0.21333333333333335 0.03375
0 0.4716666666666667 0.233125 0.2 0.03625
0 0.8191666666666667 0.22625 0.2516666666666667 0.035
0 0.17333333333333334 0.1925 0.24333333333333335 0.04
0 0.4708333333333334 0.185625 0.20500000000000002 0.03875
0 0.8166666666666668 0.175625 0.24666666666666667 0.03875
0 0.1691666666666667 0.38875 0.24166666666666667 0.045
0 0.1675 0.435 0.24166666666666667 0.035
0 0.81 0.27625 0.23333333333333334 0.0425
0 0.8141666666666667 0.328125 0.23833333333333334 0.03875
0 0.8158333333333334 0.37625000000000003 0.24166666666666667 0.035
0 0.8316666666666667 0.635625 0.25 0.04875
