0 0.19166666666666668 0.693125 0.30000000000000004 0.043750000000000004
0 0.515 0.69375 0.30000000000000004 0.05
0 0.8450000000000001 0.700625 0.30000000000000004 0.06875
0 0.8325 0.624375 0.275 0.04875
0 0.515 0.630625 0.30000000000000004 0.051250000000000004
0 0.18833333333333335 0.626875 0.30000000000000004 0.043750000000000004
0 0.515 0.56 0.30000000000000004 0.0425
0 0.19 0.560625 0.30000000000000004 0.043750000000000004
0 0.8325 0.564375 0.275 0.05625
0 0.8391666666666667 0.49062500000000003 0.29500000000000004 0.05625
0 0.19 0.4975 0.30000000000000004 0.06
0 0.5133333333333334 0.4875 0.30000000000000004 0.0625
0 0.19333333333333336 0.43375 0.30000000000000004 0.05
0 0.5133333333333334 0.426875 0.30000000000000004 0.043750000000000004
0 0.8275 0.42625 0.275 0.05
0 0.19666666666666668 0.36562500000000003 0.30000000000000004 0.04125
0 0.5133333333333334 0.359375 0.30000000000000004 0.043750000000000004
0 0.8341666666666667 0.354375 0.28500000000000003 0.04625
0 0.19833333333333333 0.29375 0.30333333333333334 0.0575
0 0.8233333333333334 0.290625 0.26333333333333336 0.06125
0 0.5183333333333333 0.29625 0.30000000000000004 0.0625
0 0.19666666666666668 0.238125 0.30000000000000004 0.04125
0 0.5133333333333334 0.229375 0.30000000000000004 0.04625
0 0.8150000000000001 0.22312500000000002 0.25333333333333335 0.051250000000000004
0 0.2 0.175625 0.30000000000000004 0.04125
0 0.5133333333333334 0.1675 0.30000000000000004 0.0425
0 0.8166666666666668 0.16125 0.26 0.0525
0 0.2016666666666667 0.111875 0.30000000000000004 0.05375
0 0.5133333333333334 0.10312500000000001 0.30000000000000004 0.04125
0 0.81 0.091875 0.25 0.058750000000000004
