0 0.17333333333333334 0.7525000000000001 0.30000000000000004 0.045
0 0.5116666666666667 0.748125 0.30000000000000004 0.043750000000000004
0 0.8366666666666667 0.743125 0.30000000000000004 0.043750000000000004
0 0.17500000000000002 0.68375 0.30000000000000004 0.045
0 0.5133333333333334 0.680625 0.30000000000000004 0.043750000000000004
0 0.8366666666666667 0.67625 0.30000000000000004 0.05
0 0.17833333333333334 0.615625 0.30000000000000004 0.043750000000000004
0 0.515 0.614375 0.30000000000000004 0.043750000000000004
0 0.8383333333333334 0.614375 0.30000000000000004 0.04625
0 0.8400000000000001 0.546875 0.30000000000000004 0.04125
0 0.515 0.5475 0.30000000000000004 0.0425
0 0.18166666666666667 0.546875 0.30000000000000004 0.043750000000000004
0 0.5166666666666667 0.480625 0.30000000000000004 0.043750000000000004
0 0.18333333333333335 0.47875 0.30000000000000004 0.0425
0 0.8350000000000001 0.4825 0.30000000000000004 0.055
0 0.5183333333333333 0.41500000000000004 0.30000000000000004 0.0425
0 0.8350000000000001 0.41625 0.30000000000000004 0.045
0 0.18500000000000003 0.41250000000000003 0.30000000000000004 0.0425
0 0.8366666666666667 0.35625 0.30000000000000004 0.0425
0 0.515 0.354375 0.30000000000000004 0.05625
0 0.18666666666666668 0.346875 0.30000000000000004 0.043750000000000004
0 0.8333333333333334 0.2925 0.30000000000000004 0.0425
0 0.5183333333333333 0.28625 0.30000000000000004 0.0425
0 0.19333333333333336 0.283125 0.30000000000000004 0.04125
0 0.8300000000000001 0.230625 0.30000000000000004 0.04125
0 0.5183333333333333 0.22375 0.30000000000000004 0.0425
0 0.195 0.21875 0.30000000000000004 0.0425
0 0.8283333333333334 0.17125 0.30000000000000004 0.045
0 0.5183333333333333 0.16125 0.30000000000000004 0.0425
0 0.19333333333333336 0.155625 0.30000000000000004 0.04125
