0 0.5383333333333333 0.69875 0.30000000000000004 0.0525
0 0.22333333333333336 0.69625 0.30000000000000004 0.0425
0 0.8475 0.7025 0.28500000000000003 0.0475
0 0.8441666666666667 0.630625 0.275 0.03875
0 0.5383333333333333 0.6325000000000001 0.30000000000000004 0.0425
0 0.225 0.6325000000000001 0.30000000000000004 0.0425
0 0.5366666666666667 0.56875 0.30000000000000004 0.0425
0 0.22666666666666668 0.56875 0.30000000000000004 0.0425
0 0.8433333333333334 0.56875 0.28 0.0525
0 0.22583333333333336 0.50125 0.29500000000000004 0.0525
0 0.8516666666666667 0.504375 0.29333333333333333 0.04875
0 0.535 0.5 0.30000000000000004 0.055
0 0.225 0.443125 0.30000000000000004 0.04125
0 0.8516666666666667 0.43625 0.30000000000000004 0.0425
0 0.5366666666666667 0.439375 0.30000000000000004 0.06125
0 0.225 0.380625 0.30000000000000004 0.04125
0 0.535 0.37625000000000003 0.30000000000000004 0.0425
0 0.8450000000000001 0.370625 0.29000000000000004 0.03875
0 0.535 0.31375000000000003 0.30000000000000004 0.0425
0 0.22833333333333336 0.31875000000000003 0.30000000000000004 0.0525
0 0.8483333333333334 0.308125 0.30000000000000004 0.04125
0 0.22833333333333336 0.256875 0.30000000000000004 0.04125
0 0.5366666666666667 0.25 0.30000000000000004 0.0425
0 0.8466666666666667 0.245 0.30000000000000004 0.05
0 0.23 0.194375 0.30000000000000004 0.04125
0 0.535 0.18875 0.30000000000000004 0.0425
0 0.8450000000000001 0.1875 0.30000000000000004 0.0575
0 0.535 0.1275 0.30000000000000004 0.0425
0 0.22833333333333336 0.13875 0.30000000000000004 0.06
0 0.8433333333333334 0.11812500000000001 0.30000000000000004 0.04125
