0 0.1716666666666667 0.73375 0.30000000000000004 0.045
0 0.51 0.725625 0.30000000000000004 0.04875
0 0.8183333333333334 0.708125 0.30000000000000004 0.05375
0 0.1716666666666667 0.665625 0.30000000000000004 0.043750000000000004
0 0.505 0.65625 0.30000000000000004 0.045
0 0.8250000000000001 0.6475 0.30000000000000004 0.0425
0 0.17333333333333334 0.596875 0.30000000000000004 0.043750000000000004
0 0.505 0.5906250000000001 0.30000000000000004 0.04875
0 0.8250000000000001 0.58125 0.30000000000000004 0.045
0 0.8250000000000001 0.51875 0.30000000000000004 0.0425
0 0.17 0.528125 0.30000000000000004 0.05625
0 0.5016666666666667 0.520625 0.30000000000000004 0.05375
0 0.16666666666666669 0.45437500000000003 0.2966666666666667 0.05625
0 0.8216666666666668 0.455 0.30000000000000004 0.0425
0 0.505 0.4575 0.30000000000000004 0.055
0 0.8200000000000001 0.39125 0.30000000000000004 0.0425
0 0.5 0.39 0.30000000000000004 0.0425
0 0.16666666666666669 0.388125 0.30000000000000004 0.051250000000000004
0 0.8183333333333334 0.3275 0.30000000000000004 0.0425
0 0.16666666666666669 0.325 0.30000000000000004 0.0425
0 0.49833333333333335 0.323125 0.30000000000000004 0.043750000000000004
0 0.8266666666666668 0.2575 0.32333333333333336 0.0575
0 0.49833333333333335 0.258125 0.30000000000000004 0.043750000000000004
0 0.17 0.258125 0.30000000000000004 0.043750000000000004
0 0.8116666666666668 0.20125 0.30000000000000004 0.0425
0 0.4966666666666667 0.1975 0.30000000000000004 0.0575
0 0.16833333333333333 0.194375 0.30000000000000004 0.05625
0 0.8083333333333333 0.13875 0.30000000000000004 0.0425
0 0.49500000000000005 0.1275 0.30000000000000004 0.0425
0 0.1716666666666667 0.12625 0.30000000000000004 0.0425
0 0.8150000000000001 0.7056250000000001 0.30000000000000004 0.05375
