0 0.8216666666666668 0.7275 0.30000000000000004 0.045
0 0.49000000000000005 0.7225 0.30000000000000004 0.045
0 0.16666666666666669 0.71625 0.30000000000000004 0.0425
0 0.4916666666666667 0.655625 0.30000000000000004 0.043750000000000004
0 0.8216666666666668 0.6575 0.30000000000000004 0.0575
0 0.16833333333333333 0.6481250000000001 0.30000000000000004 0.05625
0 0.49500000000000005 0.588125 0.30000000000000004 0.043750000000000004
0 0.8216666666666668 0.588125 0.30000000000000004 0.05625
0 0.17 0.585 0.30000000000000004 0.0425
0 0.8216666666666668 0.524375 0.30000000000000004 0.043750000000000004
0 0.49500000000000005 0.521875 0.30000000000000004 0.043750000000000004
0 0.17 0.52 0.30000000000000004 0.0425
0 0.8216666666666668 0.46375 0.30000000000000004 0.0575
0 0.4966666666666667 0.45625 0.30000000000000004 0.0425
0 0.17 0.45437500000000003 0.30000000000000004 0.043750000000000004
0 0.5033333333333334 0.39125 0.30000000000000004 0.0425
0 0.8200000000000001 0.390625 0.30000000000000004 0.051250000000000004
0 0.1716666666666667 0.38875 0.30000000000000004 0.0425
0 0.5016666666666667 0.3275 0.30000000000000004 0.0425
0 0.17333333333333334 0.32375 0.30000000000000004 0.0425
0 0.8216666666666668 0.325 0.30000000000000004 0.0525
0 0.8250000000000001 0.26 0.30000000000000004 0.0425
0 0.18083333333333335 0.25625 0.29500000000000004 0.0575
0 0.5016666666666667 0.261875 0.30000000000000004 0.04875
0 0.505 0.19875 0.30000000000000004 0.0425
0 0.8200000000000001 0.19625 0.30000000000000004 0.0475
0 0.17833333333333334 0.195 0.30000000000000004 0.0425
0 0.505 0.136875 0.30000000000000004 0.04125
0 0.18166666666666667 0.135625 0.30000000000000004 0.051250000000000004
0 0.8233333333333334 0.130625 0.30000000000000004 0.051250000000000004
