0 0.19 0.76125 0.30000000000000004 0.045
0 0.8491666666666667 0.745625 0.255 0.051250000000000004
0 0.1991666666666667 0.681875 0.315 0.058750000000000004
0 0.5366666666666667 0.685625 0.30000000000000004 0.058750000000000004
0 0.8433333333333334 0.666875 0.2566666666666667 0.05375
0 0.19333333333333336 0.62 0.30000000000000004 0.045
0 0.5366666666666667 0.613125 0.30000000000000004 0.04625
0 0.8400000000000001 0.604375 0.25333333333333335 0.03875
0 0.5333333333333333 0.544375 0.30000000000000004 0.043750000000000004
0 0.19333333333333336 0.546875 0.30000000000000004 0.05375
0 0.8433333333333334 0.54125 0.26333333333333336 0.045
0 0.19833333333333333 0.48375 0.30000000000000004 0.0525
0 0.5316666666666667 0.476875 0.30000000000000004 0.043750000000000004
0 0.8383333333333334 0.478125 0.26333333333333336 0.051250000000000004
0 0.19833333333333333 0.41375 0.30000000000000004 0.0425
0 0.8425 0.41250000000000003 0.2783333333333334 0.0525
0 0.195 0.346875 0.30000000000000004 0.043750000000000004
0 0.8458333333333334 0.346875 0.2916666666666667 0.04875
0 0.5316666666666667 0.343125 0.30000000000000004 0.043750000000000004
0 0.20333333333333334 0.286875 0.30000000000000004 0.051250000000000004
0 0.8425 0.28125 0.28833333333333333 0.0425
0 0.5283333333333333 0.283125 0.30000000000000004 0.04875
0 0.8466666666666667 0.218125 0.30000000000000004 0.04125
0 0.19666666666666668 0.2175 0.30000000000000004 0.0425
0 0.5283333333333333 0.215 0.30000000000000004 0.0425
0 0.8433333333333334 0.155625 0.30000000000000004 0.04125
0 0.5283333333333333 0.153125 0.30000000000000004 0.04125
0 0.19833333333333333 0.151875 0.30000000000000004 0.043750000000000004
0 0.5358333333333334 0.40875 0.28833333333333333 0.0475
0 0.5491666666666667 0.7468750000000001 0.3116666666666667 0.04875
