0 0.8400000000000001 0.738125 0.30000000000000004 0.043750000000000004
0 0.51 0.73 0.30000000000000004 0.0425
0 0.17833333333333334 0.73 0.30000000000000004 0.0425
0 0.8383333333333334 0.67625 0.30000000000000004 0.055
0 0.51 0.664375 0.30000000000000004 0.05625
0 0.17833333333333334 0.661875 0.30000000000000004 0.04875
0 0.51 0.59875 0.30000000000000004 0.0425
0 0.18000000000000002 0.59875 0.30000000000000004 0.0425
0 0.8400000000000001 0.601875 0.30000000000000004 0.05375
0 0.8433333333333334 0.534375 0.30000000000000004 0.043750000000000004
0 0.5083333333333334 0.5325 0.30000000000000004 0.0425
0 0.17833333333333334 0.5325 0.30000000000000004 0.0425
0 0.18000000000000002 0.46625 0.30000000000000004 0.0425
0 0.5083333333333334 0.465625 0.30000000000000004 0.043750000000000004
0 0.8416666666666667 0.464375 0.30000000000000004 0.043750000000000004
0 0.18000000000000002 0.4 0.30000000000000004 0.0425
0 0.5066666666666667 0.39687500000000003 0.30000000000000004 0.043750000000000004
0 0.8383333333333334 0.395625 0.30000000000000004 0.058750000000000004
0 0.18000000000000002 0.33375 0.30000000000000004 0.0425
0 0.5066666666666667 0.33 0.30000000000000004 0.0425
0 0.8400000000000001 0.326875 0.30000000000000004 0.051250000000000004
0 0.17833333333333334 0.26687500000000003 0.30000000000000004 0.043750000000000004
0 0.5033333333333334 0.26125 0.30000000000000004 0.0425
0 0.8233333333333334 0.248125 0.26666666666666666 0.05625
0 0.17833333333333334 0.20125 0.30000000000000004 0.0425
0 0.5033333333333334 0.1925 0.30000000000000004 0.045
0 0.8325 0.18875 0.2783333333333334 0.055
0 0.17833333333333334 0.134375 0.30000000000000004 0.043750000000000004
0 0.8158333333333334 0.11 0.2516666666666667 0.05
0 0.5033333333333334 0.1225 0.30000000000000004 0.0575
