0 0.17500000000000002 0.7025 0.30000000000000004 0.045
0 0.8483333333333334 0.686875 0.30000000000000004 0.04625
0 0.5133333333333334 0.693125 0.30000000000000004 0.04875
0 0.17500000000000002 0.63375 0.30000000000000004 0.045
0 0.5116666666666667 0.630625 0.30000000000000004 0.058750000000000004
0 0.8450000000000001 0.61875 0.30000000000000004 0.0575
0 0.17333333333333334 0.56375 0.30000000000000004 0.045
0 0.51 0.558125 0.30000000000000004 0.04625
0 0.8400000000000001 0.551875 0.30000000000000004 0.043750000000000004
0 0.17500000000000002 0.495 0.30000000000000004 0.045
0 0.5066666666666667 0.49125 0.30000000000000004 0.05
0 0.8383333333333334 0.48562500000000003 0.30000000000000004 0.043750000000000004
0 0.17666666666666667 0.42812500000000003 0.30000000000000004 0.043750000000000004
0 0.5083333333333334 0.425 0.30000000000000004 0.05
0 0.8400000000000001 0.420625 0.30000000000000004 0.043750000000000004
0 0.17833333333333334 0.361875 0.30000000000000004 0.043750000000000004
0 0.5066666666666667 0.359375 0.30000000000000004 0.043750000000000004
0 0.8316666666666667 0.355625 0.30000000000000004 0.043750000000000004
0 0.18000000000000002 0.2975 0.30000000000000004 0.0425
0 0.505 0.29375 0.30000000000000004 0.0425
0 0.8266666666666668 0.2925 0.30000000000000004 0.0425
0 0.18166666666666667 0.23625000000000002 0.30000000000000004 0.0425
0 0.5066666666666667 0.23125 0.30000000000000004 0.0425
0 0.8250000000000001 0.22875 0.30000000000000004 0.0425
0 0.18166666666666667 0.171875 0.30000000000000004 0.043750000000000004
0 0.505 0.17 0.30000000000000004 0.0425
0 0.8233333333333334 0.168125 0.30000000000000004 0.043750000000000004
0 0.18333333333333335 0.109375 0.30000000000000004 0.043750000000000004
0 0.5016666666666667 0.110625 0.30000000000000004 0.04875
0 0.8166666666666668 0.10250000000000001 0.30000000000000004 0.05
