0 0.17833333333333334 0.686875 0.30000000000000004 0.043750000000000004
0 0.505 0.68375 0.30000000000000004 0.055
0 0.8283333333333334 0.6725 0.30000000000000004 0.045
0 0.17833333333333334 0.62 0.30000000000000004 0.045
0 0.5033333333333334 0.61375 0.30000000000000004 0.045
0 0.8266666666666668 0.6075 0.30000000000000004 0.045
0 0.17666666666666667 0.553125 0.30000000000000004 0.043750000000000004
0 0.8266666666666668 0.543125 0.30000000000000004 0.043750000000000004
0 0.18000000000000002 0.48625 0.30000000000000004 0.045
0 0.5033333333333334 0.483125 0.30000000000000004 0.043750000000000004
0 0.8200000000000001 0.47875 0.30000000000000004 0.0425
0 0.17833333333333334 0.420625 0.30000000000000004 0.043750000000000004
0 0.5016666666666667 0.4175 0.30000000000000004 0.0425
0 0.8200000000000001 0.41625 0.30000000000000004 0.0425
0 0.17833333333333334 0.356875 0.30000000000000004 0.043750000000000004
0 0.5016666666666667 0.355 0.30000000000000004 0.0425
0 0.8166666666666668 0.35375 0.30000000000000004 0.0425
0 0.18000000000000002 0.293125 0.30000000000000004 0.043750000000000004
0 0.8133333333333334 0.291875 0.30000000000000004 0.04125
0 0.5016666666666667 0.2925 0.30000000000000004 0.0425
0 0.18166666666666667 0.23125 0.30000000000000004 0.0425
0 0.8116666666666668 0.23125 0.30000000000000004 0.0425
0 0.5 0.230625 0.30000000000000004 0.04125
0 0.18500000000000003 0.171875 0.30000000000000004 0.04125
0 0.8083333333333333 0.170625 0.30000000000000004 0.04125
0 0.49833333333333335 0.169375 0.30000000000000004 0.04125
0 0.8066666666666668 0.111875 0.30000000000000004 0.04125
0 0.18500000000000003 0.11125 0.30000000000000004 0.0425
0 0.49833333333333335 0.111875 0.30000000000000004 0.04625
0 0.49250000000000005 0.546875 0.265 0.05375
