0 0.4991666666666667 0.610625 0.21166666666666667 0.04625
0 0.49833333333333335 0.56 0.21333333333333335 0.0375
0 0.5025000000000001 0.510625 0.2016666666666667 0.03375
0 0.16333333333333333 0.51 0.23 0.035
0 0.17666666666666667 0.45937500000000003 0.2066666666666667 0.043750000000000004
0 0.18250000000000002 0.410625 0.19833333333333333 0.03625
0 0.8250000000000001 0.41250000000000003 0.21000000000000002 0.04
0 0.17750000000000002 0.3625 0.21500000000000002 0.0375
0 0.8241666666666667 0.3625 0.20833333333333334 0.0375
0 0.18250000000000002 0.316875 0.21166666666666667 0.02875
0 0.8250000000000001 0.316875 0.2 0.04125
0 0.5066666666666667 0.265 0.2 0.035
0 0.19 0.268125 0.2 0.03125
0 0.8158333333333334 0.173125 0.20500000000000002 0.03375
0 0.8183333333333334 0.22187500000000002 0.2 0.03875
0 0.8158333333333334 0.265625 0.20500000000000002 0.03875
0 0.8300000000000001 0.45937500000000003 0.20333333333333334 0.03875
0 0.8300000000000001 0.511875 0.21000000000000002 0.03625
0 0.8333333333333334 0.561875 0.2066666666666667 0.04125
0 0.8358333333333334 0.613125 0.20500000000000002 0.04625
0 0.5133333333333334 0.17375000000000002 0.18000000000000002 0.0425
0 0.5025000000000001 0.22062500000000002 0.2016666666666667 0.03375
0 0.5016666666666667 0.31625000000000003 0.2066666666666667 0.0425
0 0.5075000000000001 0.36562500000000003 0.20500000000000002 0.04125
0 0.5041666666666667 0.415625 0.19833333333333333 0.04875
0 0.5058333333333334 0.463125 0.19166666666666668 0.03375
0 0.19416666666666668 0.18 0.195 0.0375
0 0.19666666666666668 0.2225 0.18666666666666668 0.0375
0 0.1675 0.5625 0.21833333333333335 0.045
0 0.16083333333333336 0.613125 0.21833333333333335 0.04875
