0 0.49833333333333335 0.719375 0.30000000000000004 0.043750000000000004
0 0.17333333333333334 0.718125 0.30000000000000004 0.043750000000000004
0 0.8266666666666668 0.65625 0.30000000000000004 0.045
0 0.5 0.654375 0.30000000000000004 0.05375
0 0.17833333333333334 0.65125 0.30000000000000004 0.0425
0 0.8250000000000001 0.595 0.30000000000000004 0.0625
0 0.5033333333333334 0.586875 0.30000000000000004 0.043750000000000004
0 0.18333333333333335 0.58625 0.30000000000000004 0.0425
0 0.18833333333333335 0.521875 0.30000000000000004 0.04125
0 0.5033333333333334 0.52125 0.30000000000000004 0.0425
0 0.8233333333333334 0.5181250000000001 0.30000000000000004 0.043750000000000004
0 0.19166666666666668 0.45937500000000003 0.30000000000000004 0.04125
0 0.5016666666666667 0.45625 0.30000000000000004 0.0425
0 0.8191666666666667 0.45125 0.3016666666666667 0.0475
0 0.19833333333333333 0.39687500000000003 0.30000000000000004 0.04125
0 0.505 0.39625 0.30000000000000004 0.05
0 0.8183333333333334 0.3825 0.30000000000000004 0.0525
0 0.2016666666666667 0.338125 0.30000000000000004 0.04125
0 0.5066666666666667 0.3325 0.30000000000000004 0.045
0 0.8200000000000001 0.321875 0.30000000000000004 0.04875
0 0.5066666666666667 0.270625 0.30000000000000004 0.04125
0 0.2066666666666667 0.278125 0.30000000000000004 0.05625
0 0.8150000000000001 0.25625 0.30000000000000004 0.045
0 0.21000000000000002 0.22 0.30000000000000004 0.04
0 0.5083333333333334 0.21125 0.30000000000000004 0.04
0 0.8133333333333334 0.19625 0.30000000000000004 0.0475
0 0.21500000000000002 0.1625 0.30000000000000004 0.04
0 0.5083333333333334 0.14875 0.30000000000000004 0.05
0 0.8133333333333334 0.134375 0.30000000000000004 0.04125
0 0.8300000000000001 0.72875 0.28 0.065
