0 0.18000000000000002 0.706875 0.30000000000000004 0.043750000000000004
0 0.5066666666666667 0.698125 0.30000000000000004 0.043750000000000004
0 0.8300000000000001 0.688125 0.30000000000000004 0.043750000000000004
0 0.18000000000000002 0.638125 0.30000000000000004 0.043750000000000004
0 0.5066666666666667 0.633125 0.30000000000000004 0.051250000000000004
0 0.8266666666666668 0.6225 0.30000000000000004 0.0425
0 0.18166666666666667 0.570625 0.30000000000000004 0.043750000000000004
0 0.505 0.569375 0.30000000000000004 0.05375
0 0.8233333333333334 0.5575 0.30000000000000004 0.0425
0 0.18166666666666667 0.50375 0.30000000000000004 0.0425
0 0.505 0.496875 0.30000000000000004 0.043750000000000004
0 0.8200000000000001 0.494375 0.30000000000000004 0.04125
0 0.18333333333333335 0.4375 0.30000000000000004 0.0425
0 0.5016666666666667 0.43375 0.30000000000000004 0.05
0 0.8166666666666668 0.431875 0.30000000000000004 0.04125
0 0.18500000000000003 0.37375 0.30000000000000004 0.0425
0 0.8116666666666668 0.371875 0.30000000000000004 0.04625
0 0.505 0.36875 0.30000000000000004 0.0425
0 0.81 0.309375 0.30000000000000004 0.04125
0 0.18833333333333335 0.308125 0.30000000000000004 0.043750000000000004
0 0.5 0.305625 0.30000000000000004 0.04125
0 0.805 0.248125 0.30000000000000004 0.04125
0 0.19 0.249375 0.30000000000000004 0.04125
0 0.5 0.246875 0.30000000000000004 0.04875
0 0.8033333333333333 0.19125 0.30000000000000004 0.045
0 0.49833333333333335 0.183125 0.30000000000000004 0.04125
0 0.19166666666666668 0.18125 0.30000000000000004 0.05
0 0.4966666666666667 0.123125 0.30000000000000004 0.04125
0 0.19333333333333336 0.12562500000000001 0.30000000000000004 0.04875
0 0.775 0.129375 0.23333333333333334 0.04625
