0 0.16166666666666668 0.7575000000000001 0.30000000000000004 0.045
0 0.8450000000000001 0.75625 0.30000000000000004 0.045
0 0.5016666666666667 0.75625 0.30000000000000004 0.045
0 0.16333333333333333 0.686875 0.30000000000000004 0.043750000000000004
0 0.49833333333333335 0.685 0.30000000000000004 0.045
0 0.8400000000000001 0.6793750000000001 0.30000000000000004 0.05625
0 0.16666666666666669 0.618125 0.30000000000000004 0.043750000000000004
0 0.49833333333333335 0.615625 0.30000000000000004 0.051250000000000004
0 0.8400000000000001 0.61125 0.30000000000000004 0.045
0 0.165 0.54875 0.30000000000000004 0.045
0 0.8350000000000001 0.54 0.30000000000000004 0.045
0 0.4966666666666667 0.538125 0.30000000000000004 0.058750000000000004
0 0.16833333333333333 0.481875 0.30000000000000004 0.043750000000000004
0 0.8350000000000001 0.47625 0.30000000000000004 0.055
0 0.49500000000000005 0.478125 0.30000000000000004 0.05375
0 0.49833333333333335 0.408125 0.30000000000000004 0.043750000000000004
0 0.1716666666666667 0.414375 0.30000000000000004 0.051250000000000004
0 0.8300000000000001 0.40125 0.30000000000000004 0.045
0 0.17333333333333334 0.35125 0.30000000000000004 0.0425
0 0.49833333333333335 0.3425 0.30000000000000004 0.0425
0 0.8266666666666668 0.335 0.30000000000000004 0.0425
0 0.17666666666666667 0.28750000000000003 0.30000000000000004 0.0425
0 0.4966666666666667 0.276875 0.30000000000000004 0.043750000000000004
0 0.8233333333333334 0.2725 0.30000000000000004 0.0525
0 0.18166666666666667 0.228125 0.30000000000000004 0.05375
0 0.4966666666666667 0.21375 0.30000000000000004 0.0425
0 0.8116666666666668 0.20375000000000001 0.2833333333333333 0.05
0 0.18333333333333335 0.16375 0.30000000000000004 0.0425
0 0.49500000000000005 0.151875 0.30000000000000004 0.04125
0 0.7966666666666667 0.139375 0.26 0.051250000000000004
