0 0.18500000000000003 0.7225 0.30000000000000004 0.0425
0 0.49833333333333335 0.715 0.30000000000000004 0.0475
0 0.8083333333333333 0.70375 0.30000000000000004 0.0425
0 0.18333333333333335 0.656875 0.30000000000000004 0.043750000000000004
0 0.4966666666666667 0.649375 0.30000000000000004 0.043750000000000004
0 0.8083333333333333 0.64125 0.30000000000000004 0.0425
0 0.18500000000000003 0.5925 0.30000000000000004 0.0425
0 0.49500000000000005 0.58625 0.30000000000000004 0.0425
0 0.8066666666666668 0.57875 0.30000000000000004 0.0425
0 0.18333333333333335 0.5275 0.30000000000000004 0.0425
0 0.49500000000000005 0.5225 0.30000000000000004 0.0425
0 0.8 0.5181250000000001 0.30000000000000004 0.04125
0 0.18000000000000002 0.46375 0.30000000000000004 0.0425
0 0.49333333333333335 0.46125 0.30000000000000004 0.0425
0 0.7966666666666667 0.45687500000000003 0.30000000000000004 0.04125
0 0.18000000000000002 0.40125 0.30000000000000004 0.0425
0 0.49500000000000005 0.39937500000000004 0.30000000000000004 0.04125
0 0.7983333333333333 0.39687500000000003 0.30000000000000004 0.04125
0 0.7966666666666667 0.3375 0.30000000000000004 0.04
0 0.4916666666666667 0.338125 0.30000000000000004 0.04125
0 0.18333333333333335 0.338125 0.30000000000000004 0.04125
0 0.7916666666666667 0.278125 0.30000000000000004 0.04125
0 0.48833333333333334 0.27625 0.30000000000000004 0.0425
0 0.18166666666666667 0.27875 0.30000000000000004 0.0525
0 0.7883333333333333 0.21937500000000001 0.30000000000000004 0.04125
0 0.4866666666666667 0.215625 0.30000000000000004 0.04125
0 0.18333333333333335 0.215625 0.30000000000000004 0.04875
0 0.7866666666666667 0.161875 0.30000000000000004 0.04125
0 0.48500000000000004 0.155625 0.30000000000000004 0.04125
0 0.18333333333333335 0.151875 0.30000000000000004 0.05625
