0 0.49833333333333335 0.725625 0.30000000000000004 0.043750000000000004
0 0.17833333333333334 0.725625 0.30000000000000004 0.043750000000000004
0 0.8400000000000001 0.7312500000000001 0.30000000000000004 0.06
0 0.17666666666666667 0.658125 0.30000000000000004 0.043750000000000004
0 0.4966666666666667 0.656875 0.30000000000000004 0.043750000000000004
0 0.8333333333333334 0.654375 0.30000000000000004 0.06125
0 0.18000000000000002 0.591875 0.30000000000000004 0.043750000000000004
0 0.5 0.588125 0.30000000000000004 0.043750000000000004
0 0.8316666666666667 0.586875 0.30000000000000004 0.05375
0 0.17666666666666667 0.525625 0.30000000000000004 0.043750000000000004
0 0.49500000000000005 0.51875 0.30000000000000004 0.0475
0 0.8316666666666667 0.515625 0.30000000000000004 0.043750000000000004
0 0.17833333333333334 0.460625 0.30000000000000004 0.043750000000000004
0 0.4966666666666667 0.458125 0.30000000000000004 0.05625
0 0.8266666666666668 0.444375 0.30000000000000004 0.051250000000000004
0 0.18000000000000002 0.395625 0.30000000000000004 0.043750000000000004
0 0.49333333333333335 0.39 0.30000000000000004 0.05
0 0.8250000000000001 0.376875 0.30000000000000004 0.05625
0 0.18500000000000003 0.333125 0.30000000000000004 0.043750000000000004
0 0.4966666666666667 0.323125 0.30000000000000004 0.043750000000000004
0 0.8216666666666668 0.316875 0.30000000000000004 0.04875
0 0.18500000000000003 0.27125 0.30000000000000004 0.0425
0 0.49333333333333335 0.259375 0.30000000000000004 0.043750000000000004
0 0.8200000000000001 0.25 0.30000000000000004 0.0425
0 0.18500000000000003 0.20875 0.30000000000000004 0.0425
0 0.49333333333333335 0.19625 0.30000000000000004 0.0425
0 0.8150000000000001 0.185625 0.30000000000000004 0.043750000000000004
0 0.18666666666666668 0.14875 0.30000000000000004 0.0475
0 0.4966666666666667 0.135 0.30000000000000004 0.0425
0 0.8133333333333334 0.12125 0.30000000000000004 0.0525
