0 0.8150000000000001 0.735625 0.30000000000000004 0.043750000000000004
0 0.5 0.725 0.30000000000000004 0.0525
0 0.18833333333333335 0.7175 0.30000000000000004 0.0425
0 0.8166666666666668 0.670625 0.30000000000000004 0.043750000000000004
0 0.5016666666666667 0.6625 0.30000000000000004 0.0475
0 0.19166666666666668 0.654375 0.30000000000000004 0.043750000000000004
0 0.8183333333333334 0.605625 0.30000000000000004 0.043750000000000004
0 0.195 0.5925 0.30000000000000004 0.0425
0 0.505 0.601875 0.30000000000000004 0.05625
0 0.8150000000000001 0.5425 0.30000000000000004 0.0425
0 0.505 0.5387500000000001 0.30000000000000004 0.05
0 0.19833333333333333 0.53125 0.30000000000000004 0.0425
0 0.8183333333333334 0.47875 0.30000000000000004 0.0425
0 0.5066666666666667 0.47500000000000003 0.30000000000000004 0.045
0 0.19833333333333333 0.469375 0.30000000000000004 0.04125
0 0.8183333333333334 0.41625 0.30000000000000004 0.0425
0 0.20333333333333334 0.40875 0.30000000000000004 0.0425
0 0.5083333333333334 0.41125 0.30000000000000004 0.0525
0 0.8150000000000001 0.35375 0.30000000000000004 0.0425
0 0.51 0.35000000000000003 0.30000000000000004 0.0425
0 0.20500000000000002 0.349375 0.30000000000000004 0.04125
0 0.8183333333333334 0.29375 0.30000000000000004 0.0425
0 0.5116666666666667 0.29 0.30000000000000004 0.0475
0 0.8166666666666668 0.233125 0.30000000000000004 0.04125
0 0.2066666666666667 0.230625 0.30000000000000004 0.04125
0 0.5116666666666667 0.23 0.30000000000000004 0.0425
0 0.21500000000000002 0.17250000000000001 0.30000000000000004 0.04
0 0.515 0.17125 0.30000000000000004 0.0475
0 0.8166666666666668 0.17250000000000001 0.30000000000000004 0.0475
0 0.1991666666666667 0.2925 0.30833333333333335 0.0425
