0 0.13583333333333333 0.88125 0.26833333333333337 0.2475
0 0.48000000000000004 0.685 0.30000000000000004 0.045
0 0.155 0.68125 0.30000000000000004 0.045
0 0.16 0.613125 0.30000000000000004 0.043750000000000004
0 0.8283333333333334 0.615 0.30000000000000004 0.05
0 0.48833333333333334 0.615 0.30000000000000004 0.05
0 0.48500000000000004 0.546875 0.30000000000000004 0.043750000000000004
0 0.16 0.546875 0.30000000000000004 0.043750000000000004
0 0.8266666666666668 0.54625 0.30000000000000004 0.045
0 0.16166666666666668 0.479375 0.30000000000000004 0.043750000000000004
0 0.8266666666666668 0.47625 0.30000000000000004 0.045
0 0.48500000000000004 0.476875 0.30000000000000004 0.05625
0 0.165 0.413125 0.30000000000000004 0.043750000000000004
0 0.49000000000000005 0.410625 0.30000000000000004 0.043750000000000004
0 0.8250000000000001 0.41250000000000003 0.30000000000000004 0.0575
0 0.16833333333333333 0.346875 0.30000000000000004 0.043750000000000004
0 0.48500000000000004 0.3425 0.30000000000000004 0.045
0 0.8233333333333334 0.338125 0.30000000000000004 0.043750000000000004
0 0.16666666666666669 0.28250000000000003 0.30000000000000004 0.0425
0 0.49000000000000005 0.276875 0.30000000000000004 0.043750000000000004
0 0.8233333333333334 0.27 0.30000000000000004 0.045
0 0.16833333333333333 0.218125 0.30000000000000004 0.043750000000000004
0 0.49000000000000005 0.21125 0.30000000000000004 0.0425
0 0.8250000000000001 0.204375 0.30000000000000004 0.043750000000000004
0 0.1716666666666667 0.1575 0.30000000000000004 0.05
0 0.49333333333333335 0.1475 0.30000000000000004 0.0425
0 0.8200000000000001 0.135 0.30000000000000004 0.0475
0 0.17666666666666667 0.091875 0.30000000000000004 0.04125
0 0.4916666666666667 0.0825 0.30000000000000004 0.0475
0 0.8200000000000001 0.073125 0.30000000000000004 0.043750000000000004
0 0.8308333333333334 0.68625 0.28833333333333333 0.0625
