0 0.8250000000000001 0.721875 0.30000000000000004 0.043750000000000004
0 0.49500000000000005 0.718125 0.30000000000000004 0.043750000000000004
0 0.16333333333333333 0.714375 0.30000000000000004 0.058750000000000004
0 0.8233333333333334 0.655625 0.30000000000000004 0.043750000000000004
0 0.4966666666666667 0.651875 0.30000000000000004 0.043750000000000004
0 0.16666666666666669 0.645 0.30000000000000004 0.0425
0 0.8233333333333334 0.589375 0.30000000000000004 0.04875
0 0.16833333333333333 0.58125 0.30000000000000004 0.0425
0 0.8200000000000001 0.524375 0.30000000000000004 0.043750000000000004
0 0.49500000000000005 0.521875 0.30000000000000004 0.043750000000000004
0 0.1716666666666667 0.51875 0.30000000000000004 0.0425
0 0.8183333333333334 0.460625 0.30000000000000004 0.043750000000000004
0 0.17 0.4575 0.30000000000000004 0.0425
0 0.4966666666666667 0.4575 0.30000000000000004 0.0425
0 0.17500000000000002 0.395625 0.30000000000000004 0.04125
0 0.8166666666666668 0.39625 0.30000000000000004 0.0425
0 0.49833333333333335 0.39375 0.30000000000000004 0.0425
0 0.8133333333333334 0.33375 0.30000000000000004 0.0425
0 0.49833333333333335 0.33125 0.30000000000000004 0.0425
0 0.18000000000000002 0.275 0.30000000000000004 0.04
0 0.8133333333333334 0.27187500000000003 0.30000000000000004 0.04125
0 0.5 0.27 0.30000000000000004 0.0425
0 0.18333333333333335 0.215625 0.30000000000000004 0.04125
0 0.49833333333333335 0.21 0.30000000000000004 0.04
0 0.8116666666666668 0.21125 0.30000000000000004 0.0425
0 0.18500000000000003 0.1575 0.30000000000000004 0.04
0 0.81 0.151875 0.30000000000000004 0.04125
0 0.5 0.150625 0.30000000000000004 0.04125
0 0.17500000000000002 0.3325 0.30000000000000004 0.06
0 0.4891666666666667 0.58875 0.30833333333333335 0.0475
