0 0.1716666666666667 0.7025 0.30000000000000004 0.0425
0 0.49500000000000005 0.700625 0.30000000000000004 0.043750000000000004
0 0.8250000000000001 0.69875 0.30000000000000004 0.0425
0 0.17333333333333334 0.635 0.30000000000000004 0.0525
0 0.49500000000000005 0.6375000000000001 0.30000000000000004 0.0425
0 0.8216666666666668 0.630625 0.30000000000000004 0.058750000000000004
0 0.49333333333333335 0.5725 0.30000000000000004 0.0425
0 0.17500000000000002 0.57375 0.30000000000000004 0.0575
0 0.8183333333333334 0.56875 0.30000000000000004 0.0425
0 0.17666666666666667 0.515625 0.30000000000000004 0.04125
0 0.4916666666666667 0.51 0.30000000000000004 0.0425
0 0.8183333333333334 0.503125 0.30000000000000004 0.051250000000000004
0 0.17833333333333334 0.453125 0.30000000000000004 0.04125
0 0.4916666666666667 0.446875 0.30000000000000004 0.04125
0 0.8183333333333334 0.4375 0.30000000000000004 0.0575
0 0.18166666666666667 0.39187500000000003 0.30000000000000004 0.04125
0 0.4941666666666667 0.38125000000000003 0.2916666666666667 0.05
0 0.8133333333333334 0.374375 0.30000000000000004 0.043750000000000004
0 0.17833333333333334 0.32625 0.30333333333333334 0.05
0 0.48833333333333334 0.3225 0.30000000000000004 0.0425
0 0.8175 0.30312500000000003 0.28500000000000003 0.05625
0 0.18166666666666667 0.27187500000000003 0.30000000000000004 0.04125
0 0.48833333333333334 0.261875 0.30000000000000004 0.04125
0 0.81 0.244375 0.30000000000000004 0.051250000000000004
0 0.18166666666666667 0.211875 0.30000000000000004 0.04125
0 0.48833333333333334 0.199375 0.30000000000000004 0.043750000000000004
0 0.8066666666666668 0.18 0.30000000000000004 0.05
0 0.18333333333333335 0.150625 0.30000000000000004 0.04875
0 0.48833333333333334 0.138125 0.30000000000000004 0.05375
0 0.805 0.116875 0.30000000000000004 0.043750000000000004
