0 0.8183333333333334 0.73875 0.30000000000000004 0.0425
0 0.49833333333333335 0.7375 0.30000000000000004 0.0475
0 0.18666666666666668 0.73625 0.30000000000000004 0.0425
0 0.18500000000000003 0.675625 0.30000000000000004 0.04125
0 0.5016666666666667 0.675625 0.30000000000000004 0.04125
0 0.8183333333333334 0.67625 0.30000000000000004 0.0425
0 0.18500000000000003 0.615 0.30000000000000004 0.0425
0 0.5 0.61375 0.30000000000000004 0.0425
0 0.8150000000000001 0.61375 0.30000000000000004 0.0425
0 0.18666666666666668 0.56 0.30000000000000004 0.055
0 0.49833333333333335 0.553125 0.30000000000000004 0.04125
0 0.8133333333333334 0.5525 0.30000000000000004 0.0425
0 0.18333333333333335 0.494375 0.30000000000000004 0.04125
0 0.5016666666666667 0.491875 0.30000000000000004 0.04125
0 0.81 0.49062500000000003 0.30000000000000004 0.04125
0 0.18500000000000003 0.43375 0.30000000000000004 0.04
0 0.4966666666666667 0.43062500000000004 0.30000000000000004 0.04125
0 0.81 0.42812500000000003 0.30000000000000004 0.04125
0 0.18333333333333335 0.374375 0.30000000000000004 0.04125
0 0.49500000000000005 0.369375 0.30000000000000004 0.04125
0 0.81 0.366875 0.30000000000000004 0.04125
0 0.18666666666666668 0.314375 0.30000000000000004 0.04125
0 0.49500000000000005 0.309375 0.30000000000000004 0.04125
0 0.805 0.306875 0.30000000000000004 0.04125
0 0.18333333333333335 0.255625 0.30000000000000004 0.04125
0 0.49333333333333335 0.25 0.30000000000000004 0.0425
0 0.8033333333333333 0.245 0.30000000000000004 0.0475
0 0.18166666666666667 0.195625 0.30000000000000004 0.04125
0 0.49333333333333335 0.19062500000000002 0.30000000000000004 0.04125
0 0.8016666666666667 0.18812500000000001 0.30000000000000004 0.043750000000000004
