0 0.8483333333333334 0.651875 0.2833333333333333 0.03375
0 0.48833333333333334 0.655 0.27 0.04
0 0.1366666666666667 0.65125 0.24000000000000002 0.0375
0 0.8425 0.5975 0.2816666666666667 0.035
0 0.47750000000000004 0.59875 0.24500000000000002 0.0425
0 0.12666666666666668 0.596875 0.21333333333333335 0.043750000000000004
0 0.15083333333333335 0.544375 0.25833333333333336 0.03625
0 0.8291666666666667 0.5425 0.2516666666666667 0.0375
0 0.1525 0.494375 0.255 0.03875
0 0.8266666666666668 0.48562500000000003 0.25 0.03875
0 0.8225 0.43625 0.2516666666666667 0.0325
0 0.155 0.4425 0.25333333333333335 0.0425
0 0.4683333333333334 0.39 0.22 0.0325
0 0.14750000000000002 0.395 0.22833333333333336 0.0375
0 0.15000000000000002 0.34375 0.2366666666666667 0.0375
0 0.47000000000000003 0.339375 0.22 0.03875
0 0.15916666666666668 0.2925 0.2516666666666667 0.035
0 0.4891666666666667 0.288125 0.25833333333333336 0.03875
0 0.155 0.245625 0.24333333333333335 0.03875
0 0.4816666666666667 0.23625000000000002 0.24666666666666667 0.035
0 0.8233333333333334 0.229375 0.26666666666666666 0.03625
0 0.1525 0.195625 0.23833333333333334 0.03375
0 0.47500000000000003 0.18937500000000002 0.2366666666666667 0.03625
0 0.8183333333333334 0.1775 0.2566666666666667 0.0375
0 0.46166666666666667 0.43875000000000003 0.20333333333333334 0.0425
0 0.4866666666666667 0.489375 0.26333333333333336 0.03375
0 0.48833333333333334 0.544375 0.26333333333333336 0.043750000000000004
0 0.8075000000000001 0.28250000000000003 0.23833333333333334 0.0425
0 0.7991666666666667 0.335625 0.21166666666666667 0.043750000000000004
0 0.8216666666666668 0.383125 0.2566666666666667 0.043750000000000004
