0 0.19666666666666668 0.740625 0.30000000000000004 0.04125
0 0.8300000000000001 0.7368750000000001 0.30000000000000004 0.04125
0 0.5133333333333334 0.7375 0.30000000000000004 0.0425
0 0.195 0.678125 0.30000000000000004 0.04125
0 0.5116666666666667 0.675625 0.30000000000000004 0.043750000000000004
0 0.8283333333333334 0.6775 0.30000000000000004 0.0525
0 0.195 0.6175 0.30000000000000004 0.0425
0 0.5083333333333334 0.614375 0.30000000000000004 0.04125
0 0.8266666666666668 0.613125 0.30000000000000004 0.04875
0 0.19833333333333333 0.555625 0.30000000000000004 0.04125
0 0.5083333333333334 0.553125 0.30000000000000004 0.04125
0 0.8266666666666668 0.555 0.30000000000000004 0.0575
0 0.19666666666666668 0.494375 0.30000000000000004 0.04125
0 0.5116666666666667 0.49125 0.30000000000000004 0.045
0 0.8300000000000001 0.4825 0.30000000000000004 0.0625
0 0.19666666666666668 0.433125 0.30000000000000004 0.04125
0 0.51 0.4275 0.30000000000000004 0.0525
0 0.8266666666666668 0.42625 0.30000000000000004 0.0475
0 0.19666666666666668 0.3725 0.30000000000000004 0.0425
0 0.505 0.368125 0.30000000000000004 0.04125
0 0.8250000000000001 0.35875 0.30000000000000004 0.055
0 0.19333333333333336 0.311875 0.30000000000000004 0.04125
0 0.5033333333333334 0.30625 0.30000000000000004 0.0425
0 0.8233333333333334 0.29375 0.30000000000000004 0.0525
0 0.19166666666666668 0.25 0.30000000000000004 0.0425
0 0.5016666666666667 0.24375 0.30000000000000004 0.0425
0 0.8283333333333334 0.231875 0.30000000000000004 0.05375
0 0.19 0.18812500000000001 0.30000000000000004 0.04125
0 0.5 0.173125 0.30000000000000004 0.05375
0 0.8283333333333334 0.164375 0.30000000000000004 0.04625
