0 0.19 0.719375 0.30000000000000004 0.043750000000000004
0 0.5066666666666667 0.708125 0.30000000000000004 0.043750000000000004
0 0.8183333333333334 0.698125 0.30000000000000004 0.04125
0 0.18833333333333335 0.6575 0.30000000000000004 0.0425
0 0.5033333333333334 0.6475 0.30000000000000004 0.0425
0 0.8150000000000001 0.6375000000000001 0.30000000000000004 0.0425
0 0.18666666666666668 0.595625 0.30000000000000004 0.04125
0 0.5016666666666667 0.58625 0.30000000000000004 0.0425
0 0.8116666666666668 0.5775 0.30000000000000004 0.0425
0 0.18500000000000003 0.534375 0.30000000000000004 0.04125
0 0.49833333333333335 0.525625 0.30000000000000004 0.04125
0 0.8083333333333333 0.5175 0.30000000000000004 0.0425
0 0.18500000000000003 0.47250000000000003 0.30000000000000004 0.0425
0 0.49500000000000005 0.46625 0.30000000000000004 0.04
0 0.805 0.458125 0.30000000000000004 0.04125
0 0.18333333333333335 0.411875 0.30000000000000004 0.04125
0 0.49500000000000005 0.406875 0.30000000000000004 0.04125
0 0.8016666666666667 0.39875 0.30000000000000004 0.0425
0 0.18333333333333335 0.353125 0.30000000000000004 0.04125
0 0.4916666666666667 0.346875 0.30000000000000004 0.04125
0 0.7983333333333333 0.339375 0.30000000000000004 0.04125
0 0.18500000000000003 0.2925 0.30000000000000004 0.0425
0 0.4916666666666667 0.288125 0.30000000000000004 0.04125
0 0.795 0.281875 0.30000000000000004 0.04125
0 0.18333333333333335 0.23500000000000001 0.30000000000000004 0.04
0 0.48833333333333334 0.23 0.30000000000000004 0.04
0 0.7933333333333333 0.22312500000000002 0.30000000000000004 0.04125
0 0.18500000000000003 0.178125 0.30000000000000004 0.051250000000000004
0 0.4866666666666667 0.171875 0.30000000000000004 0.04125
0 0.79 0.165625 0.30000000000000004 0.04125
