0 0.8500000000000001 0.885625 0.30000000000000004 0.24875
0 0.20833333333333334 0.71125 0.30000000000000004 0.0425
0 0.515 0.70625 0.30000000000000004 0.0425
0 0.8016666666666667 0.699375 0.30000000000000004 0.04125
0 0.21000000000000002 0.64875 0.30000000000000004 0.0425
0 0.5133333333333334 0.644375 0.30000000000000004 0.04125
0 0.8 0.640625 0.30000000000000004 0.04125
0 0.20833333333333334 0.58625 0.30000000000000004 0.0425
0 0.5133333333333334 0.583125 0.30000000000000004 0.04125
0 0.8 0.5806250000000001 0.30000000000000004 0.04125
0 0.20833333333333334 0.5231250000000001 0.30000000000000004 0.04125
0 0.5116666666666667 0.5231250000000001 0.30000000000000004 0.04125
0 0.8033333333333333 0.521875 0.30000000000000004 0.04125
0 0.8 0.46187500000000004 0.30000000000000004 0.04125
0 0.20833333333333334 0.460625 0.30000000000000004 0.04125
0 0.5133333333333334 0.46125 0.30000000000000004 0.0425
0 0.8016666666666667 0.401875 0.30000000000000004 0.04125
0 0.5116666666666667 0.4 0.30000000000000004 0.0425
0 0.2066666666666667 0.3975 0.30000000000000004 0.0425
0 0.8016666666666667 0.341875 0.30000000000000004 0.04125
0 0.5116666666666667 0.3375 0.30000000000000004 0.0425
0 0.20833333333333334 0.335 0.30000000000000004 0.0425
0 0.5133333333333334 0.275625 0.30000000000000004 0.04125
0 0.805 0.281875 0.30000000000000004 0.04875
0 0.2066666666666667 0.2725 0.30000000000000004 0.0425
0 0.8016666666666667 0.2225 0.30000000000000004 0.04
0 0.5133333333333334 0.215625 0.30000000000000004 0.04125
0 0.2066666666666667 0.21 0.30000000000000004 0.0425
0 0.7983333333333333 0.164375 0.30000000000000004 0.04125
0 0.20833333333333334 0.14625 0.30000000000000004 0.0425
0 0.5116666666666667 0.15125 0.30000000000000004 0.05
