0 0.18333333333333335 0.71125 0.30000000000000004 0.0425
0 0.49000000000000005 0.7056250000000001 0.30000000000000004 0.04125
0 0.7966666666666667 0.694375 0.30000000000000004 0.04875
0 0.18500000000000003 0.64875 0.30000000000000004 0.0425
0 0.49000000000000005 0.645 0.30000000000000004 0.0425
0 0.7883333333333333 0.640625 0.30000000000000004 0.04125
0 0.18333333333333335 0.5875 0.30000000000000004 0.0425
0 0.48833333333333334 0.58375 0.30000000000000004 0.0425
0 0.7866666666666667 0.5825 0.30000000000000004 0.045
0 0.4866666666666667 0.52375 0.30000000000000004 0.0425
0 0.7866666666666667 0.520625 0.30000000000000004 0.04125
0 0.18166666666666667 0.525625 0.30000000000000004 0.05625
0 0.18333333333333335 0.46375 0.30000000000000004 0.0425
0 0.7883333333333333 0.46187500000000004 0.30000000000000004 0.04125
0 0.48833333333333334 0.4625 0.30000000000000004 0.0425
0 0.785 0.401875 0.30000000000000004 0.04125
0 0.48833333333333334 0.401875 0.30000000000000004 0.04125
0 0.18500000000000003 0.4025 0.30000000000000004 0.0425
0 0.7866666666666667 0.341875 0.30000000000000004 0.04125
0 0.48500000000000004 0.340625 0.30000000000000004 0.04125
0 0.18166666666666667 0.34 0.30000000000000004 0.0425
0 0.7833333333333334 0.281875 0.30000000000000004 0.04125
0 0.48333333333333334 0.280625 0.30000000000000004 0.04125
0 0.18333333333333335 0.28 0.30000000000000004 0.0425
0 0.7833333333333334 0.22312500000000002 0.30000000000000004 0.04125
0 0.48333333333333334 0.22062500000000002 0.30000000000000004 0.04125
0 0.18500000000000003 0.218125 0.30000000000000004 0.04125
0 0.7833333333333334 0.16375 0.30000000000000004 0.04
0 0.18333333333333335 0.15875 0.30000000000000004 0.0425
0 0.48500000000000004 0.1575 0.30000000000000004 0.05
