0 0.18166666666666667 0.75125 0.30000000000000004 0.0425
0 0.7916666666666667 0.75 0.30000000000000004 0.0525
0 0.4866666666666667 0.75 0.30000000000000004 0.0425
0 0.18000000000000002 0.6900000000000001 0.30000000000000004 0.0425
0 0.7916666666666667 0.68875 0.30000000000000004 0.0425
0 0.4866666666666667 0.6875 0.30000000000000004 0.0425
0 0.18000000000000002 0.628125 0.30000000000000004 0.04125
0 0.7916666666666667 0.6275000000000001 0.30000000000000004 0.0425
0 0.4866666666666667 0.625625 0.30000000000000004 0.043750000000000004
0 0.4866666666666667 0.565625 0.30000000000000004 0.04125
0 0.18000000000000002 0.56625 0.30000000000000004 0.0425
0 0.7916666666666667 0.5650000000000001 0.30000000000000004 0.0425
0 0.18166666666666667 0.505 0.30000000000000004 0.0425
0 0.4866666666666667 0.50375 0.30000000000000004 0.0425
0 0.7933333333333333 0.5025000000000001 0.30000000000000004 0.0425
0 0.18000000000000002 0.441875 0.30000000000000004 0.04125
0 0.48500000000000004 0.44125000000000003 0.30000000000000004 0.0425
0 0.795 0.4425 0.30000000000000004 0.0525
0 0.18000000000000002 0.38 0.30000000000000004 0.0425
0 0.48333333333333334 0.37875000000000003 0.30000000000000004 0.0425
0 0.7933333333333333 0.373125 0.30000000000000004 0.043750000000000004
0 0.18000000000000002 0.32 0.30000000000000004 0.0425
0 0.4816666666666667 0.31625000000000003 0.30000000000000004 0.0425
0 0.7916666666666667 0.308125 0.30000000000000004 0.043750000000000004
0 0.17833333333333334 0.2575 0.30000000000000004 0.0425
0 0.4816666666666667 0.25625 0.30000000000000004 0.0525
0 0.7916666666666667 0.243125 0.30000000000000004 0.043750000000000004
0 0.17666666666666667 0.19187500000000002 0.30000000000000004 0.04875
0 0.7933333333333333 0.176875 0.30000000000000004 0.043750000000000004
0 0.48000000000000004 0.18625 0.30000000000000004 0.0575
