0 0.18666666666666668 0.71375 0.30000000000000004 0.0425
0 0.5 0.705 0.30000000000000004 0.0425
0 0.8066666666666668 0.6975 0.30000000000000004 0.0425
0 0.18333333333333335 0.65 0.30000000000000004 0.0425
0 0.4966666666666667 0.6425 0.30000000000000004 0.0425
0 0.805 0.635625 0.30000000000000004 0.043750000000000004
0 0.18333333333333335 0.58625 0.30000000000000004 0.0425
0 0.4916666666666667 0.58 0.30000000000000004 0.0425
0 0.8033333333333333 0.5750000000000001 0.30000000000000004 0.0425
0 0.18000000000000002 0.5225 0.30000000000000004 0.0425
0 0.805 0.5125 0.30000000000000004 0.0425
0 0.49333333333333335 0.5181250000000001 0.30000000000000004 0.05625
0 0.17666666666666667 0.4575 0.30000000000000004 0.0425
0 0.4916666666666667 0.45375 0.30000000000000004 0.0425
0 0.8166666666666668 0.45 0.32666666666666666 0.06
0 0.17500000000000002 0.393125 0.30000000000000004 0.043750000000000004
0 0.4916666666666667 0.39 0.30000000000000004 0.0425
0 0.8125 0.385 0.3216666666666667 0.04
0 0.17500000000000002 0.328125 0.30000000000000004 0.043750000000000004
0 0.49000000000000005 0.32625 0.30000000000000004 0.0425
0 0.8016666666666667 0.32375 0.30000000000000004 0.0425
0 0.17500000000000002 0.263125 0.30000000000000004 0.043750000000000004
0 0.8033333333333333 0.26125 0.30000000000000004 0.0425
0 0.4866666666666667 0.26125 0.30000000000000004 0.0525
0 0.8016666666666667 0.1975 0.30000000000000004 0.0425
0 0.17333333333333334 0.198125 0.30000000000000004 0.043750000000000004
0 0.48500000000000004 0.196875 0.30000000000000004 0.05625
0 0.8 0.133125 0.30000000000000004 0.043750000000000004
0 0.1716666666666667 0.134375 0.30000000000000004 0.043750000000000004
0 0.48333333333333334 0.13 0.30000000000000004 0.0425
