0 0.17833333333333334 0.7262500000000001 0.30000000000000004 0.0425
0 0.8033333333333333 0.724375 0.30000000000000004 0.04125
0 0.4916666666666667 0.723125 0.30000000000000004 0.04125
0 0.17833333333333334 0.6637500000000001 0.30000000000000004 0.0425
0 0.8016666666666667 0.6637500000000001 0.30000000000000004 0.0425
0 0.49333333333333335 0.6637500000000001 0.30000000000000004 0.0425
0 0.8066666666666668 0.603125 0.30000000000000004 0.04125
0 0.4916666666666667 0.603125 0.30000000000000004 0.04125
0 0.17833333333333334 0.60375 0.30000000000000004 0.0425
0 0.18000000000000002 0.543125 0.30000000000000004 0.04125
0 0.8016666666666667 0.541875 0.30000000000000004 0.04125
0 0.49000000000000005 0.543125 0.30000000000000004 0.043750000000000004
0 0.17833333333333334 0.4825 0.30000000000000004 0.0425
0 0.49000000000000005 0.48125 0.30000000000000004 0.0425
0 0.805 0.48 0.30000000000000004 0.0425
0 0.18000000000000002 0.421875 0.30000000000000004 0.04125
0 0.48833333333333334 0.41875 0.30000000000000004 0.0425
0 0.805 0.41625 0.30000000000000004 0.0425
0 0.18166666666666667 0.36062500000000003 0.30000000000000004 0.04125
0 0.49000000000000005 0.35875 0.30000000000000004 0.0425
0 0.8016666666666667 0.353125 0.30000000000000004 0.043750000000000004
0 0.49333333333333335 0.2975 0.30000000000000004 0.0425
0 0.8016666666666667 0.29 0.30000000000000004 0.0425
0 0.17833333333333334 0.294375 0.30000000000000004 0.051250000000000004
0 0.4866666666666667 0.23500000000000001 0.30000000000000004 0.0425
0 0.8066666666666668 0.225625 0.30000000000000004 0.043750000000000004
0 0.4866666666666667 0.17250000000000001 0.30000000000000004 0.0425
0 0.18000000000000002 0.18 0.30000000000000004 0.0525
0 0.8033333333333333 0.1625 0.30000000000000004 0.0425
0 0.15083333333333335 0.23875000000000002 0.23500000000000001 0.0475
