0 0.19166666666666668 0.720625 0.30000000000000004 0.043750000000000004
0 0.49500000000000005 0.716875 0.30000000000000004 0.04125
0 0.7966666666666667 0.715 0.30000000000000004 0.0425
0 0.19166666666666668 0.6587500000000001 0.30000000000000004 0.0425
0 0.49500000000000005 0.655625 0.30000000000000004 0.04125
0 0.7983333333333333 0.655 0.30000000000000004 0.05
0 0.19166666666666668 0.5975 0.30000000000000004 0.0425
0 0.49833333333333335 0.5962500000000001 0.30000000000000004 0.05
0 0.795 0.591875 0.30000000000000004 0.04875
0 0.19 0.535 0.30000000000000004 0.0425
0 0.4966666666666667 0.5337500000000001 0.30000000000000004 0.0425
0 0.7966666666666667 0.5325 0.30000000000000004 0.05
0 0.18666666666666668 0.471875 0.30000000000000004 0.043750000000000004
0 0.4966666666666667 0.474375 0.30000000000000004 0.05375
0 0.7983333333333333 0.474375 0.30000000000000004 0.058750000000000004
0 0.49833333333333335 0.40875 0.30000000000000004 0.0425
0 0.8 0.41000000000000003 0.30000000000000004 0.055
0 0.18666666666666668 0.403125 0.30000000000000004 0.058750000000000004
0 0.5 0.34500000000000003 0.30000000000000004 0.0425
0 0.18166666666666667 0.34125 0.30000000000000004 0.0425
0 0.8 0.340625 0.30000000000000004 0.05375
0 0.8016666666666667 0.28625 0.30000000000000004 0.0425
0 0.49333333333333335 0.28250000000000003 0.30000000000000004 0.0425
0 0.18500000000000003 0.275 0.30000000000000004 0.045
0 0.8 0.22312500000000002 0.30000000000000004 0.04625
0 0.49833333333333335 0.22062500000000002 0.30000000000000004 0.051250000000000004
0 0.18000000000000002 0.20875 0.30000000000000004 0.045
0 0.8 0.15625 0.30000000000000004 0.05
0 0.49833333333333335 0.153125 0.30000000000000004 0.04625
0 0.18166666666666667 0.139375 0.30000000000000004 0.06125
