0 0.16833333333333333 0.720625 0.30000000000000004 0.043750000000000004
0 0.48000000000000004 0.718125 0.30000000000000004 0.043750000000000004
0 0.7966666666666667 0.7125 0.30000000000000004 0.0425
0 0.4816666666666667 0.654375 0.30000000000000004 0.043750000000000004
0 0.7966666666666667 0.64875 0.30000000000000004 0.0425
0 0.16833333333333333 0.6575 0.30000000000000004 0.0575
0 0.17 0.591875 0.30000000000000004 0.043750000000000004
0 0.4816666666666667 0.58875 0.30000000000000004 0.0425
0 0.7966666666666667 0.58625 0.30000000000000004 0.0425
0 0.1716666666666667 0.5275 0.30000000000000004 0.0425
0 0.4816666666666667 0.525625 0.30000000000000004 0.043750000000000004
0 0.795 0.5225 0.30000000000000004 0.0425
0 0.16666666666666669 0.4625 0.30000000000000004 0.0425
0 0.48333333333333334 0.46125 0.30000000000000004 0.0425
0 0.795 0.46 0.30000000000000004 0.0425
0 0.1716666666666667 0.39875 0.30000000000000004 0.0425
0 0.795 0.39687500000000003 0.30000000000000004 0.04125
0 0.48000000000000004 0.395625 0.30000000000000004 0.051250000000000004
0 0.17 0.33375 0.30000000000000004 0.0425
0 0.7933333333333333 0.33375 0.30000000000000004 0.0425
0 0.4816666666666667 0.33375 0.30000000000000004 0.0425
0 0.7966666666666667 0.27125 0.30000000000000004 0.0425
0 0.48000000000000004 0.27 0.30000000000000004 0.0425
0 0.16833333333333333 0.273125 0.30000000000000004 0.051250000000000004
0 0.7933333333333333 0.20875 0.30000000000000004 0.0425
0 0.4783333333333334 0.20750000000000002 0.30000000000000004 0.0425
0 0.16833333333333333 0.20750000000000002 0.30000000000000004 0.0425
0 0.795 0.14625 0.30000000000000004 0.0425
0 0.4783333333333334 0.14375000000000002 0.30000000000000004 0.0425
0 0.17 0.145625 0.30000000000000004 0.04875
