0 0.13833333333333334 0.6 0.2366666666666667 0.0325
0 0.5 0.595 0.25 0.0325
0 0.8383333333333334 0.593125 0.24333333333333335 0.04125
0 0.8450000000000001 0.53625 0.2566666666666667 0.0375
0 0.125 0.5425 0.2066666666666667 0.0425
0 0.4991666666666667 0.540625 0.25833333333333336 0.04125
0 0.13333333333333333 0.485 0.22 0.04
0 0.49083333333333334 0.48875 0.24166666666666667 0.035
0 0.8400000000000001 0.48625 0.25333333333333335 0.04
0 0.14083333333333334 0.433125 0.23500000000000001 0.03875
0 0.49500000000000005 0.43625 0.25 0.0375
0 0.8416666666666667 0.435625 0.26 0.03875
0 0.14500000000000002 0.383125 0.2366666666666667 0.03625
0 0.8183333333333334 0.383125 0.22 0.03875
0 0.49083333333333334 0.3825 0.23833333333333334 0.04
0 0.8266666666666668 0.33437500000000003 0.24000000000000002 0.03125
0 0.4891666666666667 0.3325 0.23833333333333334 0.0375
0 0.8108333333333334 0.28375 0.21833333333333335 0.03
0 0.4891666666666667 0.28250000000000003 0.23833333333333334 0.03
0 0.8266666666666668 0.230625 0.25 0.03625
0 0.155 0.23375 0.24666666666666667 0.0325
0 0.4783333333333334 0.23125 0.22 0.0325
0 0.15833333333333335 0.17875 0.25 0.0375
0 0.8175 0.13375 0.23833333333333334 0.035
0 0.15666666666666668 0.129375 0.24333333333333335 0.03625
0 0.1525 0.281875 0.24833333333333335 0.03625
0 0.15166666666666667 0.333125 0.25 0.03625
0 0.48500000000000004 0.13375 0.23 0.045
0 0.48250000000000004 0.180625 0.22833333333333336 0.03875
0 0.8125 0.185 0.225 0.0425
