0 0.17333333333333334 0.698125 0.30000000000000004 0.043750000000000004
0 0.49500000000000005 0.693125 0.30000000000000004 0.043750000000000004
0 0.8150000000000001 0.691875 0.30000000000000004 0.043750000000000004
0 0.1716666666666667 0.631875 0.30000000000000004 0.043750000000000004
0 0.8166666666666668 0.63 0.30000000000000004 0.0425
0 0.49833333333333335 0.63 0.30000000000000004 0.0425
0 0.8150000000000001 0.56625 0.30000000000000004 0.0425
0 0.5 0.565625 0.30000000000000004 0.043750000000000004
0 0.17333333333333334 0.565625 0.30000000000000004 0.043750000000000004
0 0.8166666666666668 0.5025000000000001 0.30000000000000004 0.0425
0 0.4966666666666667 0.50125 0.30000000000000004 0.0425
0 0.17333333333333334 0.500625 0.30000000000000004 0.043750000000000004
0 0.8183333333333334 0.4375 0.30000000000000004 0.0425
0 0.5 0.44 0.30000000000000004 0.0525
0 0.17500000000000002 0.433125 0.30000000000000004 0.043750000000000004
0 0.8200000000000001 0.375 0.30000000000000004 0.0425
0 0.49833333333333335 0.37 0.30000000000000004 0.0425
0 0.17500000000000002 0.3675 0.30000000000000004 0.045
0 0.8166666666666668 0.310625 0.30000000000000004 0.04125
0 0.5016666666666667 0.305625 0.30000000000000004 0.043750000000000004
0 0.17666666666666667 0.3025 0.30000000000000004 0.0425
0 0.8183333333333334 0.24625 0.30000000000000004 0.0425
0 0.4966666666666667 0.239375 0.30000000000000004 0.043750000000000004
0 0.17833333333333334 0.236875 0.30000000000000004 0.043750000000000004
0 0.8216666666666668 0.1825 0.30000000000000004 0.0425
0 0.5016666666666667 0.17625 0.30000000000000004 0.0425
0 0.18000000000000002 0.171875 0.30000000000000004 0.043750000000000004
0 0.8216666666666668 0.11812500000000001 0.30000000000000004 0.04125
0 0.5 0.111875 0.30000000000000004 0.04875
0 0.18166666666666667 0.106875 0.30000000000000004 0.043750000000000004
