0 0.5083333333333334 0.72 0.30000000000000004 0.0425
0 0.8266666666666668 0.71875 0.30000000000000004 0.0425
0 0.18500000000000003 0.6531250000000001 0.30000000000000004 0.04625
0 0.51 0.655 0.30000000000000004 0.0425
0 0.8250000000000001 0.65375 0.30000000000000004 0.0425
0 0.18500000000000003 0.59375 0.30000000000000004 0.0425
0 0.51 0.59 0.30000000000000004 0.0425
0 0.8250000000000001 0.58875 0.30000000000000004 0.0425
0 0.18666666666666668 0.52875 0.30000000000000004 0.0425
0 0.5066666666666667 0.525 0.30000000000000004 0.0425
0 0.8233333333333334 0.5225 0.30000000000000004 0.0425
0 0.18500000000000003 0.465 0.30000000000000004 0.0425
0 0.5066666666666667 0.46 0.30000000000000004 0.0425
0 0.8216666666666668 0.45625 0.30000000000000004 0.0425
0 0.5083333333333334 0.39125 0.29333333333333333 0.05
0 0.8216666666666668 0.388125 0.30000000000000004 0.043750000000000004
0 0.17500000000000002 0.32625 0.30333333333333334 0.05
0 0.5033333333333334 0.33 0.30000000000000004 0.0425
0 0.8216666666666668 0.320625 0.30000000000000004 0.043750000000000004
0 0.49583333333333335 0.2575 0.3116666666666667 0.055
0 0.8200000000000001 0.253125 0.30000000000000004 0.043750000000000004
0 0.5 0.198125 0.30000000000000004 0.043750000000000004
0 0.8183333333333334 0.184375 0.30000000000000004 0.043750000000000004
0 0.49833333333333335 0.131875 0.30000000000000004 0.04125
0 0.8183333333333334 0.116875 0.30000000000000004 0.043750000000000004
0 0.14916666666666667 0.141875 0.23500000000000001 0.04625
0 0.16666666666666669 0.208125 0.2566666666666667 0.04625
0 0.1625 0.2725 0.23500000000000001 0.0475
0 0.17 0.39437500000000003 0.2566666666666667 0.051250000000000004
0 0.17916666666666667 0.714375 0.275 0.058750000000000004
