0 0.19166666666666668 0.7375 0.30000000000000004 0.0425
0 0.52 0.73625 0.30000000000000004 0.0425
0 0.8350000000000001 0.73375 0.30000000000000004 0.0425
0 0.5233333333333333 0.671875 0.30000000000000004 0.04125
0 0.8333333333333334 0.670625 0.30000000000000004 0.04125
0 0.195 0.671875 0.30000000000000004 0.043750000000000004
0 0.8300000000000001 0.606875 0.30000000000000004 0.04125
0 0.5216666666666667 0.6075 0.30000000000000004 0.0425
0 0.195 0.605625 0.30000000000000004 0.043750000000000004
0 0.8366666666666667 0.5437500000000001 0.30000000000000004 0.0425
0 0.19833333333333333 0.5387500000000001 0.30000000000000004 0.0425
0 0.8333333333333334 0.480625 0.30000000000000004 0.04125
0 0.5216666666666667 0.47625 0.30000000000000004 0.0425
0 0.8333333333333334 0.418125 0.30000000000000004 0.04125
0 0.5233333333333333 0.41250000000000003 0.30000000000000004 0.0425
0 0.8350000000000001 0.3575 0.30000000000000004 0.0425
0 0.5283333333333333 0.34875 0.30000000000000004 0.0425
0 0.2066666666666667 0.34500000000000003 0.30000000000000004 0.0425
0 0.8350000000000001 0.294375 0.30000000000000004 0.04125
0 0.5283333333333333 0.28625 0.30000000000000004 0.0425
0 0.8350000000000001 0.233125 0.30000000000000004 0.04125
0 0.8350000000000001 0.17125 0.30000000000000004 0.04
0 0.5283333333333333 0.16375 0.30000000000000004 0.045
0 0.17833333333333334 0.151875 0.22666666666666668 0.04625
0 0.18250000000000002 0.213125 0.2316666666666667 0.04875
0 0.17333333333333334 0.278125 0.22666666666666668 0.05375
0 0.17916666666666667 0.405 0.22833333333333336 0.055
0 0.17333333333333334 0.47375 0.27 0.05
0 0.49083333333333334 0.225 0.22833333333333336 0.0575
0 0.48750000000000004 0.538125 0.22833333333333336 0.051250000000000004
