0 0.8566666666666667 0.88625 0.2866666666666667 0.2425
0 0.49500000000000005 0.70875 0.30000000000000004 0.0425
0 0.8066666666666668 0.704375 0.30000000000000004 0.04125
0 0.16833333333333333 0.64625 0.30000000000000004 0.0425
0 0.4966666666666667 0.645 0.30000000000000004 0.0425
0 0.8033333333333333 0.641875 0.30000000000000004 0.04125
0 0.16833333333333333 0.58125 0.30000000000000004 0.0425
0 0.49500000000000005 0.583125 0.30000000000000004 0.04625
0 0.8033333333333333 0.579375 0.30000000000000004 0.04125
0 0.8033333333333333 0.516875 0.30000000000000004 0.04125
0 0.16833333333333333 0.51625 0.30000000000000004 0.0425
0 0.4966666666666667 0.515625 0.30000000000000004 0.043750000000000004
0 0.8008333333333334 0.451875 0.3016666666666667 0.04625
0 0.49500000000000005 0.4525 0.30000000000000004 0.0425
0 0.17 0.45 0.30000000000000004 0.0425
0 0.8008333333333334 0.385 0.3016666666666667 0.055
0 0.49833333333333335 0.3875 0.30000000000000004 0.0425
0 0.16833333333333333 0.384375 0.30000000000000004 0.043750000000000004
0 0.8016666666666667 0.32937500000000003 0.30000000000000004 0.04125
0 0.4966666666666667 0.321875 0.30000000000000004 0.043750000000000004
0 0.17 0.316875 0.30000000000000004 0.043750000000000004
0 0.8 0.268125 0.30000000000000004 0.04125
0 0.4966666666666667 0.258125 0.30000000000000004 0.043750000000000004
0 0.17 0.250625 0.30000000000000004 0.043750000000000004
0 0.8 0.20625000000000002 0.30000000000000004 0.0425
0 0.4966666666666667 0.194375 0.30000000000000004 0.04125
0 0.17 0.183125 0.30000000000000004 0.043750000000000004
0 0.7983333333333333 0.145 0.30000000000000004 0.0425
0 0.49500000000000005 0.13125 0.30000000000000004 0.0425
0 0.17 0.11812500000000001 0.30000000000000004 0.043750000000000004
0 0.16166666666666668 0.7125 0.29333333333333333 0.0625
