0 0.47500000000000003 0.725 0.30000000000000004 0.0425
0 0.165 0.7212500000000001 0.30000000000000004 0.0425
0 0.47500000000000003 0.665 0.30000000000000004 0.0425
0 0.165 0.660625 0.30000000000000004 0.04125
0 0.47500000000000003 0.601875 0.30000000000000004 0.04125
0 0.16333333333333333 0.6 0.30000000000000004 0.0425
0 0.795 0.6012500000000001 0.30000000000000004 0.06
0 0.7966666666666667 0.541875 0.30000000000000004 0.04125
0 0.16333333333333333 0.539375 0.30000000000000004 0.04125
0 0.47500000000000003 0.534375 0.30000000000000004 0.04875
0 0.16166666666666668 0.478125 0.30000000000000004 0.04125
0 0.47500000000000003 0.47500000000000003 0.30000000000000004 0.0475
0 0.16166666666666668 0.418125 0.30000000000000004 0.04625
0 0.4733333333333334 0.415625 0.30000000000000004 0.04125
0 0.16 0.35375 0.30000000000000004 0.0425
0 0.4766666666666667 0.351875 0.30000000000000004 0.04125
0 0.16 0.29 0.30000000000000004 0.0425
0 0.47500000000000003 0.29 0.30000000000000004 0.0425
0 0.7933333333333333 0.28875 0.30000000000000004 0.0425
0 0.16 0.228125 0.30000000000000004 0.04125
0 0.4766666666666667 0.225 0.30000000000000004 0.0525
0 0.16166666666666668 0.1675 0.30000000000000004 0.05
0 0.4766666666666667 0.165 0.30000000000000004 0.045
0 0.8041666666666667 0.16375 0.2783333333333334 0.045
0 0.7866666666666667 0.229375 0.2966666666666667 0.058750000000000004
0 0.7983333333333333 0.35125 0.29333333333333333 0.0625
0 0.7975000000000001 0.41625 0.2783333333333334 0.05
0 0.8025000000000001 0.480625 0.275 0.05375
0 0.7966666666666667 0.6743750000000001 0.2866666666666667 0.05375
0 0.7991666666666667 0.7312500000000001 0.29833333333333334 0.0475
