0 0.8183333333333334 0.7475 0.30000000000000004 0.0425
0 0.5166666666666667 0.74125 0.30000000000000004 0.0425
0 0.2066666666666667 0.733125 0.30000000000000004 0.04125
0 0.8416666666666667 0.681875 0.30000000000000004 0.043750000000000004
0 0.515 0.6775 0.30000000000000004 0.0425
0 0.2066666666666667 0.673125 0.30000000000000004 0.04125
0 0.8416666666666667 0.61625 0.30000000000000004 0.045
0 0.5166666666666667 0.615 0.30000000000000004 0.0425
0 0.20333333333333334 0.6118750000000001 0.30000000000000004 0.04125
0 0.8266666666666668 0.55125 0.30000000000000004 0.0425
0 0.5166666666666667 0.550625 0.30000000000000004 0.04125
0 0.2016666666666667 0.5493750000000001 0.30000000000000004 0.04125
0 0.2 0.4875 0.30000000000000004 0.0425
0 0.515 0.48625 0.30000000000000004 0.0425
0 0.8433333333333334 0.48375 0.30000000000000004 0.0475
0 0.19666666666666668 0.424375 0.30000000000000004 0.04125
0 0.515 0.42125 0.30000000000000004 0.0425
0 0.8400000000000001 0.41875 0.30000000000000004 0.0425
0 0.195 0.36125 0.30000000000000004 0.0425
0 0.5083333333333334 0.35625 0.30000000000000004 0.0425
0 0.8400000000000001 0.351875 0.30000000000000004 0.043750000000000004
0 0.19166666666666668 0.29625 0.30000000000000004 0.0425
0 0.5083333333333334 0.29125 0.30000000000000004 0.0425
0 0.8400000000000001 0.284375 0.30000000000000004 0.043750000000000004
0 0.18833333333333335 0.23125 0.30000000000000004 0.0425
0 0.5066666666666667 0.225 0.30000000000000004 0.0425
0 0.8383333333333334 0.215625 0.30000000000000004 0.04625
0 0.18500000000000003 0.16625 0.30000000000000004 0.0425
0 0.5066666666666667 0.15937500000000002 0.30000000000000004 0.043750000000000004
0 0.8400000000000001 0.149375 0.30000000000000004 0.043750000000000004
