0 0.8416666666666667 0.45687500000000003 0.28 0.03375
0 0.4966666666666667 0.411875 0.2866666666666667 0.03875
0 0.8358333333333334 0.403125 0.255 0.04625
0 0.49833333333333335 0.509375 0.26 0.043750000000000004
0 0.49500000000000005 0.46 0.26 0.0425
0 0.8408333333333334 0.35375 0.26833333333333337 0.0375
0 0.8391666666666667 0.30125 0.26833333333333337 0.0425
0 0.5125000000000001 0.260625 0.2816666666666667 0.03625
0 0.8425 0.2525 0.2816666666666667 0.04
0 0.8216666666666668 0.20125 0.24000000000000002 0.0375
0 0.4966666666666667 0.21125 0.24666666666666667 0.0375
0 0.52 0.1625 0.29333333333333333 0.0375
0 0.8466666666666667 0.15 0.29000000000000004 0.0375
0 0.1716666666666667 0.163125 0.25 0.043750000000000004
0 0.17500000000000002 0.215625 0.25 0.043750000000000004
0 0.1691666666666667 0.265625 0.24166666666666667 0.04125
0 0.1716666666666667 0.31375000000000003 0.26 0.0375
0 0.17250000000000001 0.36375 0.255 0.035
0 0.16583333333333333 0.41250000000000003 0.24833333333333335 0.045
0 0.16166666666666668 0.465 0.2566666666666667 0.04
0 0.16 0.51625 0.26 0.0425
0 0.15833333333333335 0.566875 0.27 0.03625
0 0.16333333333333333 0.618125 0.27 0.04125
0 0.5125000000000001 0.31 0.2783333333333334 0.0425
0 0.48583333333333334 0.36 0.225 0.035
0 0.4991666666666667 0.619375 0.275 0.043750000000000004
0 0.5033333333333334 0.564375 0.29000000000000004 0.03875
0 0.8316666666666667 0.51125 0.25 0.0475
0 0.8450000000000001 0.565625 0.26333333333333336 0.04125
0 0.8408333333333334 0.62125 0.255 0.05
