0 0.14750000000000002 0.5975 0.24166666666666667 0.04
0 0.8433333333333334 0.595 0.26 0.0375
0 0.4991666666666667 0.595625 0.255 0.043750000000000004
0 0.49833333333333335 0.541875 0.24666666666666667 0.03875
0 0.8333333333333334 0.54125 0.24000000000000002 0.0425
0 0.16 0.545 0.26333333333333336 0.045
0 0.15916666666666668 0.49 0.255 0.04
0 0.8350000000000001 0.48812500000000003 0.24666666666666667 0.03875
0 0.16583333333333333 0.43625 0.26166666666666666 0.0375
0 0.8383333333333334 0.43875000000000003 0.26333333333333336 0.0375
0 0.8308333333333334 0.390625 0.24833333333333335 0.03625
0 0.4991666666666667 0.386875 0.2516666666666667 0.03375
0 0.165 0.3875 0.2566666666666667 0.0375
0 0.8250000000000001 0.34 0.24666666666666667 0.03
0 0.49500000000000005 0.3325 0.24666666666666667 0.0375
0 0.16833333333333333 0.335625 0.2566666666666667 0.03625
0 0.8283333333333334 0.291875 0.2566666666666667 0.03125
0 0.17083333333333334 0.289375 0.25833333333333336 0.03375
0 0.8275 0.2425 0.255 0.03
0 0.17500000000000002 0.23625000000000002 0.2566666666666667 0.04
0 0.4966666666666667 0.238125 0.24666666666666667 0.03125
0 0.8200000000000001 0.195625 0.24333333333333335 0.02875
0 0.49833333333333335 0.19 0.25 0.0325
0 0.1691666666666667 0.18812500000000001 0.24166666666666667 0.03625
0 0.8183333333333334 0.149375 0.25 0.03375
0 0.17916666666666667 0.14375000000000002 0.25833333333333336 0.035
0 0.48333333333333334 0.14625 0.24000000000000002 0.04
0 0.4941666666666667 0.28750000000000003 0.24500000000000002 0.035
0 0.49833333333333335 0.4375 0.25333333333333335 0.04
0 0.5016666666666667 0.489375 0.2566666666666667 0.043750000000000004
