0 0.19166666666666668 0.74375 0.30000000000000004 0.0425
0 0.5133333333333334 0.74 0.30000000000000004 0.0425
0 0.8383333333333334 0.74 0.30000000000000004 0.0425
0 0.19166666666666668 0.67875 0.30000000000000004 0.0425
0 0.5116666666666667 0.675 0.30000000000000004 0.0425
0 0.8366666666666667 0.67125 0.30000000000000004 0.0525
0 0.19166666666666668 0.615 0.30000000000000004 0.0425
0 0.5116666666666667 0.61125 0.30000000000000004 0.0425
0 0.8350000000000001 0.61 0.30000000000000004 0.0425
0 0.195 0.551875 0.30000000000000004 0.04125
0 0.51 0.548125 0.30000000000000004 0.04125
0 0.8300000000000001 0.545 0.30000000000000004 0.0425
0 0.19666666666666668 0.489375 0.30000000000000004 0.04125
0 0.51 0.484375 0.30000000000000004 0.043750000000000004
0 0.8300000000000001 0.47875 0.30000000000000004 0.0425
0 0.19833333333333333 0.42812500000000003 0.30000000000000004 0.04125
0 0.5083333333333334 0.42125 0.30000000000000004 0.0425
0 0.8283333333333334 0.41250000000000003 0.30000000000000004 0.0425
0 0.19833333333333333 0.366875 0.30000000000000004 0.04125
0 0.5066666666666667 0.36 0.30000000000000004 0.0425
0 0.8266666666666668 0.34750000000000003 0.30000000000000004 0.0425
0 0.20333333333333334 0.306875 0.30000000000000004 0.04125
0 0.5066666666666667 0.296875 0.30000000000000004 0.04125
0 0.8233333333333334 0.28250000000000003 0.30000000000000004 0.0425
0 0.5033333333333334 0.23500000000000001 0.30000000000000004 0.0425
0 0.8233333333333334 0.2175 0.30000000000000004 0.0425
0 0.5033333333333334 0.173125 0.30000000000000004 0.04125
0 0.8200000000000001 0.1525 0.30000000000000004 0.0425
0 0.17833333333333334 0.18625 0.24333333333333335 0.0525
0 0.18166666666666667 0.248125 0.26333333333333336 0.051250000000000004
