0 0.8383333333333334 0.7675000000000001 0.30000000000000004 0.045
0 0.5 0.7575000000000001 0.30000000000000004 0.045
0 0.17 0.748125 0.30000000000000004 0.043750000000000004
0 0.8350000000000001 0.6975 0.30000000000000004 0.045
0 0.5016666666666667 0.68875 0.30000000000000004 0.045
0 0.1716666666666667 0.68125 0.30000000000000004 0.0425
0 0.8400000000000001 0.62875 0.30000000000000004 0.045
0 0.5033333333333334 0.623125 0.30000000000000004 0.043750000000000004
0 0.17500000000000002 0.61625 0.30000000000000004 0.0425
0 0.8366666666666667 0.563125 0.30000000000000004 0.043750000000000004
0 0.5033333333333334 0.55625 0.30000000000000004 0.045
0 0.17833333333333334 0.5525 0.30000000000000004 0.0425
0 0.8333333333333334 0.495 0.30000000000000004 0.0425
0 0.5016666666666667 0.4925 0.30000000000000004 0.0425
0 0.18000000000000002 0.489375 0.30000000000000004 0.04125
0 0.49833333333333335 0.42875 0.30000000000000004 0.0425
0 0.8333333333333334 0.429375 0.30000000000000004 0.043750000000000004
0 0.18166666666666667 0.4275 0.30000000000000004 0.0425
0 0.18500000000000003 0.366875 0.30000000000000004 0.04125
0 0.5 0.365 0.30000000000000004 0.0425
0 0.8283333333333334 0.365 0.30000000000000004 0.0425
0 0.18833333333333335 0.305625 0.30000000000000004 0.04125
0 0.8266666666666668 0.30062500000000003 0.30000000000000004 0.04125
0 0.5033333333333334 0.3025 0.30000000000000004 0.0525
0 0.19 0.24625 0.30000000000000004 0.04
0 0.505 0.241875 0.30000000000000004 0.04125
0 0.8266666666666668 0.23875000000000002 0.30000000000000004 0.0425
0 0.19333333333333336 0.1875 0.30000000000000004 0.04
0 0.505 0.181875 0.30000000000000004 0.04125
0 0.8233333333333334 0.178125 0.30000000000000004 0.04125
