0 0.16666666666666669 0.7368750000000001 0.30000000000000004 0.043750000000000004
0 0.49833333333333335 0.731875 0.30000000000000004 0.043750000000000004
0 0.8316666666666667 0.726875 0.30000000000000004 0.043750000000000004
0 0.16666666666666669 0.670625 0.30000000000000004 0.043750000000000004
0 0.4966666666666667 0.665625 0.30000000000000004 0.043750000000000004
0 0.8300000000000001 0.663125 0.30000000000000004 0.04625
0 0.165 0.604375 0.30000000000000004 0.043750000000000004
0 0.49333333333333335 0.599375 0.30000000000000004 0.043750000000000004
0 0.8333333333333334 0.595625 0.30000000000000004 0.043750000000000004
0 0.16666666666666669 0.5387500000000001 0.30000000000000004 0.0425
0 0.4966666666666667 0.5337500000000001 0.30000000000000004 0.0425
0 0.8283333333333334 0.528125 0.30000000000000004 0.043750000000000004
0 0.17 0.47375 0.30000000000000004 0.0425
0 0.4916666666666667 0.468125 0.30000000000000004 0.043750000000000004
0 0.8250000000000001 0.460625 0.30000000000000004 0.043750000000000004
0 0.16666666666666669 0.409375 0.30000000000000004 0.043750000000000004
0 0.49000000000000005 0.4025 0.30000000000000004 0.0425
0 0.8216666666666668 0.39437500000000003 0.30000000000000004 0.043750000000000004
0 0.16666666666666669 0.34625 0.30000000000000004 0.0425
0 0.49000000000000005 0.338125 0.30000000000000004 0.043750000000000004
0 0.8200000000000001 0.326875 0.30000000000000004 0.043750000000000004
0 0.16833333333333333 0.28250000000000003 0.30000000000000004 0.0425
0 0.48833333333333334 0.2725 0.30000000000000004 0.0425
0 0.8183333333333334 0.260625 0.30000000000000004 0.043750000000000004
0 0.17 0.21875 0.30000000000000004 0.0425
0 0.48833333333333334 0.208125 0.30000000000000004 0.043750000000000004
0 0.8200000000000001 0.193125 0.30000000000000004 0.043750000000000004
0 0.16666666666666669 0.15687500000000001 0.30000000000000004 0.04125
0 0.48333333333333334 0.14375000000000002 0.30000000000000004 0.0425
0 0.8166666666666668 0.12562500000000001 0.30000000000000004 0.043750000000000004
