0 0.4866666666666667 0.71125 0.30000000000000004 0.0425
0 0.17 0.71 0.30000000000000004 0.0425
0 0.8166666666666668 0.7106250000000001 0.30000000000000004 0.043750000000000004
0 0.4916666666666667 0.6475 0.30000000000000004 0.0425
0 0.1716666666666667 0.64625 0.30000000000000004 0.0425
0 0.8150000000000001 0.645 0.30000000000000004 0.0425
0 0.17 0.583125 0.30000000000000004 0.04125
0 0.49000000000000005 0.5825 0.30000000000000004 0.0425
0 0.8166666666666668 0.58 0.30000000000000004 0.0425
0 0.16833333333333333 0.520625 0.30000000000000004 0.04125
0 0.4866666666666667 0.51875 0.30000000000000004 0.0425
0 0.81 0.51625 0.30000000000000004 0.0425
0 0.1716666666666667 0.4575 0.30000000000000004 0.0425
0 0.49000000000000005 0.45375 0.30000000000000004 0.0425
0 0.8116666666666668 0.451875 0.30000000000000004 0.04125
0 0.17 0.395625 0.30000000000000004 0.04125
0 0.48833333333333334 0.39 0.30000000000000004 0.0425
0 0.8066666666666668 0.3875 0.30000000000000004 0.0425
0 0.17 0.33375 0.30000000000000004 0.0425
0 0.48500000000000004 0.32625 0.30000000000000004 0.0425
0 0.8083333333333333 0.3225 0.30000000000000004 0.0425
0 0.16833333333333333 0.27187500000000003 0.30000000000000004 0.04125
0 0.48500000000000004 0.263125 0.30000000000000004 0.043750000000000004
0 0.8066666666666668 0.25875 0.30000000000000004 0.0425
0 0.17 0.210625 0.30000000000000004 0.04125
0 0.48500000000000004 0.2 0.30000000000000004 0.0425
0 0.805 0.194375 0.30000000000000004 0.043750000000000004
0 0.16833333333333333 0.150625 0.30000000000000004 0.04125
0 0.48333333333333334 0.13875 0.30000000000000004 0.0425
0 0.8016666666666667 0.13 0.30000000000000004 0.05
