0 0.49000000000000005 0.675625 0.30000000000000004 0.04625
0 0.8316666666666667 0.67375 0.30000000000000004 0.045
0 0.16166666666666668 0.67375 0.30000000000000004 0.045
0 0.16166666666666668 0.608125 0.30000000000000004 0.043750000000000004
0 0.4866666666666667 0.604375 0.33666666666666667 0.04625
0 0.8266666666666668 0.603125 0.30000000000000004 0.043750000000000004
0 0.16333333333333333 0.543125 0.30000000000000004 0.043750000000000004
0 0.49083333333333334 0.535625 0.3016666666666667 0.051250000000000004
0 0.8166666666666668 0.535 0.30000000000000004 0.045
0 0.16333333333333333 0.47750000000000004 0.30000000000000004 0.0425
0 0.4866666666666667 0.471875 0.30000000000000004 0.043750000000000004
0 0.8233333333333334 0.466875 0.30000000000000004 0.043750000000000004
0 0.165 0.41375 0.30000000000000004 0.0425
0 0.4866666666666667 0.40625 0.30000000000000004 0.0425
0 0.8250000000000001 0.39937500000000004 0.30000000000000004 0.043750000000000004
0 0.17 0.35125 0.30000000000000004 0.0425
0 0.48500000000000004 0.341875 0.30000000000000004 0.043750000000000004
0 0.8183333333333334 0.33187500000000003 0.30000000000000004 0.043750000000000004
0 0.17 0.288125 0.30000000000000004 0.04125
0 0.48500000000000004 0.2775 0.30000000000000004 0.0425
0 0.8183333333333334 0.2675 0.30000000000000004 0.0425
0 0.1716666666666667 0.226875 0.30000000000000004 0.04125
0 0.4866666666666667 0.21375 0.30000000000000004 0.0425
0 0.8150000000000001 0.2025 0.30000000000000004 0.0425
0 0.17500000000000002 0.166875 0.30000000000000004 0.04125
0 0.4866666666666667 0.151875 0.30000000000000004 0.04125
0 0.8116666666666668 0.139375 0.30000000000000004 0.043750000000000004
0 0.18166666666666667 0.1075 0.30000000000000004 0.0425
0 0.48833333333333334 0.090625 0.30000000000000004 0.04125
0 0.8116666666666668 0.0825 0.30000000000000004 0.055
0 0.8083333333333333 0.08 0.30000000000000004 0.055
