0 0.8150000000000001 0.72875 0.30000000000000004 0.0425
0 0.19833333333333333 0.73 0.30000000000000004 0.065
0 0.51 0.72375 0.30000000000000004 0.065
0 0.8150000000000001 0.6675 0.30000000000000004 0.0425
0 0.19833333333333333 0.668125 0.30000000000000004 0.043750000000000004
0 0.51 0.665625 0.30000000000000004 0.04625
0 0.8166666666666668 0.609375 0.30000000000000004 0.04625
0 0.5133333333333334 0.6062500000000001 0.30000000000000004 0.0425
0 0.2016666666666667 0.6075 0.30000000000000004 0.0575
0 0.8183333333333334 0.544375 0.30000000000000004 0.043750000000000004
0 0.5133333333333334 0.545 0.30000000000000004 0.045
0 0.2016666666666667 0.54 0.30000000000000004 0.0425
0 0.8200000000000001 0.485 0.30000000000000004 0.0425
0 0.515 0.48125 0.30000000000000004 0.045
0 0.2066666666666667 0.47625 0.30000000000000004 0.0425
0 0.8183333333333334 0.42312500000000003 0.30000000000000004 0.04125
0 0.515 0.42125 0.30000000000000004 0.0525
0 0.2066666666666667 0.41250000000000003 0.30000000000000004 0.0425
0 0.8250000000000001 0.361875 0.30000000000000004 0.04125
0 0.5183333333333333 0.354375 0.30000000000000004 0.043750000000000004
0 0.21000000000000002 0.349375 0.30000000000000004 0.043750000000000004
0 0.8216666666666668 0.30125 0.30000000000000004 0.0425
0 0.5183333333333333 0.2925 0.30000000000000004 0.0425
0 0.21166666666666667 0.28625 0.30000000000000004 0.0425
0 0.8233333333333334 0.240625 0.30000000000000004 0.04125
0 0.5216666666666667 0.23 0.30000000000000004 0.0425
0 0.21166666666666667 0.22187500000000002 0.30000000000000004 0.043750000000000004
0 0.8266666666666668 0.180625 0.30000000000000004 0.04125
0 0.5233333333333333 0.17250000000000001 0.30000000000000004 0.0525
0 0.21666666666666667 0.16 0.30000000000000004 0.0425
