0 0.18666666666666668 0.73875 0.30000000000000004 0.045
0 0.5133333333333334 0.735 0.30000000000000004 0.045
0 0.8350000000000001 0.726875 0.30000000000000004 0.043750000000000004
0 0.19 0.67125 0.30000000000000004 0.045
0 0.5183333333333333 0.6687500000000001 0.30000000000000004 0.045
0 0.8383333333333334 0.6625 0.30000000000000004 0.045
0 0.18833333333333335 0.6025 0.30000000000000004 0.045
0 0.8350000000000001 0.5975 0.30000000000000004 0.0425
0 0.5166666666666667 0.6012500000000001 0.30000000000000004 0.0525
0 0.8383333333333334 0.5337500000000001 0.30000000000000004 0.0425
0 0.515 0.534375 0.30000000000000004 0.043750000000000004
0 0.19 0.535 0.30000000000000004 0.045
0 0.8333333333333334 0.468125 0.30000000000000004 0.043750000000000004
0 0.5133333333333334 0.468125 0.30000000000000004 0.043750000000000004
0 0.18833333333333335 0.46625 0.30000000000000004 0.045
0 0.8316666666666667 0.404375 0.30000000000000004 0.043750000000000004
0 0.5166666666666667 0.403125 0.30000000000000004 0.04625
0 0.19 0.39937500000000004 0.30000000000000004 0.043750000000000004
0 0.8333333333333334 0.340625 0.30000000000000004 0.043750000000000004
0 0.5133333333333334 0.33375 0.30000000000000004 0.045
0 0.19333333333333336 0.33 0.30000000000000004 0.045
0 0.8316666666666667 0.2775 0.30000000000000004 0.0425
0 0.515 0.268125 0.30000000000000004 0.043750000000000004
0 0.19333333333333336 0.263125 0.30000000000000004 0.051250000000000004
0 0.8316666666666667 0.215 0.30000000000000004 0.0425
0 0.5183333333333333 0.20375000000000001 0.30000000000000004 0.0425
0 0.195 0.19875 0.30000000000000004 0.045
0 0.8300000000000001 0.1525 0.30000000000000004 0.0425
0 0.515 0.138125 0.30000000000000004 0.043750000000000004
0 0.2016666666666667 0.133125 0.30000000000000004 0.043750000000000004
