0 0.14666666666666667 0.880625 0.29000000000000004 0.25625
0 0.8116666666666668 0.6900000000000001 0.30000000000000004 0.045
0 0.49000000000000005 0.68875 0.30000000000000004 0.0575
0 0.17833333333333334 0.6775 0.30000000000000004 0.0425
0 0.8116666666666668 0.626875 0.30000000000000004 0.051250000000000004
0 0.17833333333333334 0.61375 0.30000000000000004 0.0425
0 0.48833333333333334 0.6125 0.30000000000000004 0.055
0 0.8166666666666668 0.5543750000000001 0.30000000000000004 0.05375
0 0.49000000000000005 0.55625 0.30000000000000004 0.0525
0 0.17666666666666667 0.54875 0.30000000000000004 0.0425
0 0.49000000000000005 0.48625 0.30000000000000004 0.045
0 0.18000000000000002 0.485 0.30000000000000004 0.0425
0 0.8133333333333334 0.48375 0.30000000000000004 0.0525
0 0.18166666666666667 0.42125 0.30000000000000004 0.0425
0 0.49333333333333335 0.421875 0.30000000000000004 0.043750000000000004
0 0.8166666666666668 0.42125 0.30000000000000004 0.045
0 0.18166666666666667 0.35875 0.30000000000000004 0.0425
0 0.49500000000000005 0.35875 0.30000000000000004 0.0475
0 0.8166666666666668 0.353125 0.30000000000000004 0.043750000000000004
0 0.49333333333333335 0.290625 0.30000000000000004 0.043750000000000004
0 0.18166666666666667 0.291875 0.30000000000000004 0.04625
0 0.8150000000000001 0.28500000000000003 0.30000000000000004 0.045
0 0.18500000000000003 0.233125 0.30000000000000004 0.04625
0 0.4966666666666667 0.226875 0.30000000000000004 0.043750000000000004
0 0.8200000000000001 0.218125 0.30000000000000004 0.043750000000000004
0 0.18500000000000003 0.170625 0.30000000000000004 0.051250000000000004
0 0.49333333333333335 0.1625 0.30000000000000004 0.0425
0 0.8166666666666668 0.1525 0.30000000000000004 0.05
0 0.18666666666666668 0.10625 0.30000000000000004 0.0425
0 0.49500000000000005 0.0975 0.30000000000000004 0.045
0 0.8200000000000001 0.085 0.30000000000000004 0.0425
