0 0.19333333333333336 0.703125 0.30000000000000004 0.04625
0 0.5283333333333333 0.6975 0.30000000000000004 0.045
0 0.8500000000000001 0.693125 0.30000000000000004 0.043750000000000004
0 0.19166666666666668 0.6325000000000001 0.30000000000000004 0.045
0 0.5283333333333333 0.62875 0.30000000000000004 0.0475
0 0.8450000000000001 0.626875 0.30000000000000004 0.043750000000000004
0 0.8383333333333334 0.561875 0.30000000000000004 0.043750000000000004
0 0.19166666666666668 0.56125 0.30000000000000004 0.045
0 0.525 0.560625 0.30000000000000004 0.05625
0 0.8333333333333334 0.4975 0.30000000000000004 0.0425
0 0.53 0.49625 0.30000000000000004 0.0475
0 0.19166666666666668 0.49125 0.30000000000000004 0.045
0 0.8316666666666667 0.433125 0.30000000000000004 0.043750000000000004
0 0.5283333333333333 0.42625 0.30000000000000004 0.05
0 0.19333333333333336 0.42125 0.30000000000000004 0.045
0 0.8283333333333334 0.37 0.30000000000000004 0.0425
0 0.5291666666666667 0.35375 0.29833333333333334 0.06
0 0.2 0.35375 0.30000000000000004 0.045
0 0.8283333333333334 0.3075 0.30000000000000004 0.0425
0 0.525 0.29625 0.30000000000000004 0.045
0 0.8266666666666668 0.24625 0.30000000000000004 0.0425
0 0.52 0.225625 0.3066666666666667 0.05625
0 0.2016666666666667 0.21875 0.30000000000000004 0.045
0 0.8250000000000001 0.184375 0.30000000000000004 0.043750000000000004
0 0.5216666666666667 0.16125 0.3066666666666667 0.0575
0 0.20333333333333334 0.1525 0.30000000000000004 0.045
0 0.8183333333333334 0.124375 0.30000000000000004 0.04125
0 0.19833333333333333 0.089375 0.30000000000000004 0.043750000000000004
0 0.5266666666666667 0.09875 0.30000000000000004 0.0475
0 0.18500000000000003 0.288125 0.3066666666666667 0.06375
