0 0.8066666666666668 0.58625 0.25333333333333335 0.0375
0 0.505 0.58125 0.27666666666666667 0.035
0 0.18666666666666668 0.581875 0.27666666666666667 0.04125
0 0.49750000000000005 0.53125 0.26166666666666666 0.0325
0 0.8241666666666667 0.535 0.2916666666666667 0.035
0 0.17583333333333334 0.485 0.2516666666666667 0.035
0 0.4966666666666667 0.48562500000000003 0.26 0.03875
0 0.8158333333333334 0.485 0.275 0.0425
0 0.8183333333333334 0.436875 0.28 0.03375
0 0.5 0.436875 0.26 0.03625
0 0.17916666666666667 0.438125 0.255 0.03375
0 0.19583333333333336 0.39125 0.2816666666666667 0.035
0 0.49333333333333335 0.39187500000000003 0.2566666666666667 0.03375
0 0.8116666666666668 0.3875 0.26666666666666666 0.035
0 0.8200000000000001 0.336875 0.2866666666666667 0.03625
0 0.49083333333333334 0.34125 0.24833333333333335 0.035
0 0.18666666666666668 0.344375 0.2566666666666667 0.03625
0 0.19583333333333336 0.29625 0.2783333333333334 0.0325
0 0.8200000000000001 0.289375 0.2866666666666667 0.02875
0 0.5058333333333334 0.294375 0.275 0.04125
0 0.19416666666666668 0.24875 0.2816666666666667 0.035
0 0.8200000000000001 0.23875000000000002 0.2866666666666667 0.0325
0 0.5025000000000001 0.24625 0.26833333333333337 0.0375
0 0.1925 0.2025 0.265 0.035
0 0.49083333333333334 0.198125 0.24833333333333335 0.03375
0 0.8208333333333334 0.19375 0.28833333333333333 0.03
0 0.19583333333333336 0.15812500000000002 0.275 0.03625
0 0.5033333333333334 0.153125 0.2733333333333334 0.03375
0 0.8183333333333334 0.14250000000000002 0.27666666666666667 0.035
0 0.17833333333333334 0.530625 0.26 0.03875
