0 0.17833333333333334 0.7156250000000001 0.30000000000000004 0.04625
0 0.5166666666666667 0.69625 0.2966666666666667 0.065
0 0.8416666666666667 0.693125 0.30000000000000004 0.043750000000000004
0 0.17833333333333334 0.64375 0.30000000000000004 0.045
0 0.5183333333333333 0.63625 0.30000000000000004 0.045
0 0.8400000000000001 0.626875 0.30000000000000004 0.043750000000000004
0 0.515 0.5675 0.30000000000000004 0.045
0 0.8400000000000001 0.563125 0.30000000000000004 0.043750000000000004
0 0.17833333333333334 0.566875 0.30000000000000004 0.05625
0 0.18000000000000002 0.501875 0.30000000000000004 0.04625
0 0.8366666666666667 0.49875 0.30000000000000004 0.0425
0 0.52 0.5 0.30000000000000004 0.045
0 0.8350000000000001 0.435 0.30000000000000004 0.0425
0 0.18000000000000002 0.433125 0.30000000000000004 0.04625
0 0.515 0.426875 0.30000000000000004 0.05375
0 0.8350000000000001 0.3725 0.30000000000000004 0.0425
0 0.5133333333333334 0.364375 0.30000000000000004 0.043750000000000004
0 0.18333333333333335 0.365 0.30000000000000004 0.045
0 0.8266666666666668 0.31 0.30000000000000004 0.0425
0 0.5166666666666667 0.299375 0.30000000000000004 0.043750000000000004
0 0.18333333333333335 0.2975 0.30000000000000004 0.045
0 0.8233333333333334 0.24875 0.30000000000000004 0.0425
0 0.5116666666666667 0.23500000000000001 0.30000000000000004 0.045
0 0.18500000000000003 0.231875 0.30000000000000004 0.043750000000000004
0 0.8216666666666668 0.18937500000000002 0.30000000000000004 0.04125
0 0.51 0.175625 0.30000000000000004 0.05375
0 0.19166666666666668 0.166875 0.30000000000000004 0.043750000000000004
0 0.8183333333333334 0.129375 0.30000000000000004 0.04125
0 0.5133333333333334 0.10875 0.30000000000000004 0.0425
0 0.18833333333333335 0.10312500000000001 0.30000000000000004 0.043750000000000004
