0 0.16333333333333333 0.695625 0.30000000000000004 0.04625
0 0.5066666666666667 0.688125 0.30000000000000004 0.051250000000000004
0 0.8450000000000001 0.6843750000000001 0.30000000000000004 0.04625
0 0.16833333333333333 0.62625 0.30000000000000004 0.045
0 0.5033333333333334 0.62125 0.30000000000000004 0.045
0 0.8433333333333334 0.614375 0.30000000000000004 0.04625
0 0.16833333333333333 0.556875 0.30000000000000004 0.04625
0 0.8400000000000001 0.54875 0.30000000000000004 0.045
0 0.5033333333333334 0.550625 0.30000000000000004 0.04875
0 0.17333333333333334 0.491875 0.30000000000000004 0.043750000000000004
0 0.5033333333333334 0.48562500000000003 0.30000000000000004 0.043750000000000004
0 0.8333333333333334 0.480625 0.30000000000000004 0.043750000000000004
0 0.17666666666666667 0.42562500000000003 0.30000000000000004 0.043750000000000004
0 0.5033333333333334 0.420625 0.30000000000000004 0.043750000000000004
0 0.8316666666666667 0.415625 0.30000000000000004 0.043750000000000004
0 0.17833333333333334 0.361875 0.30000000000000004 0.043750000000000004
0 0.5016666666666667 0.356875 0.30000000000000004 0.043750000000000004
0 0.8283333333333334 0.35125 0.30000000000000004 0.0425
0 0.18166666666666667 0.29875 0.30000000000000004 0.0425
0 0.5016666666666667 0.2925 0.30000000000000004 0.0425
0 0.8233333333333334 0.286875 0.30000000000000004 0.043750000000000004
0 0.18333333333333335 0.23625000000000002 0.30000000000000004 0.0425
0 0.8266666666666668 0.22625 0.30000000000000004 0.0425
0 0.5033333333333334 0.2275 0.30000000000000004 0.055
0 0.19 0.175625 0.30000000000000004 0.04125
0 0.5016666666666667 0.17125 0.30000000000000004 0.0425
0 0.8183333333333334 0.165 0.30000000000000004 0.0425
0 0.19166666666666668 0.116875 0.30000000000000004 0.04125
0 0.5066666666666667 0.110625 0.30000000000000004 0.04125
0 0.8150000000000001 0.10625 0.30000000000000004 0.04
