0 0.49333333333333335 0.718125 0.30000000000000004 0.043750000000000004
0 0.17 0.71875 0.30000000000000004 0.045
0 0.8116666666666668 0.71375 0.30000000000000004 0.0425
0 0.49500000000000005 0.6525 0.30000000000000004 0.0425
0 0.8166666666666668 0.65125 0.30000000000000004 0.0425
0 0.1716666666666667 0.65125 0.30000000000000004 0.045
0 0.8133333333333334 0.5875 0.30000000000000004 0.0425
0 0.49833333333333335 0.5875 0.30000000000000004 0.0425
0 0.17333333333333334 0.584375 0.30000000000000004 0.043750000000000004
0 0.8150000000000001 0.525 0.30000000000000004 0.0425
0 0.5 0.521875 0.30000000000000004 0.043750000000000004
0 0.17500000000000002 0.5181250000000001 0.30000000000000004 0.043750000000000004
0 0.8150000000000001 0.46125 0.30000000000000004 0.0425
0 0.5 0.455625 0.30000000000000004 0.043750000000000004
0 0.17833333333333334 0.4525 0.30000000000000004 0.0425
0 0.8150000000000001 0.39875 0.30000000000000004 0.0425
0 0.5016666666666667 0.39125 0.30000000000000004 0.0425
0 0.18000000000000002 0.38625 0.30000000000000004 0.0425
0 0.8166666666666668 0.33625 0.30000000000000004 0.0425
0 0.505 0.326875 0.30000000000000004 0.043750000000000004
0 0.18333333333333335 0.320625 0.30000000000000004 0.043750000000000004
0 0.8183333333333334 0.27375 0.30000000000000004 0.0425
0 0.5033333333333334 0.2625 0.30000000000000004 0.0425
0 0.18166666666666667 0.25375000000000003 0.30000000000000004 0.045
0 0.8183333333333334 0.21125 0.30000000000000004 0.0425
0 0.505 0.19875 0.30000000000000004 0.0425
0 0.18666666666666668 0.18937500000000002 0.30000000000000004 0.043750000000000004
0 0.8183333333333334 0.150625 0.30000000000000004 0.04125
0 0.5066666666666667 0.135625 0.30000000000000004 0.043750000000000004
0 0.18833333333333335 0.12625 0.30000000000000004 0.0425
