0 0.19666666666666668 0.729375 0.30000000000000004 0.043750000000000004
0 0.8116666666666668 0.7175 0.30000000000000004 0.0425
0 0.5116666666666667 0.720625 0.30000000000000004 0.05375
0 0.19833333333333333 0.665 0.30000000000000004 0.045
0 0.5133333333333334 0.659375 0.30000000000000004 0.043750000000000004
0 0.8133333333333334 0.65625 0.30000000000000004 0.0425
0 0.19833333333333333 0.599375 0.30000000000000004 0.043750000000000004
0 0.5133333333333334 0.5962500000000001 0.30000000000000004 0.0425
0 0.8133333333333334 0.594375 0.30000000000000004 0.04125
0 0.19833333333333333 0.534375 0.30000000000000004 0.043750000000000004
0 0.515 0.535 0.30000000000000004 0.0475
0 0.8150000000000001 0.5325 0.30000000000000004 0.0425
0 0.8150000000000001 0.470625 0.30000000000000004 0.04125
0 0.5133333333333334 0.46875 0.30000000000000004 0.0425
0 0.19666666666666668 0.468125 0.30000000000000004 0.043750000000000004
0 0.8150000000000001 0.40875 0.30000000000000004 0.0425
0 0.5133333333333334 0.405 0.30000000000000004 0.0425
0 0.19333333333333336 0.400625 0.30000000000000004 0.043750000000000004
0 0.8166666666666668 0.34625 0.30000000000000004 0.0425
0 0.515 0.34 0.30000000000000004 0.0425
0 0.2 0.333125 0.30000000000000004 0.043750000000000004
0 0.8166666666666668 0.283125 0.30000000000000004 0.04125
0 0.5166666666666667 0.275 0.30000000000000004 0.0425
0 0.19833333333333333 0.26625 0.30000000000000004 0.045
0 0.8183333333333334 0.22 0.30000000000000004 0.0425
0 0.5166666666666667 0.210625 0.30000000000000004 0.043750000000000004
0 0.19833333333333333 0.19875 0.30000000000000004 0.045
0 0.8200000000000001 0.1575 0.30000000000000004 0.0425
0 0.515 0.145 0.30000000000000004 0.0425
0 0.19833333333333333 0.13125 0.30000000000000004 0.045
