0 0.19333333333333336 0.719375 0.30000000000000004 0.043750000000000004
0 0.525 0.7125 0.30000000000000004 0.045
0 0.8383333333333334 0.708125 0.30000000000000004 0.043750000000000004
0 0.19166666666666668 0.654375 0.30000000000000004 0.043750000000000004
0 0.5233333333333333 0.649375 0.30000000000000004 0.043750000000000004
0 0.8366666666666667 0.64375 0.30000000000000004 0.0425
0 0.19 0.589375 0.30000000000000004 0.043750000000000004
0 0.525 0.5856250000000001 0.30000000000000004 0.043750000000000004
0 0.8350000000000001 0.58125 0.30000000000000004 0.0425
0 0.19166666666666668 0.524375 0.30000000000000004 0.043750000000000004
0 0.525 0.525625 0.30000000000000004 0.051250000000000004
0 0.8366666666666667 0.52 0.30000000000000004 0.0425
0 0.8366666666666667 0.4575 0.30000000000000004 0.0425
0 0.5266666666666667 0.458125 0.30000000000000004 0.043750000000000004
0 0.19333333333333336 0.455625 0.30000000000000004 0.043750000000000004
0 0.8350000000000001 0.395 0.30000000000000004 0.0425
0 0.525 0.3925 0.30000000000000004 0.0425
0 0.195 0.390625 0.30000000000000004 0.043750000000000004
0 0.8366666666666667 0.333125 0.30000000000000004 0.04125
0 0.5216666666666667 0.3275 0.30000000000000004 0.0425
0 0.19666666666666668 0.324375 0.30000000000000004 0.043750000000000004
0 0.8350000000000001 0.27125 0.30000000000000004 0.0425
0 0.5216666666666667 0.26375 0.30000000000000004 0.0425
0 0.19666666666666668 0.2575 0.30000000000000004 0.045
0 0.8366666666666667 0.20875 0.30000000000000004 0.0425
0 0.5233333333333333 0.2 0.30000000000000004 0.0425
0 0.19833333333333333 0.1925 0.30000000000000004 0.045
0 0.8333333333333334 0.14625 0.30000000000000004 0.0425
0 0.5216666666666667 0.135625 0.30000000000000004 0.043750000000000004
0 0.2 0.128125 0.30000000000000004 0.043750000000000004
