0 0.8116666666666668 0.743125 0.30000000000000004 0.043750000000000004
0 0.4966666666666667 0.740625 0.30000000000000004 0.043750000000000004
0 0.19 0.738125 0.30000000000000004 0.043750000000000004
0 0.8116666666666668 0.676875 0.30000000000000004 0.043750000000000004
0 0.49500000000000005 0.67625 0.30000000000000004 0.0425
0 0.19166666666666668 0.675 0.30000000000000004 0.0425
0 0.49500000000000005 0.6125 0.30000000000000004 0.0425
0 0.19333333333333336 0.6125 0.30000000000000004 0.0425
0 0.8083333333333333 0.6118750000000001 0.30000000000000004 0.043750000000000004
0 0.19166666666666668 0.55 0.30000000000000004 0.0425
0 0.49333333333333335 0.54875 0.30000000000000004 0.0425
0 0.8083333333333333 0.546875 0.30000000000000004 0.043750000000000004
0 0.19333333333333336 0.489375 0.30000000000000004 0.04125
0 0.4916666666666667 0.485 0.30000000000000004 0.0425
0 0.805 0.480625 0.30000000000000004 0.043750000000000004
0 0.195 0.4275 0.30000000000000004 0.0425
0 0.49333333333333335 0.4225 0.30000000000000004 0.0425
0 0.805 0.4175 0.30000000000000004 0.0425
0 0.195 0.3675 0.30000000000000004 0.0425
0 0.49333333333333335 0.36 0.30000000000000004 0.0425
0 0.8033333333333333 0.3525 0.30000000000000004 0.0425
0 0.2 0.306875 0.30000000000000004 0.04125
0 0.49333333333333335 0.29875 0.30000000000000004 0.0425
0 0.8 0.29 0.30000000000000004 0.0425
0 0.19833333333333333 0.24625 0.30000000000000004 0.04
0 0.4916666666666667 0.23750000000000002 0.30000000000000004 0.0425
0 0.7983333333333333 0.2275 0.30000000000000004 0.0425
0 0.19833333333333333 0.18812500000000001 0.30000000000000004 0.04125
0 0.49500000000000005 0.17250000000000001 0.30000000000000004 0.055
0 0.8016666666666667 0.164375 0.30000000000000004 0.043750000000000004
