0 0.8233333333333334 0.728125 0.30000000000000004 0.043750000000000004
0 0.5066666666666667 0.724375 0.30000000000000004 0.043750000000000004
0 0.18500000000000003 0.723125 0.30000000000000004 0.043750000000000004
0 0.8250000000000001 0.664375 0.30000000000000004 0.043750000000000004
0 0.8283333333333334 0.59875 0.30000000000000004 0.0425
0 0.51 0.594375 0.30000000000000004 0.043750000000000004
0 0.19 0.5906250000000001 0.30000000000000004 0.043750000000000004
0 0.8283333333333334 0.534375 0.30000000000000004 0.043750000000000004
0 0.5133333333333334 0.528125 0.30000000000000004 0.043750000000000004
0 0.19166666666666668 0.521875 0.30000000000000004 0.051250000000000004
0 0.8300000000000001 0.469375 0.30000000000000004 0.043750000000000004
0 0.515 0.464375 0.30000000000000004 0.043750000000000004
0 0.195 0.45687500000000003 0.30000000000000004 0.043750000000000004
0 0.8300000000000001 0.406875 0.30000000000000004 0.043750000000000004
0 0.5166666666666667 0.4 0.30000000000000004 0.0425
0 0.19666666666666668 0.393125 0.30000000000000004 0.043750000000000004
0 0.8316666666666667 0.3425 0.30000000000000004 0.0425
0 0.515 0.335625 0.30000000000000004 0.043750000000000004
0 0.19666666666666668 0.328125 0.30000000000000004 0.043750000000000004
0 0.8316666666666667 0.28125 0.30000000000000004 0.0425
0 0.5166666666666667 0.273125 0.30000000000000004 0.043750000000000004
0 0.2016666666666667 0.264375 0.30000000000000004 0.043750000000000004
0 0.8333333333333334 0.216875 0.30000000000000004 0.043750000000000004
0 0.5216666666666667 0.21 0.30000000000000004 0.0425
0 0.20500000000000002 0.199375 0.30000000000000004 0.043750000000000004
0 0.8300000000000001 0.15375 0.30000000000000004 0.0425
0 0.5183333333333333 0.1475 0.30000000000000004 0.0425
0 0.2066666666666667 0.136875 0.30000000000000004 0.043750000000000004
