0 0.8250000000000001 0.7156250000000001 0.30000000000000004 0.043750000000000004
0 0.4866666666666667 0.709375 0.30000000000000004 0.043750000000000004
0 0.17 0.700625 0.30000000000000004 0.043750000000000004
0 0.8233333333333334 0.650625 0.30000000000000004 0.043750000000000004
0 0.48833333333333334 0.645625 0.30000000000000004 0.043750000000000004
0 0.17 0.64 0.30000000000000004 0.0425
0 0.8216666666666668 0.5856250000000001 0.30000000000000004 0.043750000000000004
0 0.4916666666666667 0.583125 0.30000000000000004 0.043750000000000004
0 0.16833333333333333 0.58 0.30000000000000004 0.0425
0 0.8216666666666668 0.52125 0.30000000000000004 0.0425
0 0.16833333333333333 0.519375 0.30000000000000004 0.04125
0 0.48833333333333334 0.52 0.30000000000000004 0.0475
0 0.16833333333333333 0.45875 0.30000000000000004 0.0425
0 0.49000000000000005 0.45687500000000003 0.30000000000000004 0.043750000000000004
0 0.8216666666666668 0.45687500000000003 0.30000000000000004 0.043750000000000004
0 0.1716666666666667 0.398125 0.30000000000000004 0.04125
0 0.49000000000000005 0.39375 0.30000000000000004 0.0425
0 0.8200000000000001 0.39187500000000003 0.30000000000000004 0.043750000000000004
0 0.1716666666666667 0.33875 0.30000000000000004 0.0425
0 0.49000000000000005 0.33125 0.30000000000000004 0.0425
0 0.8216666666666668 0.32875 0.30000000000000004 0.0425
0 0.1716666666666667 0.27875 0.30000000000000004 0.0425
0 0.49000000000000005 0.27 0.30000000000000004 0.0425
0 0.8183333333333334 0.264375 0.30000000000000004 0.043750000000000004
0 0.17500000000000002 0.21937500000000001 0.30000000000000004 0.04125
0 0.49000000000000005 0.20875 0.30000000000000004 0.0425
0 0.8183333333333334 0.201875 0.30000000000000004 0.043750000000000004
0 0.17500000000000002 0.16 0.30000000000000004 0.0425
0 0.4866666666666667 0.1475 0.30000000000000004 0.0425
0 0.8166666666666668 0.14 0.30000000000000004 0.0425
