0 0.4708333333333334 0.64 0.2316666666666667 0.04
0 0.8433333333333334 0.63875 0.26333333333333336 0.04
0 0.15333333333333335 0.635625 0.28 0.04125
0 0.8441666666666667 0.585 0.26166666666666666 0.04
0 0.14250000000000002 0.581875 0.255 0.03625
0 0.4841666666666667 0.57625 0.255 0.05
0 0.8383333333333334 0.528125 0.26 0.043750000000000004
0 0.4816666666666667 0.528125 0.24666666666666667 0.04125
0 0.49750000000000005 0.47000000000000003 0.27166666666666667 0.0425
0 0.13833333333333334 0.42562500000000003 0.21666666666666667 0.04125
0 0.4791666666666667 0.370625 0.225 0.03375
0 0.15083333333333335 0.37375 0.23500000000000001 0.0375
0 0.8266666666666668 0.3675 0.2366666666666667 0.035
0 0.8275 0.318125 0.24500000000000002 0.03625
0 0.49083333333333334 0.324375 0.24500000000000002 0.03875
0 0.155 0.3225 0.24000000000000002 0.0375
0 0.8341666666666667 0.26937500000000003 0.265 0.03625
0 0.4783333333333334 0.22312500000000002 0.22 0.03375
0 0.1625 0.22062500000000002 0.24833333333333335 0.04125
0 0.8383333333333334 0.21875 0.2733333333333334 0.0375
0 0.49083333333333334 0.17375000000000002 0.24500000000000002 0.035
0 0.15583333333333335 0.175625 0.22833333333333336 0.04125
0 0.8325 0.16625 0.26166666666666666 0.035
0 0.1575 0.27375 0.23833333333333334 0.0425
0 0.14583333333333334 0.47625 0.22833333333333336 0.04
0 0.14250000000000002 0.52625 0.2316666666666667 0.0475
0 0.4708333333333334 0.27375 0.20833333333333334 0.0325
0 0.48583333333333334 0.4175 0.24833333333333335 0.0425
0 0.8300000000000001 0.41625 0.25333333333333335 0.04
0 0.8266666666666668 0.47375 0.24666666666666667 0.0425
