0 0.8208333333333334 0.3675 0.23500000000000001 0.0325
0 0.5125000000000001 0.371875 0.27166666666666667 0.043750000000000004
0 0.4966666666666667 0.32625 0.2366666666666667 0.045
0 0.8308333333333334 0.32125 0.265 0.0375
0 0.8150000000000001 0.275625 0.23333333333333334 0.03375
0 0.5016666666666667 0.273125 0.24666666666666667 0.03625
0 0.18083333333333335 0.27187500000000003 0.255 0.03625
0 0.8166666666666668 0.23 0.24000000000000002 0.035
0 0.49833333333333335 0.226875 0.2366666666666667 0.03625
0 0.1716666666666667 0.22312500000000002 0.22666666666666668 0.04125
0 0.8141666666666667 0.18375 0.23500000000000001 0.035
0 0.49583333333333335 0.180625 0.2316666666666667 0.03625
0 0.17916666666666667 0.17875 0.24166666666666667 0.0375
0 0.1625 0.32 0.21833333333333335 0.0375
0 0.165 0.36875 0.2366666666666667 0.035
0 0.16333333333333333 0.418125 0.2366666666666667 0.03875
0 0.15333333333333335 0.46875 0.22333333333333336 0.0325
0 0.15333333333333335 0.5225 0.22666666666666668 0.045
0 0.16083333333333336 0.5725 0.24500000000000002 0.0375
0 0.17500000000000002 0.625 0.27666666666666667 0.04
0 0.5175000000000001 0.421875 0.27166666666666667 0.04125
0 0.5133333333333334 0.469375 0.26666666666666666 0.03375
0 0.5083333333333334 0.521875 0.25333333333333335 0.03375
0 0.5066666666666667 0.57125 0.24666666666666667 0.0375
0 0.5058333333333334 0.624375 0.26833333333333337 0.04125
0 0.8266666666666668 0.41500000000000004 0.24333333333333335 0.045
0 0.8483333333333334 0.4675 0.26666666666666666 0.0375
0 0.8325 0.5181250000000001 0.24166666666666667 0.03125
0 0.8383333333333334 0.56875 0.25 0.0375
0 0.8408333333333334 0.62 0.25833333333333336 0.0425
