0 0.16833333333333333 0.7075 0.30000000000000004 0.045
0 0.5166666666666667 0.70125 0.30000000000000004 0.045
0 0.8483333333333334 0.691875 0.2866666666666667 0.04625
0 0.5166666666666667 0.63375 0.30000000000000004 0.045
0 0.8500000000000001 0.626875 0.30000000000000004 0.043750000000000004
0 0.16833333333333333 0.6375000000000001 0.30000000000000004 0.0625
0 0.515 0.5675 0.30000000000000004 0.045
0 0.16833333333333333 0.5675 0.30000000000000004 0.05
0 0.8350000000000001 0.566875 0.26333333333333336 0.058750000000000004
0 0.16833333333333333 0.5025000000000001 0.30000000000000004 0.045
0 0.5166666666666667 0.501875 0.30000000000000004 0.043750000000000004
0 0.8500000000000001 0.5 0.30000000000000004 0.045
0 0.8516666666666667 0.4375 0.30000000000000004 0.0425
0 0.16833333333333333 0.435625 0.30000000000000004 0.043750000000000004
0 0.515 0.43375 0.30000000000000004 0.045
0 0.8500000000000001 0.375 0.30000000000000004 0.0425
0 0.5183333333333333 0.37125 0.30000000000000004 0.0475
0 0.17 0.3675 0.30000000000000004 0.045
0 0.8483333333333334 0.31125 0.30000000000000004 0.0425
0 0.5183333333333333 0.305 0.30000000000000004 0.0425
0 0.17 0.30125 0.30000000000000004 0.045
0 0.8483333333333334 0.25 0.30000000000000004 0.0425
0 0.515 0.240625 0.30000000000000004 0.043750000000000004
0 0.17 0.235625 0.30000000000000004 0.043750000000000004
0 0.8466666666666667 0.1875 0.30000000000000004 0.0425
0 0.5183333333333333 0.180625 0.30000000000000004 0.051250000000000004
0 0.1716666666666667 0.170625 0.30000000000000004 0.043750000000000004
0 0.8450000000000001 0.125 0.30000000000000004 0.0425
0 0.515 0.11750000000000001 0.30000000000000004 0.055
0 0.17666666666666667 0.1075 0.30000000000000004 0.0525
