0 0.18666666666666668 0.698125 0.30000000000000004 0.043750000000000004
0 0.5216666666666667 0.690625 0.30000000000000004 0.043750000000000004
0 0.8400000000000001 0.67625 0.30000000000000004 0.0425
0 0.18666666666666668 0.633125 0.30000000000000004 0.043750000000000004
0 0.52 0.626875 0.30000000000000004 0.043750000000000004
0 0.8383333333333334 0.61625 0.30000000000000004 0.0425
0 0.18500000000000003 0.568125 0.30000000000000004 0.043750000000000004
0 0.5183333333333333 0.561875 0.30000000000000004 0.043750000000000004
0 0.8383333333333334 0.555625 0.30000000000000004 0.04125
0 0.18333333333333335 0.50125 0.30000000000000004 0.045
0 0.5183333333333333 0.498125 0.30000000000000004 0.043750000000000004
0 0.8416666666666667 0.49 0.30000000000000004 0.0525
0 0.18333333333333335 0.435625 0.30000000000000004 0.043750000000000004
0 0.8383333333333334 0.435 0.30000000000000004 0.0425
0 0.5183333333333333 0.431875 0.30000000000000004 0.051250000000000004
0 0.8366666666666667 0.374375 0.30000000000000004 0.04125
0 0.18166666666666667 0.370625 0.30000000000000004 0.043750000000000004
0 0.5166666666666667 0.3725 0.30000000000000004 0.05
0 0.8350000000000001 0.31375000000000003 0.30000000000000004 0.0425
0 0.5133333333333334 0.30625 0.30000000000000004 0.0425
0 0.18000000000000002 0.305625 0.30000000000000004 0.043750000000000004
0 0.8366666666666667 0.25375000000000003 0.30000000000000004 0.0425
0 0.5133333333333334 0.24375 0.30000000000000004 0.0425
0 0.17833333333333334 0.241875 0.30000000000000004 0.043750000000000004
0 0.8316666666666667 0.1925 0.30000000000000004 0.0425
0 0.5116666666666667 0.18812500000000001 0.30000000000000004 0.05625
0 0.17833333333333334 0.176875 0.30000000000000004 0.043750000000000004
0 0.8300000000000001 0.1325 0.30000000000000004 0.0425
0 0.5116666666666667 0.11875000000000001 0.30000000000000004 0.0425
0 0.17833333333333334 0.113125 0.30000000000000004 0.043750000000000004
