0 0.17833333333333334 0.693125 0.30000000000000004 0.043750000000000004
0 0.5083333333333334 0.69125 0.30000000000000004 0.0425
0 0.8400000000000001 0.68625 0.30000000000000004 0.05
0 0.17833333333333334 0.63 0.30000000000000004 0.0425
0 0.5083333333333334 0.628125 0.30000000000000004 0.043750000000000004
0 0.8416666666666667 0.626875 0.30000000000000004 0.043750000000000004
0 0.17666666666666667 0.565625 0.30000000000000004 0.043750000000000004
0 0.5066666666666667 0.5650000000000001 0.30000000000000004 0.0425
0 0.8400000000000001 0.563125 0.30000000000000004 0.043750000000000004
0 0.18000000000000002 0.50375 0.30000000000000004 0.0425
0 0.505 0.500625 0.30000000000000004 0.043750000000000004
0 0.8416666666666667 0.499375 0.30000000000000004 0.043750000000000004
0 0.18000000000000002 0.44125000000000003 0.30000000000000004 0.0425
0 0.5083333333333334 0.438125 0.30000000000000004 0.043750000000000004
0 0.8383333333333334 0.435625 0.30000000000000004 0.04875
0 0.18166666666666667 0.38 0.30000000000000004 0.0425
0 0.505 0.375 0.30000000000000004 0.0425
0 0.8366666666666667 0.37125 0.30000000000000004 0.0425
0 0.18500000000000003 0.3175 0.30000000000000004 0.0425
0 0.5083333333333334 0.3125 0.30000000000000004 0.0425
0 0.8350000000000001 0.3075 0.30000000000000004 0.0425
0 0.18333333333333335 0.25625 0.30000000000000004 0.0425
0 0.505 0.25 0.30000000000000004 0.0425
0 0.8366666666666667 0.245 0.30000000000000004 0.0425
0 0.18500000000000003 0.195625 0.30000000000000004 0.04125
0 0.505 0.18875 0.30000000000000004 0.0425
0 0.8366666666666667 0.1825 0.30000000000000004 0.0425
0 0.18333333333333335 0.134375 0.30000000000000004 0.04125
0 0.8333333333333334 0.12 0.30000000000000004 0.0425
0 0.505 0.12125 0.30000000000000004 0.0525
