0 0.795 0.7025 0.30000000000000004 0.045
0 0.45833333333333337 0.694375 0.30000000000000004 0.043750000000000004
0 0.15416666666666667 0.6825 0.25833333333333336 0.05
0 0.7966666666666667 0.634375 0.30000000000000004 0.043750000000000004
0 0.46166666666666667 0.628125 0.30000000000000004 0.043750000000000004
0 0.155 0.6225 0.26666666666666666 0.0525
0 0.7966666666666667 0.565625 0.30000000000000004 0.043750000000000004
0 0.4633333333333334 0.5625 0.30000000000000004 0.0425
0 0.165 0.55375 0.25 0.0475
0 0.795 0.499375 0.30000000000000004 0.043750000000000004
0 0.46 0.49562500000000004 0.30000000000000004 0.043750000000000004
0 0.16 0.49312500000000004 0.26 0.04125
0 0.7983333333333333 0.43125 0.30000000000000004 0.0425
0 0.46166666666666667 0.43 0.30000000000000004 0.0425
0 0.16166666666666668 0.43375 0.2566666666666667 0.0525
0 0.16083333333333336 0.36875 0.255 0.0475
0 0.4633333333333334 0.36375 0.30000000000000004 0.0425
0 0.7983333333333333 0.364375 0.30000000000000004 0.043750000000000004
0 0.1575 0.30312500000000003 0.27166666666666667 0.043750000000000004
0 0.465 0.29875 0.30000000000000004 0.0425
0 0.795 0.29812500000000003 0.30000000000000004 0.043750000000000004
0 0.15833333333333335 0.2425 0.2733333333333334 0.0475
0 0.7941666666666667 0.225625 0.305 0.05625
0 0.16416666666666668 0.176875 0.26166666666666666 0.04125
0 0.4666666666666667 0.169375 0.30000000000000004 0.043750000000000004
0 0.165 0.114375 0.26333333333333336 0.043750000000000004
0 0.4683333333333334 0.10625 0.30000000000000004 0.0425
0 0.7966666666666667 0.10250000000000001 0.30000000000000004 0.0425
0 0.8316666666666667 0.16375 0.24000000000000002 0.045
0 0.5008333333333334 0.23125 0.225 0.055
