0 0.18000000000000002 0.728125 0.30000000000000004 0.043750000000000004
0 0.5083333333333334 0.723125 0.30000000000000004 0.043750000000000004
0 0.8266666666666668 0.721875 0.30000000000000004 0.043750000000000004
0 0.18000000000000002 0.661875 0.30000000000000004 0.043750000000000004
0 0.5083333333333334 0.6587500000000001 0.30000000000000004 0.0425
0 0.8300000000000001 0.6587500000000001 0.30000000000000004 0.0425
0 0.18000000000000002 0.595625 0.30000000000000004 0.043750000000000004
0 0.51 0.595 0.30000000000000004 0.0425
0 0.8300000000000001 0.595 0.30000000000000004 0.0425
0 0.8300000000000001 0.53125 0.30000000000000004 0.0425
0 0.5116666666666667 0.53 0.30000000000000004 0.0425
0 0.18000000000000002 0.529375 0.30000000000000004 0.043750000000000004
0 0.8333333333333334 0.465625 0.30000000000000004 0.043750000000000004
0 0.515 0.46375 0.30000000000000004 0.0425
0 0.18166666666666667 0.46187500000000004 0.30000000000000004 0.043750000000000004
0 0.8333333333333334 0.40125 0.30000000000000004 0.0425
0 0.5133333333333334 0.39875 0.30000000000000004 0.0425
0 0.18333333333333335 0.39437500000000003 0.30000000000000004 0.043750000000000004
0 0.8300000000000001 0.338125 0.30000000000000004 0.043750000000000004
0 0.515 0.3325 0.30000000000000004 0.0425
0 0.18333333333333335 0.326875 0.30000000000000004 0.043750000000000004
0 0.8366666666666667 0.2725 0.30000000000000004 0.0425
0 0.5166666666666667 0.26687500000000003 0.30000000000000004 0.043750000000000004
0 0.18333333333333335 0.260625 0.30000000000000004 0.043750000000000004
0 0.8383333333333334 0.206875 0.30000000000000004 0.043750000000000004
0 0.5166666666666667 0.200625 0.30000000000000004 0.043750000000000004
0 0.18333333333333335 0.19187500000000002 0.30000000000000004 0.043750000000000004
0 0.8383333333333334 0.14375000000000002 0.30000000000000004 0.0425
0 0.5183333333333333 0.135 0.30000000000000004 0.0425
0 0.18500000000000003 0.124375 0.30000000000000004 0.043750000000000004
