0 0.8283333333333334 0.704375 0.30000000000000004 0.043750000000000004
0 0.5 0.698125 0.30000000000000004 0.043750000000000004
0 0.17833333333333334 0.68875 0.30000000000000004 0.0425
0 0.8300000000000001 0.6375000000000001 0.30000000000000004 0.045
0 0.49500000000000005 0.631875 0.30000000000000004 0.043750000000000004
0 0.18000000000000002 0.62625 0.30000000000000004 0.0425
0 0.8283333333333334 0.570625 0.30000000000000004 0.043750000000000004
0 0.49833333333333335 0.568125 0.30000000000000004 0.043750000000000004
0 0.17833333333333334 0.56375 0.30000000000000004 0.0425
0 0.8283333333333334 0.503125 0.30000000000000004 0.043750000000000004
0 0.17833333333333334 0.50125 0.30000000000000004 0.0425
0 0.49833333333333335 0.501875 0.30000000000000004 0.043750000000000004
0 0.18000000000000002 0.438125 0.30000000000000004 0.04125
0 0.4966666666666667 0.435625 0.30000000000000004 0.043750000000000004
0 0.8283333333333334 0.436875 0.30000000000000004 0.043750000000000004
0 0.18000000000000002 0.375625 0.30000000000000004 0.04125
0 0.4966666666666667 0.37125 0.30000000000000004 0.0425
0 0.8283333333333334 0.370625 0.30000000000000004 0.043750000000000004
0 0.17833333333333334 0.313125 0.30000000000000004 0.04125
0 0.5 0.305625 0.30000000000000004 0.043750000000000004
0 0.8300000000000001 0.30375 0.30000000000000004 0.0425
0 0.18000000000000002 0.25125000000000003 0.30000000000000004 0.0425
0 0.49833333333333335 0.2425 0.30000000000000004 0.0425
0 0.8283333333333334 0.236875 0.30000000000000004 0.043750000000000004
0 0.18166666666666667 0.1875 0.30000000000000004 0.0425
0 0.49833333333333335 0.17875 0.30000000000000004 0.0425
0 0.8283333333333334 0.17250000000000001 0.30000000000000004 0.0425
0 0.18333333333333335 0.12625 0.30000000000000004 0.0425
0 0.5 0.115 0.30000000000000004 0.0425
0 0.8266666666666668 0.108125 0.30000000000000004 0.043750000000000004
