0 0.8300000000000001 0.6825 0.30000000000000004 0.0425
0 0.19166666666666668 0.681875 0.30000000000000004 0.04125
0 0.505 0.68125 0.30000000000000004 0.0425
0 0.19166666666666668 0.61875 0.30000000000000004 0.0425
0 0.5033333333333334 0.6175 0.30000000000000004 0.0425
0 0.8283333333333334 0.6168750000000001 0.30000000000000004 0.043750000000000004
0 0.18666666666666668 0.555 0.30000000000000004 0.0425
0 0.5016666666666667 0.55375 0.30000000000000004 0.0425
0 0.8266666666666668 0.551875 0.30000000000000004 0.043750000000000004
0 0.19 0.4925 0.30000000000000004 0.0425
0 0.5016666666666667 0.48875 0.30000000000000004 0.0425
0 0.8250000000000001 0.485 0.30000000000000004 0.0425
0 0.18833333333333335 0.42875 0.30000000000000004 0.0425
0 0.49833333333333335 0.421875 0.30000000000000004 0.043750000000000004
0 0.8233333333333334 0.41875 0.30000000000000004 0.0425
0 0.18833333333333335 0.36625 0.30000000000000004 0.0425
0 0.5 0.35875 0.30000000000000004 0.0425
0 0.8233333333333334 0.351875 0.30000000000000004 0.043750000000000004
0 0.18333333333333335 0.301875 0.30000000000000004 0.043750000000000004
0 0.49500000000000005 0.294375 0.30000000000000004 0.043750000000000004
0 0.8250000000000001 0.285625 0.30000000000000004 0.043750000000000004
0 0.18000000000000002 0.23875000000000002 0.30000000000000004 0.0425
0 0.49333333333333335 0.23 0.30000000000000004 0.0425
0 0.8183333333333334 0.21875 0.30000000000000004 0.0425
0 0.18000000000000002 0.17500000000000002 0.30000000000000004 0.0425
0 0.49333333333333335 0.165 0.30000000000000004 0.0425
0 0.8183333333333334 0.153125 0.30000000000000004 0.043750000000000004
0 0.17666666666666667 0.11125 0.30000000000000004 0.0425
0 0.4916666666666667 0.10125 0.30000000000000004 0.0425
0 0.8183333333333334 0.08687500000000001 0.30000000000000004 0.043750000000000004
