0 0.8166666666666668 0.708125 0.30000000000000004 0.043750000000000004
0 0.49000000000000005 0.701875 0.30000000000000004 0.043750000000000004
0 0.1716666666666667 0.69375 0.30000000000000004 0.0425
0 0.8166666666666668 0.64125 0.30000000000000004 0.0425
0 0.4866666666666667 0.636875 0.30000000000000004 0.043750000000000004
0 0.17333333333333334 0.63125 0.30000000000000004 0.0425
0 0.8133333333333334 0.575625 0.30000000000000004 0.043750000000000004
0 0.17666666666666667 0.568125 0.30000000000000004 0.04125
0 0.4916666666666667 0.56875 0.30000000000000004 0.0475
0 0.8166666666666668 0.509375 0.30000000000000004 0.043750000000000004
0 0.4916666666666667 0.506875 0.30000000000000004 0.043750000000000004
0 0.17666666666666667 0.505625 0.30000000000000004 0.04125
0 0.17500000000000002 0.444375 0.30000000000000004 0.04125
0 0.8150000000000001 0.444375 0.30000000000000004 0.043750000000000004
0 0.4866666666666667 0.44375000000000003 0.30000000000000004 0.0425
0 0.17666666666666667 0.380625 0.30000000000000004 0.04125
0 0.8133333333333334 0.379375 0.30000000000000004 0.043750000000000004
0 0.4916666666666667 0.37875000000000003 0.30000000000000004 0.0425
0 0.17833333333333334 0.32 0.30000000000000004 0.0425
0 0.49333333333333335 0.315 0.30000000000000004 0.0425
0 0.8133333333333334 0.315 0.30000000000000004 0.0425
0 0.17833333333333334 0.258125 0.30000000000000004 0.04125
0 0.49333333333333335 0.250625 0.30000000000000004 0.04125
0 0.8116666666666668 0.25125000000000003 0.30000000000000004 0.0425
0 0.17500000000000002 0.196875 0.30000000000000004 0.04125
0 0.49500000000000005 0.19 0.30000000000000004 0.045
0 0.8083333333333333 0.1875 0.30000000000000004 0.0425
0 0.17833333333333334 0.135625 0.30000000000000004 0.04125
0 0.8033333333333333 0.125 0.30000000000000004 0.0425
0 0.49333333333333335 0.125 0.30000000000000004 0.0425
