0 0.1716666666666667 0.714375 0.30000000000000004 0.043750000000000004
0 0.49500000000000005 0.71 0.30000000000000004 0.0425
0 0.8150000000000001 0.70625 0.30000000000000004 0.0425
0 0.17 0.650625 0.30000000000000004 0.043750000000000004
0 0.4966666666666667 0.6475 0.30000000000000004 0.0425
0 0.81 0.645 0.30000000000000004 0.0425
0 0.17 0.586875 0.30000000000000004 0.043750000000000004
0 0.49833333333333335 0.585 0.30000000000000004 0.0425
0 0.8116666666666668 0.58375 0.30000000000000004 0.0425
0 0.17 0.5225 0.30000000000000004 0.0425
0 0.49833333333333335 0.5225 0.30000000000000004 0.0425
0 0.8133333333333334 0.5225 0.30000000000000004 0.0425
0 0.8133333333333334 0.460625 0.30000000000000004 0.04125
0 0.49833333333333335 0.46 0.30000000000000004 0.0425
0 0.17 0.45875 0.30000000000000004 0.0425
0 0.8116666666666668 0.4 0.30000000000000004 0.0425
0 0.49833333333333335 0.3975 0.30000000000000004 0.0425
0 0.16833333333333333 0.39437500000000003 0.30000000000000004 0.043750000000000004
0 0.8116666666666668 0.33875 0.30000000000000004 0.0425
0 0.4966666666666667 0.335625 0.30000000000000004 0.043750000000000004
0 0.17 0.32937500000000003 0.30000000000000004 0.043750000000000004
0 0.81 0.2775 0.30000000000000004 0.0425
0 0.49833333333333335 0.2725 0.30000000000000004 0.0425
0 0.17 0.26625 0.30000000000000004 0.0425
0 0.8150000000000001 0.215 0.30000000000000004 0.0425
0 0.49833333333333335 0.21 0.30000000000000004 0.0425
0 0.16833333333333333 0.203125 0.30000000000000004 0.043750000000000004
0 0.81 0.155 0.30000000000000004 0.0425
0 0.4966666666666667 0.1475 0.30000000000000004 0.0425
0 0.17 0.138125 0.30000000000000004 0.043750000000000004
