0 0.5283333333333333 0.6900000000000001 0.30000000000000004 0.0425
0 0.19 0.690625 0.30000000000000004 0.043750000000000004
0 0.8516666666666667 0.68625 0.30000000000000004 0.0425
0 0.5233333333333333 0.62625 0.30000000000000004 0.0425
0 0.19 0.626875 0.30000000000000004 0.043750000000000004
0 0.8483333333333334 0.625 0.30000000000000004 0.0425
0 0.8500000000000001 0.5625 0.30000000000000004 0.0425
0 0.5233333333333333 0.563125 0.30000000000000004 0.043750000000000004
0 0.19 0.5625 0.30000000000000004 0.0425
0 0.8516666666666667 0.5 0.30000000000000004 0.0425
0 0.525 0.499375 0.30000000000000004 0.043750000000000004
0 0.19166666666666668 0.498125 0.30000000000000004 0.043750000000000004
0 0.8516666666666667 0.4375 0.30000000000000004 0.0425
0 0.525 0.435625 0.30000000000000004 0.043750000000000004
0 0.19166666666666668 0.43375 0.30000000000000004 0.0425
0 0.8391666666666667 0.3725 0.27166666666666667 0.05
0 0.5233333333333333 0.370625 0.30000000000000004 0.043750000000000004
0 0.19333333333333336 0.369375 0.30000000000000004 0.043750000000000004
0 0.8516666666666667 0.311875 0.30000000000000004 0.043750000000000004
0 0.5233333333333333 0.306875 0.30000000000000004 0.043750000000000004
0 0.19166666666666668 0.304375 0.30000000000000004 0.043750000000000004
0 0.8425 0.248125 0.275 0.043750000000000004
0 0.5233333333333333 0.243125 0.30000000000000004 0.043750000000000004
0 0.19333333333333336 0.239375 0.30000000000000004 0.043750000000000004
0 0.8366666666666667 0.1875 0.26333333333333336 0.045
0 0.5266666666666667 0.179375 0.30000000000000004 0.043750000000000004
0 0.19666666666666668 0.17500000000000002 0.30000000000000004 0.0425
0 0.8441666666666667 0.12562500000000001 0.2816666666666667 0.04875
0 0.525 0.114375 0.30000000000000004 0.043750000000000004
0 0.19666666666666668 0.110625 0.30000000000000004 0.043750000000000004
