0 0.8216666666666668 0.7156250000000001 0.30000000000000004 0.043750000000000004
0 0.4916666666666667 0.713125 0.30000000000000004 0.043750000000000004
0 0.17500000000000002 0.7125 0.30000000000000004 0.0425
0 0.1716666666666667 0.65125 0.30000000000000004 0.0425
0 0.8216666666666668 0.650625 0.30000000000000004 0.043750000000000004
0 0.49000000000000005 0.650625 0.30000000000000004 0.043750000000000004
0 0.1716666666666667 0.58875 0.30000000000000004 0.0425
0 0.4866666666666667 0.58625 0.30000000000000004 0.0425
0 0.8216666666666668 0.5856250000000001 0.30000000000000004 0.043750000000000004
0 0.17 0.52625 0.30000000000000004 0.0425
0 0.48833333333333334 0.52375 0.30000000000000004 0.0425
0 0.8183333333333334 0.520625 0.30000000000000004 0.043750000000000004
0 0.16833333333333333 0.464375 0.30000000000000004 0.04125
0 0.48500000000000004 0.46 0.30000000000000004 0.0425
0 0.8166666666666668 0.45437500000000003 0.30000000000000004 0.043750000000000004
0 0.16833333333333333 0.4025 0.30000000000000004 0.0425
0 0.48333333333333334 0.39625 0.30000000000000004 0.0425
0 0.8166666666666668 0.389375 0.30000000000000004 0.043750000000000004
0 0.16833333333333333 0.339375 0.30000000000000004 0.043750000000000004
0 0.48333333333333334 0.33187500000000003 0.30000000000000004 0.043750000000000004
0 0.8150000000000001 0.323125 0.30000000000000004 0.043750000000000004
0 0.16666666666666669 0.278125 0.30000000000000004 0.043750000000000004
0 0.4816666666666667 0.268125 0.30000000000000004 0.043750000000000004
0 0.8150000000000001 0.2575 0.30000000000000004 0.045
0 0.165 0.21625 0.30000000000000004 0.0425
0 0.48000000000000004 0.204375 0.30000000000000004 0.043750000000000004
0 0.8133333333333334 0.19187500000000002 0.30000000000000004 0.043750000000000004
0 0.165 0.15375 0.30000000000000004 0.0425
0 0.48000000000000004 0.140625 0.30000000000000004 0.043750000000000004
0 0.8133333333333334 0.12562500000000001 0.30000000000000004 0.043750000000000004
