0 0.515 0.673125 0.30000000000000004 0.043750000000000004
0 0.17666666666666667 0.673125 0.30000000000000004 0.043750000000000004
0 0.8383333333333334 0.670625 0.30000000000000004 0.043750000000000004
0 0.8416666666666667 0.60875 0.30000000000000004 0.0425
0 0.5183333333333333 0.60875 0.30000000000000004 0.045
0 0.17833333333333334 0.608125 0.30000000000000004 0.043750000000000004
0 0.8400000000000001 0.54625 0.30000000000000004 0.0425
0 0.5183333333333333 0.55 0.30000000000000004 0.0525
0 0.18500000000000003 0.543125 0.30000000000000004 0.043750000000000004
0 0.8400000000000001 0.485 0.30000000000000004 0.0425
0 0.5183333333333333 0.48125 0.30000000000000004 0.0425
0 0.18333333333333335 0.479375 0.30000000000000004 0.043750000000000004
0 0.8416666666666667 0.4225 0.30000000000000004 0.0425
0 0.5166666666666667 0.4175 0.30000000000000004 0.0425
0 0.19 0.414375 0.30000000000000004 0.043750000000000004
0 0.8400000000000001 0.36125 0.30000000000000004 0.0425
0 0.5183333333333333 0.355 0.30000000000000004 0.0425
0 0.19166666666666668 0.35125 0.30000000000000004 0.0425
0 0.8383333333333334 0.30125 0.30000000000000004 0.0425
0 0.5216666666666667 0.29375 0.30000000000000004 0.0425
0 0.19166666666666668 0.288125 0.30000000000000004 0.043750000000000004
0 0.8433333333333334 0.24125 0.30000000000000004 0.0425
0 0.525 0.2325 0.30000000000000004 0.0425
0 0.19333333333333336 0.225 0.30000000000000004 0.0425
0 0.8433333333333334 0.180625 0.30000000000000004 0.04125
0 0.5216666666666667 0.17125 0.30000000000000004 0.0425
0 0.19833333333333333 0.1625 0.30000000000000004 0.0425
0 0.8433333333333334 0.121875 0.30000000000000004 0.04125
0 0.5233333333333333 0.11 0.30000000000000004 0.0425
0 0.2016666666666667 0.10250000000000001 0.30000000000000004 0.0425
