0 0.8433333333333334 0.65125 0.30000000000000004 0.0425
0 0.51 0.650625 0.30000000000000004 0.043750000000000004
0 0.1716666666666667 0.650625 0.30000000000000004 0.043750000000000004
0 0.8466666666666667 0.586875 0.30000000000000004 0.043750000000000004
0 0.5133333333333334 0.58625 0.30000000000000004 0.0425
0 0.17333333333333334 0.5856250000000001 0.30000000000000004 0.043750000000000004
0 0.8483333333333334 0.521875 0.30000000000000004 0.043750000000000004
0 0.5133333333333334 0.521875 0.30000000000000004 0.043750000000000004
0 0.17666666666666667 0.520625 0.30000000000000004 0.043750000000000004
0 0.8500000000000001 0.460625 0.30000000000000004 0.04875
0 0.5116666666666667 0.45687500000000003 0.30000000000000004 0.043750000000000004
0 0.18166666666666667 0.45687500000000003 0.30000000000000004 0.043750000000000004
0 0.8450000000000001 0.39375 0.30000000000000004 0.0425
0 0.5116666666666667 0.3925 0.30000000000000004 0.0425
0 0.18166666666666667 0.3925 0.30000000000000004 0.0425
0 0.8483333333333334 0.330625 0.30000000000000004 0.043750000000000004
0 0.515 0.33187500000000003 0.30000000000000004 0.04875
0 0.18166666666666667 0.328125 0.30000000000000004 0.043750000000000004
0 0.8466666666666667 0.2675 0.30000000000000004 0.045
0 0.515 0.26625 0.30000000000000004 0.0425
0 0.18333333333333335 0.265 0.30000000000000004 0.0425
0 0.8450000000000001 0.20500000000000002 0.30000000000000004 0.0425
0 0.515 0.20375000000000001 0.30000000000000004 0.0425
0 0.18500000000000003 0.203125 0.30000000000000004 0.043750000000000004
0 0.8433333333333334 0.14375000000000002 0.30000000000000004 0.0425
0 0.5166666666666667 0.141875 0.30000000000000004 0.04125
0 0.18666666666666668 0.140625 0.30000000000000004 0.043750000000000004
0 0.8466666666666667 0.0825 0.30000000000000004 0.0425
0 0.18666666666666668 0.08 0.30000000000000004 0.0425
0 0.52 0.078125 0.30000000000000004 0.04875
