0 0.1626358695652174 0.23039940828402367 0.23940217391304347 0.04215976331360947
0 0.17119565217391305 0.2824519230769231 0.2614130434782609 0.0334689349112426
0 0.1658967391304348 0.33533653846153844 0.23831521739130435 0.03864644970414201
0 0.175 0.3881286982248521 0.2690217391304348 0.03698224852071006
0 0.17880434782608695 0.4404585798816568 0.2407608695652174 0.04142011834319526
0 0.18845108695652174 0.4933431952662722 0.26005434782608694 0.05029585798816568
0 0.18654891304347826 0.5475221893491125 0.2535326086956522 0.04585798816568047
0 0.19252717391304347 0.5932877218934911 0.2627717391304348 0.049371301775147924
0 0.19510869565217392 0.6470044378698224 0.26793478260869563 0.052884615384615384
0 0.2033967391304348 0.7034023668639053 0.2796195652173913 0.052884615384615384
0 0.46358695652173915 0.2164386094674556 0.2641304347826087 0.05122041420118343
0 0.4706521739130435 0.27542529585798814 0.296195652173913 0.04234467455621302
0 0.47269021739130435 0.33089866863905326 0.297554347826087 0.035318047337278106
0 0.4751358695652174 0.3846153846153846 0.26657608695652174 0.03883136094674556
0 0.4764945652173913 0.43833210059171596 0.2872282608695652 0.035318047337278106
0 0.4777173913043478 0.4968565088757396 0.27445652173913043 0.039571005917159764
0 0.4673913043478261 0.5505732248520709 0.24347826086956523 0.027181952662721894
0 0.4745923913043478 0.6038276627218935 0.28070652173913047 0.04049556213017751
0 0.47907608695652176 0.65625 0.2690217391304348 0.04659763313609468
0 0.47581521739130433 0.7121856508875739 0.25217391304347825 0.047522189349112426
0 0.7418478260869565 0.2266087278106509 0.22771739130434782 0.030880177514792898
0 0.7508152173913043 0.28208210059171596 0.225 0.03790680473372781
0 0.7540760869565217 0.3340421597633136 0.23423913043478262 0.03790680473372781
0 0.7585597826086956 0.38849852071005914 0.24048913043478262 0.04142011834319526
0 0.7701086956521739 0.44055103550295854 0.2614130434782609 0.036057692307692304
0 0.7559782608695652 0.49556213017751477 0.225 0.04585798816568047
0 0.7714673913043478 0.5449334319526628 0.2690217391304348 0.029955621301775148
0 0.7754076086956522 0.5994822485207101 0.2872282608695652 0.03180473372781065
0 0.78125 0.6519045857988166 0.28858695652173916 0.03790680473372781
0 0.779891304347826 0.7042344674556212 0.28858695652173916 0.03864644970414201
