0 0.18532608695652175 0.25859837278106507 0.17880434782608695 0.07895710059171597
0 0.18940217391304348 0.33043639053254437 0.1766304347826087 0.0647189349112426
0 0.1763586956521739 0.38480029585798814 0.17554347826086958 0.05695266272189349
0 0.18464673913043478 0.44055103550295854 0.2111413043478261 0.05343934911242603
0 0.18315217391304348 0.4928809171597633 0.21847826086956523 0.04974112426035503
0 0.1637228260869565 0.5512204142011834 0.2111413043478261 0.0669378698224852
0 0.15747282608695654 0.6098372781065089 0.19429347826086957 0.05917159763313609
0 0.1480978260869565 0.6671597633136095 0.20054347826086957 0.05695266272189349
0 0.42921195652173916 0.2958579881656805 0.17146739130434782 0.04992603550295858
0 0.42934782608695654 0.34772559171597633 0.16521739130434782 0.04123520710059172
0 0.4339673913043478 0.39829881656804733 0.18097826086956523 0.04696745562130177
0 0.4328804347826087 0.4537721893491124 0.17880434782608695 0.053994082840236685
0 0.4126358695652174 0.5021264792899408 0.15679347826086956 0.05122041420118343
0 0.4126358695652174 0.5600961538461539 0.18179347826086956 0.05769230769230769
0 0.4032608695652174 0.6165865384615384 0.20271739130434782 0.06120562130177515
0 0.40828804347826086 0.6799186390532544 0.20896739130434783 0.05547337278106509
0 0.6471467391304347 0.3139792899408284 0.1453804347826087 0.05473372781065089
0 0.6601902173913043 0.36917529585798814 0.16929347826086957 0.04974112426035503
0 0.6561141304347826 0.41678994082840237 0.1736413043478261 0.04696745562130177
0 0.6493206521739131 0.4661612426035503 0.1578804347826087 0.046227810650887574
0 0.6445652173913043 0.5192307692307693 0.15489130434782608 0.04548816568047337
0 0.6441576086956522 0.5699889053254438 0.1578804347826087 0.04345414201183432
0 0.6440217391304348 0.631564349112426 0.16195652173913044 0.059726331360946745
0 0.6447010869565217 0.6855584319526628 0.18396739130434783 0.05269970414201183
