0 0.764266304347826 0.31758505917159763 0.17146739130434782 0.0319896449704142
0 0.7622282608695652 0.35845044378698226 0.1673913043478261 0.034208579881656806
0 0.7460597826086957 0.40393860946745563 0.19320652173913044 0.03568786982248521
0 0.7429347826086956 0.4462832840236686 0.1766304347826087 0.029031065088757396
0 0.7429347826086956 0.48788831360946744 0.20380434782608695 0.029770710059171597
0 0.776358695652174 0.5333764792899408 0.19945652173913045 0.0327292899408284
0 0.768070652173913 0.5813609467455622 0.17255434782608695 0.03920118343195266
0 0.7585597826086956 0.6218565088757396 0.19755434782608697 0.03069526627218935
0 0.763179347826087 0.6699334319526628 0.19646739130434782 0.03550295857988166
0 0.7570652173913044 0.7218934911242604 0.21304347826086956 0.04548816568047337
0 0.5301630434782609 0.31897189349112426 0.1483695652173913 0.03920118343195266
0 0.5240489130434782 0.3594674556213018 0.15679347826086956 0.02625739644970414
0 0.5154891304347826 0.402551775147929 0.17554347826086958 0.03698224852071006
0 0.5203804347826086 0.4434171597633136 0.16195652173913044 0.03772189349112426
0 0.499320652173913 0.48576183431952663 0.19972826086956522 0.03698224852071006
0 0.5108695652173914 0.5309726331360947 0.1766304347826087 0.0334689349112426
0 0.5025815217391304 0.5785872781065089 0.18722826086956523 0.029215976331360947
0 0.5067934782608696 0.6215791420118343 0.2016304347826087 0.029770710059171597
0 0.5067934782608696 0.6727995562130178 0.20380434782608695 0.04123520710059172
0 0.4904891304347826 0.7214312130177515 0.2217391304347826 0.041974852071005916
0 0.3002717391304348 0.33043639053254437 0.15489130434782608 0.027736686390532544
0 0.2940217391304348 0.36806582840236685 0.16086956521739132 0.026442307692307692
0 0.28994565217391305 0.40754437869822485 0.17554347826086958 0.026997041420118342
0 0.2951086956521739 0.4490569526627219 0.16086956521739132 0.0319896449704142
0 0.281929347826087 0.4922337278106509 0.15570652173913044 0.03698224852071006
0 0.2876358695652174 0.5359652366863905 0.15679347826086956 0.0319896449704142
0 0.2955163043478261 0.578957100591716 0.16820652173913045 0.03550295857988166
0 0.2747282608695652 0.6283284023668639 0.15978260869565217 0.027736686390532544
0 0.2798913043478261 0.6674371301775148 0.1641304347826087 0.0334689349112426
0 0.26467391304347826 0.7182877218934911 0.1923913043478261 0.039755917159763315
