0 0.23152173913043478 0.28319156804733725 0.1766304347826087 0.051960059171597635
0 0.2328804347826087 0.3275702662721893 0.16304347826086957 0.0319896449704142
0 0.23383152173913044 0.36843565088757396 0.1736413043478261 0.039755917159763315
0 0.22608695652173913 0.40967085798816566 0.17445652173913043 0.034208579881656806
0 0.23070652173913045 0.4495192307692308 0.18206521739130435 0.02551775147928994
0 0.21861413043478262 0.49713387573964496 0.1953804347826087 0.039755917159763315
0 0.20353260869565218 0.5379992603550295 0.17119565217391305 0.03901627218934911
0 0.21304347826086956 0.5817307692307692 0.21739130434782608 0.03698224852071006
0 0.20720108695652173 0.6293454142011834 0.21222826086956523 0.04123520710059172
0 0.19891304347826086 0.6799186390532544 0.24565217391304348 0.03698224852071006
0 0.4668478260869565 0.30223742603550297 0.16304347826086957 0.048261834319526624
0 0.4622282608695652 0.34208579881656803 0.16195652173913044 0.034023668639053255
0 0.4627717391304348 0.38332100591715973 0.18804347826086956 0.03550295857988166
0 0.46847826086956523 0.42390902366863903 0.19130434782608696 0.0327292899408284
0 0.4673913043478261 0.46329511834319526 0.18695652173913044 0.0305103550295858
0 0.4644021739130435 0.5042529585798816 0.1766304347826087 0.034023668639053255
0 0.4565217391304348 0.5465976331360947 0.18804347826086956 0.03476331360946745
0 0.44130434782608696 0.5967085798816568 0.17880434782608695 0.034023668639053255
0 0.453804347826087 0.6404400887573964 0.19130434782608696 0.0334689349112426
0 0.4642663043478261 0.6887943786982248 0.2247282608695652 0.046227810650887574
0 0.6759510869565217 0.31897189349112426 0.1546195652173913 0.041789940828402365
0 0.6811141304347826 0.35345784023668636 0.14429347826086958 0.029770710059171597
0 0.6842391304347826 0.3946930473372781 0.16304347826086957 0.034208579881656806
0 0.6889945652173913 0.4374075443786982 0.1703804347826087 0.039755917159763315
0 0.6922554347826088 0.4772559171597633 0.15570652173913044 0.029955621301775148
0 0.6895380434782609 0.5227440828402367 0.1546195652173913 0.03994082840236686
0 0.6910326086956522 0.5625 0.19130434782608696 0.028476331360946745
0 0.6990489130434783 0.6041974852071006 0.18396739130434783 0.0319896449704142
0 0.6904891304347827 0.6443232248520709 0.20271739130434782 0.04419378698224852
0 0.690625 0.6901812130177515 0.1986413043478261 0.0334689349112426
