0 0.665625 0.40930103550295854 0.1953804347826087 0.0305103550295858
0 0.6498641304347826 0.44914940828402367 0.18070652173913043 0.03476331360946745
0 0.6436141304347827 0.4896449704142012 0.19755434782608697 0.027736686390532544
0 0.6463315217391304 0.5294933431952663 0.18179347826086956 0.026442307692307692
0 0.6472826086956521 0.5710983727810651 0.2048913043478261 0.028291420118343194
0 0.658695652173913 0.6144600591715976 0.1923913043478261 0.03698224852071006
0 0.6461956521739131 0.6568047337278107 0.20271739130434782 0.029215976331360947
0 0.6436141304347827 0.6986871301775148 0.21005434782608695 0.041974852071005916
0 0.6379076086956522 0.7427884615384616 0.21331521739130435 0.03772189349112426
0 0.6290760869565217 0.7912352071005917 0.22880434782608697 0.03772189349112426
0 0.4282608695652174 0.40930103550295854 0.16630434782608697 0.022004437869822483
0 0.43043478260869567 0.44203032544378695 0.17880434782608695 0.023483727810650886
0 0.42105978260869564 0.4817862426035503 0.18070652173913043 0.0319896449704142
0 0.4111413043478261 0.5277366863905325 0.20706521739130435 0.038461538461538464
0 0.40584239130434785 0.5668454142011834 0.19646739130434782 0.0327292899408284
0 0.4120923913043478 0.6091900887573964 0.20896739130434783 0.04049556213017751
0 0.3995923913043478 0.6531989644970414 0.23179347826086957 0.04049556213017751
0 0.40584239130434785 0.6959134615384616 0.2046195652173913 0.03642751479289941
0 0.39279891304347825 0.7410318047337278 0.21820652173913044 0.039755917159763315
0 0.3860054347826087 0.7883690828402367 0.20679347826086958 0.041974852071005916
0 0.20407608695652174 0.4106878698224852 0.18804347826086956 0.024778106508875738
0 0.20883152173913044 0.4490569526627219 0.19320652173913044 0.022004437869822483
0 0.19307065217391303 0.4832655325443787 0.18505434782608696 0.029031065088757396
0 0.1847826086956522 0.5237610946745562 0.19945652173913045 0.0334689349112426
0 0.17173913043478262 0.5632396449704142 0.2108695652173913 0.026997041420118342
0 0.1748641304347826 0.6030880177514792 0.18179347826086956 0.02570266272189349
0 0.16331521739130436 0.6504252958579881 0.20706521739130435 0.0334689349112426
0 0.14035326086956523 0.6948039940828402 0.24266304347826087 0.029770710059171597
0 0.15869565217391304 0.7350221893491125 0.1956521739130435 0.03328402366863905
0 0.15244565217391304 0.7805103550295858 0.21630434782608696 0.04770710059171598
