0 0.8266666666666668 0.48812500000000003 0.25 0.03625
0 0.16 0.44 0.25333333333333335 0.04
0 0.4808333333333334 0.439375 0.26166666666666666 0.04875
0 0.8425 0.435 0.28500000000000003 0.0425
0 0.4708333333333334 0.388125 0.20833333333333334 0.03875
0 0.8316666666666667 0.38625 0.26333333333333336 0.0375
0 0.15833333333333335 0.3925 0.25333333333333335 0.0425
0 0.15333333333333335 0.341875 0.24333333333333335 0.03375
0 0.4716666666666667 0.34125 0.21000000000000002 0.0375
0 0.8150000000000001 0.33625 0.23 0.035
0 0.16333333333333333 0.290625 0.26333333333333336 0.03625
0 0.47500000000000003 0.28625 0.21000000000000002 0.035
0 0.8116666666666668 0.28250000000000003 0.22333333333333336 0.0425
0 0.14166666666666666 0.24125 0.22 0.04
0 0.47000000000000003 0.23750000000000002 0.21000000000000002 0.04
0 0.8066666666666668 0.228125 0.21666666666666667 0.043750000000000004
0 0.14833333333333334 0.19062500000000002 0.23 0.03625
0 0.4691666666666667 0.18937500000000002 0.21166666666666667 0.03625
0 0.8133333333333334 0.180625 0.22333333333333336 0.03625
0 0.15833333333333335 0.4925 0.24333333333333335 0.0375
0 0.15833333333333335 0.5437500000000001 0.27 0.04
0 0.14166666666666666 0.595 0.22666666666666668 0.035
0 0.14833333333333334 0.64875 0.24333333333333335 0.045
0 0.4866666666666667 0.495 0.24000000000000002 0.045
0 0.5116666666666667 0.545 0.29333333333333333 0.04
0 0.5225000000000001 0.5962500000000001 0.305 0.0425
0 0.4841666666666667 0.65125 0.225 0.0425
0 0.8483333333333334 0.54125 0.29333333333333333 0.0425
0 0.8300000000000001 0.594375 0.2566666666666667 0.03625
0 0.8300000000000001 0.6481250000000001 0.24666666666666667 0.043750000000000004
