0 0.1325 0.635625 0.24833333333333335 0.04625
0 0.49500000000000005 0.63 0.28 0.04
0 0.8250000000000001 0.624375 0.24666666666666667 0.03625
0 0.13333333333333333 0.57875 0.25 0.04
0 0.8358333333333334 0.571875 0.27166666666666667 0.03625
0 0.48500000000000004 0.56875 0.26333333333333336 0.0475
0 0.47500000000000003 0.52375 0.24333333333333335 0.0325
0 0.8308333333333334 0.519375 0.26833333333333337 0.03375
0 0.1391666666666667 0.525625 0.25833333333333336 0.03875
0 0.48250000000000004 0.47375 0.25833333333333336 0.04
0 0.8241666666666667 0.47000000000000003 0.255 0.035
0 0.135 0.4675 0.24333333333333335 0.0425
0 0.13166666666666668 0.419375 0.2366666666666667 0.03375
0 0.8258333333333334 0.418125 0.26833333333333337 0.03875
0 0.48250000000000004 0.419375 0.25833333333333336 0.04125
0 0.4816666666666667 0.368125 0.2566666666666667 0.03625
0 0.13583333333333333 0.36562500000000003 0.24166666666666667 0.03875
0 0.4766666666666667 0.31875000000000003 0.24666666666666667 0.045
0 0.13416666666666668 0.31625000000000003 0.2316666666666667 0.04
0 0.8041666666666667 0.26625 0.24166666666666667 0.035
0 0.47750000000000004 0.26937500000000003 0.24500000000000002 0.03375
0 0.8016666666666667 0.21937500000000001 0.24333333333333335 0.03125
0 0.1375 0.215 0.22833333333333336 0.04
0 0.48250000000000004 0.218125 0.2516666666666667 0.04125
0 0.8075000000000001 0.175625 0.26166666666666666 0.03125
0 0.14 0.168125 0.23333333333333334 0.03625
0 0.4783333333333334 0.169375 0.25333333333333335 0.03875
0 0.11666666666666667 0.26937500000000003 0.19 0.03375
0 0.8133333333333334 0.316875 0.25 0.03875
0 0.8183333333333334 0.366875 0.2566666666666667 0.03375
