0 0.24891304347826088 0.2927144970414201 0.1891304347826087 0.04474852071005917
0 0.23750000000000002 0.3310835798816568 0.15597826086956523 0.0319896449704142
0 0.23858695652173914 0.3655695266272189 0.17445652173913043 0.026997041420118342
0 0.23953804347826088 0.41392381656804733 0.18722826086956523 0.03827662721893491
0 0.22228260869565217 0.4495192307692308 0.21521739130434783 0.044008875739644966
0 0.21807065217391305 0.48825813609467456 0.19646739130434782 0.034948224852071004
0 0.2175271739130435 0.5306028106508875 0.21005434782608695 0.039755917159763315
0 0.2061141304347826 0.5710983727810651 0.2328804347826087 0.042714497041420114
0 0.20407608695652174 0.6173261834319527 0.2331521739130435 0.039755917159763315
0 0.19307065217391303 0.6635539940828402 0.23179347826086957 0.04567307692307692
0 0.4495923913043478 0.31157544378698226 0.15570652173913044 0.03698224852071006
0 0.45081521739130437 0.34920488165680474 0.14945652173913043 0.03125
0 0.45339673913043477 0.3872041420118343 0.18614130434782608 0.03772189349112426
0 0.46317934782608694 0.4260355029585799 0.1953804347826087 0.038461538461538464
0 0.46372282608695653 0.45876479289940825 0.19646739130434782 0.026997041420118342
0 0.4512228260869565 0.49926035502958577 0.19646739130434782 0.04142011834319526
0 0.45692934782608696 0.5441013313609467 0.21005434782608695 0.0327292899408284
0 0.4559782608695652 0.5807137573964497 0.2141304347826087 0.04049556213017751
0 0.43546195652173914 0.6297152366863905 0.18396739130434783 0.0334689349112426
0 0.4392663043478261 0.6756656804733727 0.1953804347826087 0.04548816568047337
0 0.6497282608695653 0.32895710059171596 0.1358695652173913 0.04918639053254438
0 0.6533967391304348 0.3687130177514793 0.14320652173913043 0.03772189349112426
0 0.651358695652174 0.40532544378698226 0.1391304347826087 0.03698224852071006
0 0.6550271739130434 0.43879437869822485 0.14429347826086958 0.028476331360946745
0 0.6482336956521739 0.4768860946745562 0.14103260869565218 0.03920118343195266
0 0.6508152173913043 0.5173816568047337 0.15271739130434783 0.03328402366863905
0 0.6555706521739131 0.5572300295857988 0.16603260869565217 0.03753698224852071
0 0.6601902173913043 0.5980954142011834 0.15896739130434784 0.03827662721893491
0 0.6550271739130434 0.6379437869822485 0.15896739130434784 0.029955621301775148
0 0.6639945652173913 0.6826923076923077 0.16820652173913045 0.03698224852071006
