0 0.35122282608695654 0.40856139053254437 0.1546195652173913 0.030140532544378696
0 0.35190217391304346 0.4456360946745562 0.14021739130434782 0.027736686390532544
0 0.3535326086956522 0.4825258875739645 0.14130434782608695 0.02496301775147929
0 0.35706521739130437 0.5220044378698224 0.17771739130434783 0.026997041420118342
0 0.36345108695652173 0.5568602071005917 0.16929347826086957 0.022744082840236685
0 0.34769021739130435 0.5995747041420119 0.1671195652173913 0.029770710059171597
0 0.34782608695652173 0.6411797337278107 0.17554347826086958 0.034948224852071004
0 0.36195652173913045 0.6816752958579881 0.1766304347826087 0.0305103550295858
0 0.36453804347826085 0.7321560650887574 0.2111413043478261 0.04049556213017751
0 0.3665760869565217 0.7720044378698224 0.20923913043478262 0.03328402366863905
0 0.5567934782608696 0.4050480769230769 0.14402173913043478 0.034948224852071004
0 0.5582880434782609 0.4445266272189349 0.1535326086956522 0.028476331360946745
0 0.56875 0.4786427514792899 0.17445652173913043 0.034208579881656806
0 0.5745923913043478 0.5252403846153846 0.1611413043478261 0.0319896449704142
0 0.5652173913043478 0.5636094674556212 0.17989130434782608 0.03476331360946745
0 0.5775815217391305 0.6044748520710059 0.18396739130434783 0.038461538461538464
0 0.5792119565217392 0.6425665680473372 0.1578804347826087 0.03217455621301775
0 0.5802989130434782 0.6845414201183432 0.16603260869565217 0.03920118343195266
0 0.5918478260869565 0.7328957100591715 0.19130434782608696 0.03901627218934911
0 0.5881793478260869 0.7777366863905325 0.18614130434782608 0.03772189349112426
0 0.7716032608695652 0.41429363905325445 0.1535326086956522 0.034948224852071004
0 0.7737771739130435 0.4501664201183432 0.15570652173913044 0.02570266272189349
0 0.7794836956521739 0.4839127218934911 0.1671195652173913 0.027736686390532544
0 0.779891304347826 0.5259800295857988 0.1516304347826087 0.0334689349112426
0 0.7903532608695653 0.5628698224852071 0.16005434782608696 0.019230769230769232
0 0.7773097826086957 0.5995747041420119 0.17581521739130435 0.039755917159763315
0 0.8024456521739131 0.6458025147928994 0.1733695652173913 0.042714497041420114
0 0.8017663043478261 0.686667899408284 0.1828804347826087 0.03642751479289941
0 0.7991847826086956 0.734375 0.1483695652173913 0.041974852071005916
0 0.8013586956521739 0.7787536982248521 0.19021739130434784 0.04567307692307692
