0 0.7297554347826087 0.26470044378698226 0.19375 0.05676775147928994
0 0.7392663043478261 0.31786242603550297 0.18831521739130436 0.04696745562130177
0 0.7335597826086957 0.3559541420118343 0.19320652173913044 0.03476331360946745
0 0.7370923913043478 0.3958025147928994 0.18614130434782608 0.029031065088757396
0 0.7476902173913044 0.43777736686390534 0.19646739130434782 0.0305103550295858
0 0.7476902173913044 0.47790310650887574 0.19429347826086957 0.03568786982248521
0 0.7508152173913043 0.5227440828402367 0.21739130434782608 0.03550295857988166
0 0.7644021739130434 0.5696190828402367 0.21739130434782608 0.0327292899408284
0 0.7778532608695652 0.6176960059171598 0.20896739130434783 0.03901627218934911
0 0.7679347826086956 0.6581915680473372 0.2331521739130435 0.04049556213017751
0 0.5108695652173914 0.29336168639053256 0.1766304347826087 0.0319896449704142
0 0.5135869565217391 0.32997411242603547 0.19021739130434784 0.02570266272189349
0 0.5108695652173914 0.36372041420118345 0.2016304347826087 0.036242603550295856
0 0.5125 0.4114275147928994 0.19456521739130436 0.03772189349112426
0 0.51875 0.4459134615384615 0.2048913043478261 0.027181952662721894
0 0.5202445652173913 0.4885355029585799 0.19320652173913044 0.03550295857988166
0 0.503125 0.5294933431952663 0.2111413043478261 0.0319896449704142
0 0.502445652173913 0.5764607988165681 0.23097826086956522 0.041974852071005916
0 0.5108695652173914 0.622965976331361 0.20380434782608695 0.028476331360946745
0 0.5119565217391304 0.671042899408284 0.2141304347826087 0.03772189349112426
0 0.2982336956521739 0.3001109467455621 0.1546195652173913 0.04548816568047337
0 0.29660326086956523 0.34134615384615385 0.14755434782608695 0.03994082840236686
0 0.2956521739130435 0.3811945266272189 0.14945652173913043 0.03125
0 0.2940217391304348 0.4146634615384615 0.16521739130434782 0.034208579881656806
0 0.29347826086956524 0.4572855029585799 0.1641304347826087 0.038461538461538464
0 0.29769021739130436 0.49926035502958577 0.16385869565217392 0.03994082840236686
0 0.29347826086956524 0.5437315088757396 0.16847826086956522 0.0334689349112426
0 0.29714673913043477 0.5931952662721893 0.17146739130434782 0.04548816568047337
0 0.2866847826086957 0.6350776627218935 0.16304347826086957 0.042714497041420114
0 0.2908967391304348 0.6777921597633136 0.18831521739130436 0.042714497041420114
