0 0.7036684782608695 0.4288091715976331 0.18179347826086956 0.029955621301775148
0 0.696875 0.4705066568047337 0.1828804347826087 0.0319896449704142
0 0.6979619565217391 0.5116494082840236 0.19103260869565217 0.02625739644970414
0 0.7141304347826087 0.5501109467455622 0.16304347826086957 0.041789940828402365
0 0.6995923913043478 0.5938424556213018 0.18614130434782608 0.027181952662721894
0 0.7001358695652175 0.634430473372781 0.18505434782608696 0.03698224852071006
0 0.69375 0.6802884615384616 0.17880434782608695 0.029215976331360947
0 0.7010869565217391 0.7242973372781065 0.1956521739130435 0.03772189349112426
0 0.6963315217391305 0.7727440828402367 0.19429347826086957 0.046227810650887574
0 0.6876358695652174 0.8214681952662721 0.21005434782608695 0.034208579881656806
0 0.4910326086956522 0.41743713017751477 0.16630434782608697 0.02570266272189349
0 0.4873641304347826 0.45765532544378695 0.17146739130434782 0.02071005917159763
0 0.4921195652173913 0.5 0.17445652173913043 0.02551775147928994
0 0.4701086956521739 0.5451183431952663 0.1934782608695652 0.03069526627218935
0 0.46657608695652175 0.5903291420118343 0.21739130434782608 0.0327292899408284
0 0.4669836956521739 0.6298076923076923 0.23505434782608695 0.03476331360946745
0 0.4669836956521739 0.6756656804733727 0.2019021739130435 0.03550295857988166
0 0.46168478260869567 0.7211538461538461 0.17445652173913043 0.03698224852071006
0 0.43192934782608694 0.7646079881656804 0.20679347826086958 0.04548816568047337
0 0.4429347826086957 0.8147189349112426 0.1956521739130435 0.03920118343195266
0 0.2668478260869565 0.41281434911242604 0.16956521739130434 0.0319896449704142
0 0.27269021739130433 0.4537721893491124 0.1578804347826087 0.026997041420118342
0 0.2536684782608696 0.4953772189349112 0.1828804347826087 0.029215976331360947
0 0.2453804347826087 0.5344859467455622 0.1766304347826087 0.022004437869822483
0 0.23192934782608696 0.5763683431952663 0.1953804347826087 0.029215976331360947
0 0.225 0.6226886094674556 0.17989130434782608 0.0334689349112426
0 0.21358695652173915 0.6634615384615384 0.21956521739130436 0.03698224852071006
0 0.20828804347826088 0.7086723372781065 0.19646739130434782 0.03901627218934911
0 0.21141304347826087 0.7563794378698224 0.21521739130434783 0.04345414201183432
0 0.19578804347826087 0.8057507396449703 0.2154891304347826 0.0327292899408284
