0 0.24130434782608695 0.21588387573964496 0.1907608695652174 0.04900147928994083
0 0.22853260869565217 0.26913831360946744 0.21521739130434783 0.04049556213017751
0 0.2328804347826087 0.31795488165680474 0.2298913043478261 0.05824704142011834
0 0.23546195652173912 0.363073224852071 0.2247282608695652 0.04900147928994083
0 0.22758152173913043 0.402551775147929 0.1986413043478261 0.038461538461538464
0 0.21766304347826088 0.4505362426035503 0.2141304347826087 0.04345414201183432
0 0.21657608695652175 0.4975036982248521 0.22880434782608697 0.03901627218934911
0 0.21290760869565217 0.544008875739645 0.24048913043478262 0.04548816568047337
0 0.2014945652173913 0.5970784023668639 0.24048913043478262 0.03920118343195266
0 0.1857336956521739 0.647189349112426 0.26331521739130437 0.05251479289940828
0 0.502445652173913 0.2510170118343195 0.2298913043478261 0.042714497041420114
0 0.5009510869565218 0.2887389053254438 0.23940217391304347 0.03827662721893491
0 0.49252717391304346 0.33357988165680474 0.21222826086956523 0.038461538461538464
0 0.5035326086956522 0.3765717455621302 0.22771739130434782 0.03901627218934911
0 0.4701086956521739 0.421042899408284 0.20271739130434782 0.03143491124260355
0 0.46793478260869564 0.46227810650887574 0.2217391304347826 0.03550295857988166
0 0.47581521739130433 0.510262573964497 0.21630434782608696 0.03901627218934911
0 0.4763586956521739 0.5590791420118343 0.20706521739130435 0.0327292899408284
0 0.4699728260869565 0.6058616863905325 0.22581521739130436 0.04123520710059172
0 0.4735054347826087 0.6602255917159763 0.23722826086956522 0.05898668639053254
0 0.7111413043478261 0.26793639053254437 0.15706521739130436 0.07803254437869822
0 0.6998641304347826 0.31675295857988167 0.14375 0.046227810650887574
0 0.7065217391304348 0.35650887573964496 0.15054347826086956 0.04215976331360947
0 0.7077445652173913 0.3969119822485207 0.16494565217391305 0.053069526627218935
0 0.7019021739130434 0.43981139053254437 0.1625 0.04308431952662722
0 0.6994565217391304 0.48298816568047337 0.1625 0.04252958579881657
0 0.6985054347826087 0.529215976331361 0.16766304347826086 0.04437869822485207
0 0.7029891304347826 0.5756286982248521 0.1625 0.046227810650887574
0 0.7070652173913043 0.6226886094674556 0.17554347826086958 0.03642751479289941
0 0.7077445652173913 0.672707100591716 0.1529891304347826 0.04659763313609468
