0 0.23967391304347826 0.31342455621301774 0.21358695652173915 0.04252958579881657
0 0.2376358695652174 0.36131656804733725 0.19972826086956522 0.04252958579881657
0 0.2407608695652174 0.4042159763313609 0.23804347826086958 0.03920118343195266
0 0.2279891304347826 0.4449889053254438 0.2510869565217391 0.04678254437869822
0 0.23206521739130434 0.4907544378698225 0.24619565217391304 0.04031065088757396
0 0.23369565217391305 0.5369822485207101 0.23967391304347826 0.03698224852071006
0 0.23369565217391305 0.5782174556213018 0.23967391304347826 0.03698224852071006
0 0.22078804347826086 0.6294378698224852 0.23342391304347826 0.03920118343195266
0 0.2112771739130435 0.677237426035503 0.25570652173913044 0.04567307692307692
0 0.2160326086956522 0.7272559171597633 0.275 0.03920118343195266
0 0.49171195652173916 0.3173076923076923 0.22853260869565217 0.03476331360946745
0 0.47744565217391305 0.35965236686390534 0.1967391304347826 0.030325443786982247
0 0.4910326086956522 0.39829881656804733 0.22391304347826088 0.03365384615384615
0 0.49972826086956523 0.4456360946745562 0.2510869565217391 0.03254437869822485
0 0.4877717391304348 0.4906619822485207 0.22065217391304348 0.027181952662721894
0 0.48940217391304347 0.5347633136094675 0.22717391304347825 0.03698224852071006
0 0.48940217391304347 0.582655325443787 0.23967391304347826 0.03254437869822485
0 0.4885869565217391 0.6326738165680473 0.23478260869565218 0.0327292899408284
0 0.48709239130434784 0.6860207100591715 0.25733695652173916 0.03920118343195266
0 0.49184782608695654 0.7377034023668639 0.2668478260869565 0.04456360946745562
0 0.7308423913043478 0.3183247041420118 0.23016304347826086 0.04123520710059172
0 0.7387228260869565 0.36020710059171596 0.2236413043478261 0.03143491124260355
0 0.7514945652173913 0.40153476331360943 0.23994565217391306 0.0316198224852071
0 0.75 0.4483173076923077 0.22065217391304348 0.027181952662721894
0 0.7442934782608696 0.49509985207100593 0.24130434782608695 0.03790680473372781
0 0.745108695652174 0.5396634615384616 0.22391304347826088 0.033838757396449703
0 0.753125 0.590883875739645 0.24592391304347827 0.04456360946745562
0 0.7578804347826087 0.639792899408284 0.24619565217391304 0.03587278106508875
0 0.7626358695652175 0.688701923076923 0.23016304347826086 0.03790680473372781
0 0.7634510869565218 0.7436205621301775 0.23831521739130435 0.05011094674556213
