0 0.27567934782608694 0.2745007396449704 0.17309782608695654 0.05787721893491124
0 0.2831521739130435 0.3221153846153846 0.1907608695652174 0.04770710059171598
0 0.2625 0.36168639053254437 0.1842391304347826 0.04659763313609468
0 0.26046195652173915 0.4058801775147929 0.18179347826086956 0.038461538461538464
0 0.2608695652173913 0.4548816568047337 0.1826086956521739 0.05029585798816568
0 0.25855978260869567 0.49935281065088755 0.18722826086956523 0.04789201183431953
0 0.246875 0.5434541420118343 0.20298913043478262 0.04363905325443787
0 0.23858695652173914 0.5918084319526628 0.1956521739130435 0.04049556213017751
0 0.24157608695652175 0.6413646449704142 0.2483695652173913 0.041974852071005916
0 0.23410326086956523 0.6913831360946745 0.26168478260869565 0.04363905325443787
0 0.5126358695652175 0.30750739644970415 0.1546195652173913 0.04215976331360947
0 0.5088315217391305 0.3496671597633136 0.1654891304347826 0.04105029585798817
0 0.4967391304347826 0.3901627218934911 0.16847826086956522 0.034023668639053255
0 0.5020380434782609 0.4300110946745562 0.19266304347826088 0.03753698224852071
0 0.4896739130434783 0.47420488165680474 0.1826086956521739 0.0334689349112426
0 0.4892663043478261 0.5185835798816568 0.18505434782608696 0.029770710059171597
0 0.5096467391304348 0.5588942307692307 0.22418478260869565 0.03864644970414201
0 0.501358695652174 0.600314349112426 0.20923913043478262 0.04308431952662722
0 0.4986413043478261 0.6495007396449703 0.21141304347826087 0.04419378698224852
0 0.49442934782608694 0.7027551775147929 0.22418478260869565 0.05085059171597633
0 0.7221467391304348 0.33570636094674555 0.1480978260869565 0.04308431952662722
0 0.7198369565217392 0.37167159763313606 0.1375 0.03698224852071006
0 0.7195652173913043 0.41050295857988167 0.1532608695652174 0.038461538461538464
0 0.7206521739130435 0.45081360946745563 0.14782608695652175 0.04105029585798817
0 0.7190217391304348 0.4916789940828402 0.16304347826086957 0.038461538461538464
0 0.7183423913043478 0.5343010355029586 0.16929347826086957 0.041605029585798814
0 0.7176630434782609 0.5786797337278107 0.16304347826086957 0.04308431952662722
0 0.722554347826087 0.6251849112426036 0.1923913043478261 0.040680473372781065
0 0.7274456521739131 0.6701183431952663 0.1826086956521739 0.045118343195266274
0 0.7251358695652174 0.7130177514792899 0.1796195652173913 0.04474852071005917
