0 0.8180706521739131 0.3574334319526627 0.1578804347826087 0.029215976331360947
0 0.8114130434782609 0.40181213017751477 0.1673913043478261 0.02551775147928994
0 0.8139945652173913 0.4423076923076923 0.1578804347826087 0.028476331360946745
0 0.8139945652173913 0.47938239644970415 0.1703804347826087 0.0327292899408284
0 0.8125 0.5202477810650887 0.17771739130434783 0.041974852071005916
0 0.8145380434782609 0.5682322485207101 0.16494565217391305 0.03994082840236686
0 0.8180706521739131 0.6070636094674556 0.19755434782608697 0.02625739644970414
0 0.825 0.6504252958579881 0.19456521739130436 0.034948224852071004
0 0.8150815217391304 0.7001664201183432 0.2078804347826087 0.0305103550295858
0 0.8129076086956522 0.7464866863905325 0.22255434782608696 0.046227810650887574
0 0.5938858695652174 0.3555843195266272 0.16929347826086957 0.034023668639053255
0 0.5855978260869565 0.394323224852071 0.17771739130434783 0.0305103550295858
0 0.5758152173913044 0.433801775147929 0.20380434782608695 0.03550295857988166
0 0.5830163043478261 0.4757766272189349 0.1953804347826087 0.028476331360946745
0 0.5815217391304348 0.5187684911242604 0.20271739130434782 0.0319896449704142
0 0.566304347826087 0.5643491124260355 0.21195652173913043 0.029215976331360947
0 0.5741847826086957 0.610207100591716 0.21739130434782608 0.03254437869822485
0 0.5730978260869565 0.6557877218934911 0.21521739130434783 0.0327292899408284
0 0.5703804347826087 0.6976701183431953 0.21847826086956523 0.03550295857988166
0 0.5735054347826087 0.7488905325443787 0.24972826086956523 0.03994082840236686
0 0.36032608695652174 0.3545673076923077 0.19130434782608696 0.041974852071005916
0 0.35366847826086956 0.3964497041420118 0.20896739130434783 0.029215976331360947
0 0.3551630434782609 0.4349112426035503 0.19728260869565217 0.03069526627218935
0 0.34877717391304347 0.4807692307692308 0.19755434782608697 0.034023668639053255
0 0.34524456521739133 0.5198779585798816 0.20679347826086958 0.034208579881656806
0 0.3389945652173913 0.5672152366863905 0.2111413043478261 0.03901627218934911
0 0.33682065217391305 0.607340976331361 0.2236413043478261 0.03568786982248521
0 0.3389945652173913 0.6564349112426036 0.22581521739130436 0.028476331360946745
0 0.3201086956521739 0.6980399408284024 0.2423913043478261 0.046227810650887574
0 0.3184782608695652 0.75 0.24565217391304348 0.03772189349112426
