0 0.31168478260869564 0.3225776627218935 0.19130434782608696 0.04900147928994083
0 0.31752717391304347 0.37056213017751477 0.18179347826086956 0.04696745562130177
0 0.31698369565217394 0.41170488165680474 0.19320652173913044 0.04123520710059172
0 0.30855978260869565 0.4530325443786982 0.1953804347826087 0.048446745562130175
0 0.30543478260869567 0.49602440828402367 0.19945652173913045 0.04049556213017751
0 0.27622282608695653 0.5319896449704142 0.2203804347826087 0.04992603550295858
0 0.28654891304347824 0.5778476331360947 0.19755434782608697 0.041789940828402365
0 0.2896739130434783 0.6176960059171598 0.21630434782608696 0.041974852071005916
0 0.26521739130434785 0.665680473372781 0.20271739130434782 0.053994082840236685
0 0.266304347826087 0.7176405325443787 0.2548913043478261 0.04548816568047337
0 0.5311141304347826 0.34208579881656803 0.1578804347826087 0.048446745562130175
0 0.5327445652173913 0.38008505917159763 0.15896739130434784 0.0334689349112426
0 0.5395380434782608 0.4178069526627219 0.1828804347826087 0.04049556213017751
0 0.5463315217391305 0.4594119822485207 0.18831521739130436 0.03568786982248521
0 0.5384510869565218 0.5042529585798816 0.1703804347826087 0.03143491124260355
0 0.5485054347826087 0.5422522189349113 0.1986413043478261 0.0305103550295858
0 0.540625 0.5906065088757396 0.21005434782608695 0.03772189349112426
0 0.5536684782608696 0.634430473372781 0.24646739130434783 0.04696745562130177
0 0.5641304347826087 0.6820451183431953 0.24456521739130435 0.029770710059171597
0 0.5432065217391304 0.7317862426035503 0.20271739130434782 0.048261834319526624
0 0.753804347826087 0.363073224852071 0.13695652173913045 0.051960059171597635
0 0.756929347826087 0.4040310650887574 0.1453804347826087 0.03698224852071006
0 0.7616847826086957 0.43953402366863903 0.14021739130434782 0.03550295857988166
0 0.763179347826087 0.48113905325443784 0.1578804347826087 0.03920118343195266
0 0.7595108695652174 0.5202477810650887 0.15271739130434783 0.0305103550295858
0 0.7664402173913044 0.5661982248520709 0.15570652173913044 0.03698224852071006
0 0.7663043478260869 0.6080806213017751 0.14728260869565218 0.034208579881656806
0 0.772554347826087 0.6568047337278107 0.16195652173913044 0.03920118343195266
0 0.7720108695652174 0.7019230769230769 0.16304347826086957 0.044008875739644966
0 0.7684782608695653 0.7478735207100592 0.1641304347826087 0.041974852071005916
