0 0.5008333333333334 0.64125 0.27166666666666667 0.0375
0 0.8175 0.539375 0.255 0.03875
0 0.8291666666666667 0.486875 0.2816666666666667 0.03875
0 0.49083333333333334 0.49312500000000004 0.255 0.04625
0 0.49833333333333335 0.439375 0.26666666666666666 0.04125
0 0.8175 0.433125 0.26166666666666666 0.03875
0 0.8200000000000001 0.381875 0.27 0.03625
0 0.14666666666666667 0.345625 0.21000000000000002 0.03875
0 0.8075000000000001 0.33437500000000003 0.24833333333333335 0.03375
0 0.15000000000000002 0.3 0.22 0.0375
0 0.4941666666666667 0.29375 0.265 0.0375
0 0.805 0.284375 0.24000000000000002 0.03875
0 0.14583333333333334 0.251875 0.21166666666666667 0.03625
0 0.46166666666666667 0.245 0.20333333333333334 0.035
0 0.8 0.23625000000000002 0.24000000000000002 0.03
0 0.1525 0.198125 0.22166666666666668 0.03625
0 0.4575 0.196875 0.19833333333333333 0.03625
0 0.8016666666666667 0.181875 0.24333333333333335 0.03875
0 0.14916666666666667 0.395 0.21833333333333335 0.0425
0 0.15916666666666668 0.443125 0.23833333333333334 0.03625
0 0.16833333333333333 0.491875 0.26 0.03875
0 0.1575 0.54 0.24166666666666667 0.045
0 0.15833333333333335 0.5906250000000001 0.25333333333333335 0.04125
0 0.16166666666666668 0.640625 0.24333333333333335 0.03875
0 0.5016666666666667 0.341875 0.27 0.03625
0 0.5016666666666667 0.390625 0.27 0.03875
0 0.4841666666666667 0.540625 0.24500000000000002 0.04125
0 0.48250000000000004 0.59125 0.24500000000000002 0.035
0 0.8091666666666667 0.59125 0.23500000000000001 0.05
0 0.8408333333333334 0.645625 0.2916666666666667 0.04125
