0 0.23095703125 0.3236083984375 0.1767578125 0.028076171875
0 0.22786458333333331 0.3704833984375 0.17903645833333331 0.030517578125
0 0.2216796875 0.40869140625 0.14453125 0.02294921875
0 0.22395833333333331 0.4483642578125 0.16276041666666666 0.029052734375
0 0.22184244791666666 0.4945068359375 0.1728515625 0.045166015625
0 0.21516927083333331 0.5418701171875 0.1640625 0.026611328125
0 0.20947265625 0.5830078125 0.18522135416666666 0.0283203125
0 0.21826171875 0.6273193359375 0.1923828125 0.037353515625
0 0.220703125 0.6776123046875 0.16666666666666666 0.040283203125
0 0.20035807291666666 0.726806640625 0.2177734375 0.0380859375
0 0.4329427083333333 0.3228759765625 0.18619791666666666 0.040283203125
0 0.4363606770833333 0.3621826171875 0.1748046875 0.033447265625
0 0.4365234375 0.39990234375 0.17903645833333331 0.044921875
0 0.44352213541666663 0.449951171875 0.1748046875 0.0380859375
0 0.4365234375 0.4892578125 0.20963541666666666 0.04345703125
0 0.44091796875 0.538330078125 0.18001302083333331 0.03515625
0 0.4451497395833333 0.5869140625 0.1982421875 0.04052734375
0 0.44303385416666663 0.626220703125 0.19661458333333331 0.0380859375
0 0.4451497395833333 0.6806640625 0.1943359375 0.04052734375
0 0.44596354166666663 0.7296142578125 0.21875 0.037353515625
0 0.6560872395833333 0.3228759765625 0.1748046875 0.045166015625
0 0.6617838541666666 0.3614501953125 0.17578125 0.033447265625
0 0.67138671875 0.409423828125 0.20540364583333331 0.03662109375
0 0.6627604166666666 0.449951171875 0.177734375 0.03369140625
0 0.6744791666666666 0.4971923828125 0.19921875 0.038330078125
0 0.6739908854166666 0.5377197265625 0.21256510416666666 0.031982421875
0 0.6735026041666666 0.58154296875 0.197265625 0.03125
0 0.6608072916666666 0.6314697265625 0.20247395833333331 0.041259765625
0 0.6790364583333333 0.6756591796875 0.20833333333333331 0.042724609375
0 0.669921875 0.72412109375 0.19010416666666666 0.04345703125
