0 0.27622282608695653 0.34282544378698226 0.18722826086956523 0.03698224852071006
0 0.2720108695652174 0.3911797337278106 0.17228260869565218 0.0327292899408284
0 0.26834239130434784 0.43093565088757396 0.1986413043478261 0.034208579881656806
0 0.26521739130434785 0.47475961538461536 0.19456521739130436 0.03901627218934911
0 0.2714673913043478 0.5171042899408284 0.20706521739130435 0.042714497041420114
0 0.2542119565217391 0.5572300295857988 0.21005434782608695 0.0319896449704142
0 0.26521739130434785 0.6013313609467456 0.22554347826086957 0.04326923076923077
0 0.2610054347826087 0.6489460059171598 0.23179347826086957 0.041974852071005916
0 0.266304347826087 0.6937869822485206 0.2467391304347826 0.051775147928994084
0 0.26005434782608694 0.7375184911242604 0.21956521739130436 0.04123520710059172
0 0.48994565217391306 0.36029955621301774 0.1673913043478261 0.0319896449704142
0 0.49184782608695654 0.39968565088757396 0.16086956521739132 0.024223372781065088
0 0.5123641304347826 0.4362980769230769 0.2269021739130435 0.029031065088757396
0 0.5072010869565218 0.47938239644970415 0.21005434782608695 0.03125
0 0.5077445652173913 0.5198779585798816 0.22146739130434784 0.03568786982248521
0 0.49619565217391304 0.5667529585798816 0.1983695652173913 0.028476331360946745
0 0.5072010869565218 0.6080806213017751 0.2203804347826087 0.03125
0 0.5103260869565217 0.6536612426035503 0.23097826086956522 0.03698224852071006
0 0.5059782608695652 0.7026627218934911 0.23097826086956522 0.03994082840236686
0 0.5101902173913043 0.7506471893491125 0.22255434782608696 0.04900147928994083
0 0.7262228260869565 0.3655695266272189 0.16929347826086957 0.03550295857988166
0 0.7126358695652174 0.39931582840236685 0.15679347826086956 0.026442307692307692
0 0.7271739130434782 0.4441568047337278 0.1858695652173913 0.03772189349112426
0 0.7214673913043478 0.48363535502958577 0.17880434782608695 0.039755917159763315
0 0.7339673913043478 0.5319896449704142 0.18097826086956523 0.03994082840236686
0 0.7354619565217392 0.5756286982248521 0.1671195652173913 0.046227810650887574
0 0.7349184782608695 0.6194526627218935 0.1828804347826087 0.03254437869822485
0 0.7328804347826087 0.6653106508875739 0.1766304347826087 0.040680473372781065
0 0.7302989130434783 0.7055288461538461 0.18179347826086956 0.04123520710059172
0 0.7422554347826087 0.7538831360946745 0.1828804347826087 0.03550295857988166
