0 0.6557065217391305 0.44877958579881655 0.1483695652173913 0.038461538461538464
0 0.6457880434782609 0.49241863905325445 0.1703804347826087 0.027736686390532544
0 0.6478260869565218 0.5294008875739645 0.15978260869565217 0.027736686390532544
0 0.6504076086956522 0.5636094674556212 0.18614130434782608 0.027736686390532544
0 0.6441576086956522 0.6038276627218935 0.18831521739130436 0.03827662721893491
0 0.6358695652173914 0.6493158284023669 0.21739130434782608 0.03568786982248521
0 0.6410326086956522 0.6856508875739645 0.20706521739130435 0.026997041420118342
0 0.6561141304347826 0.7303994082840236 0.1828804347826087 0.03254437869822485
0 0.6415760869565218 0.7773668639053254 0.21630434782608696 0.044008875739644966
0 0.6639945652173913 0.8232248520710059 0.20679347826086958 0.040680473372781065
0 0.4585597826086957 0.45515902366863903 0.14103260869565218 0.034208579881656806
0 0.4513586956521739 0.4914016272189349 0.14728260869565218 0.02570266272189349
0 0.4476902173913044 0.5290310650887574 0.1421195652173913 0.028476331360946745
0 0.43668478260869564 0.5697115384615384 0.1641304347826087 0.03550295857988166
0 0.4309782608695652 0.6077107988165681 0.17554347826086958 0.0305103550295858
0 0.4278532608695652 0.6475591715976331 0.18614130434782608 0.036242603550295856
0 0.42418478260869563 0.6937869822485206 0.19130434782608696 0.03920118343195266
0 0.42567934782608696 0.7371486686390533 0.18396739130434783 0.04493343195266272
0 0.4251358695652174 0.7791235207100592 0.18505434782608696 0.03901627218934911
0 0.4063858695652174 0.8263683431952663 0.18722826086956523 0.04548816568047337
0 0.24334239130434782 0.4672707100591716 0.17255434782608695 0.03698224852071006
0 0.246875 0.5071190828402367 0.15679347826086956 0.02570266272189349
0 0.2391304347826087 0.5443786982248521 0.1891304347826087 0.03920118343195266
0 0.234375 0.5774778106508875 0.16929347826086957 0.03698224852071006
0 0.23858695652173914 0.6158468934911242 0.1673913043478261 0.0327292899408284
0 0.23451086956521738 0.652551775147929 0.16304347826086957 0.03069526627218935
0 0.21875 0.6984097633136095 0.15271739130434783 0.04252958579881657
0 0.2297554347826087 0.7357618343195266 0.16603260869565217 0.03772189349112426
0 0.221875 0.7766272189349113 0.1796195652173913 0.03698224852071006
0 0.19211956521739132 0.8257211538461539 0.2266304347826087 0.05676775147928994
