0 0.24320652173913043 0.31185281065088755 0.16521739130434782 0.041974852071005916
0 0.24945652173913044 0.35909763313609466 0.17771739130434783 0.03698224852071006
0 0.2421195652173913 0.39829881656804733 0.18804347826086956 0.038461538461538464
0 0.2516304347826087 0.433801775147929 0.2048913043478261 0.03550295857988166
0 0.24741847826086957 0.47901257396449703 0.23016304347826086 0.0319896449704142
0 0.23695652173913043 0.5206176035502958 0.23641304347826086 0.03568786982248521
0 0.23029891304347827 0.5607433431952663 0.23722826086956522 0.034948224852071004
0 0.20978260869565218 0.6090976331360947 0.2967391304347826 0.04770710059171598
0 0.2217391304347826 0.6496856508875739 0.21630434782608696 0.04049556213017751
0 0.20665760869565217 0.6962832840236686 0.2361413043478261 0.03827662721893491
0 0.46372282608695653 0.3328402366863905 0.17146739130434782 0.03143491124260355
0 0.4622282608695652 0.37056213017751477 0.16630434782608697 0.029955621301775148
0 0.4644021739130435 0.4074519230769231 0.1891304347826087 0.04123520710059172
0 0.46494565217391304 0.44776257396449703 0.19021739130434784 0.0319896449704142
0 0.48464673913043477 0.4875184911242603 0.23396739130434782 0.034948224852071004
0 0.4752717391304348 0.5259800295857988 0.20271739130434782 0.0334689349112426
0 0.48845108695652173 0.5703587278106509 0.2247282608695652 0.039755917159763315
0 0.47309782608695655 0.6134430473372781 0.21521739130434783 0.03901627218934911
0 0.47934782608695653 0.6596708579881657 0.25706521739130433 0.05343934911242603
0 0.49470108695652176 0.7058986686390533 0.24972826086956523 0.05048076923076923
0 0.666983695652174 0.34097633136094674 0.14320652173913043 0.03920118343195266
0 0.684375 0.38008505917159763 0.16929347826086957 0.04345414201183432
0 0.6832880434782609 0.4178069526627219 0.17146739130434782 0.034948224852071004
0 0.6858695652173913 0.45654585798816566 0.17445652173913043 0.029955621301775148
0 0.7014945652173913 0.4925110946745562 0.1828804347826087 0.03642751479289941
0 0.690625 0.5387389053254438 0.15896739130434784 0.03642751479289941
0 0.689945652173913 0.5764607988165681 0.14945652173913043 0.034948224852071004
0 0.6900815217391304 0.6190828402366864 0.1453804347826087 0.03069526627218935
0 0.6994565217391304 0.6688239644970414 0.17445652173913043 0.03772189349112426
0 0.7073369565217391 0.7200443786982248 0.1858695652173913 0.04474852071005917
