0 0.36861413043478264 0.4032914201183432 0.1736413043478261 0.03698224852071006
0 0.3832880434782609 0.4470229289940828 0.20081521739130434 0.0319896449704142
0 0.36875 0.48677884615384615 0.1923913043478261 0.0319896449704142
0 0.36970108695652176 0.5280140532544378 0.18396739130434783 0.0319896449704142
0 0.38233695652173916 0.5771079881656804 0.21739130434782608 0.036242603550295856
0 0.3733695652173913 0.6198224852071006 0.22880434782608697 0.036242603550295856
0 0.3816576086956522 0.6674371301775148 0.24972826086956523 0.0319896449704142
0 0.3733695652173913 0.7130177514792899 0.20597826086956522 0.036242603550295856
0 0.3665760869565217 0.7616494082840236 0.22391304347826088 0.04548816568047337
0 0.37703804347826086 0.8117603550295858 0.23396739130434782 0.05473372781065089
0 0.5824728260869565 0.4117973372781065 0.1578804347826087 0.044008875739644966
0 0.6043478260869565 0.45663831360946744 0.1891304347826087 0.039755917159763315
0 0.5966032608695653 0.49528476331360943 0.18396739130434783 0.0334689349112426
0 0.5949728260869566 0.5330991124260355 0.21005434782608695 0.036242603550295856
0 0.6116847826086956 0.5742418639053254 0.21195652173913043 0.041974852071005916
0 0.6091032608695652 0.6240754437869822 0.1986413043478261 0.04326923076923077
0 0.6184782608695653 0.6706730769230769 0.21304347826086956 0.04252958579881657
0 0.6085597826086957 0.7130177514792899 0.1828804347826087 0.03772189349112426
0 0.6127717391304348 0.7631286982248521 0.21630434782608696 0.04548816568047337
0 0.608016304347826 0.8121301775147929 0.19429347826086957 0.04548816568047337
0 0.7961956521739131 0.4281619822485207 0.16521739130434782 0.039755917159763315
0 0.7971467391304348 0.46440458579881655 0.17146739130434782 0.03125
0 0.8154891304347827 0.5021264792899408 0.18695652173913044 0.03568786982248521
0 0.8165760869565217 0.5462278106508875 0.1891304347826087 0.029955621301775148
0 0.8226902173913043 0.5849667159763313 0.19755434782608697 0.0334689349112426
0 0.824320652173913 0.6265717455621301 0.18179347826086956 0.034208579881656806
0 0.8338315217391304 0.6720599112426036 0.19429347826086957 0.03125
0 0.8332880434782609 0.7180103550295858 0.18722826086956523 0.02625739644970414
0 0.8373641304347826 0.7631286982248521 0.18722826086956523 0.029955621301775148
0 0.84375 0.8025147928994083 0.20597826086956522 0.046227810650887574
