0 0.22133152173913043 0.2796782544378698 0.22418478260869565 0.06120562130177515
0 0.20828804347826088 0.33321005917159763 0.2078804347826087 0.04474852071005917
0 0.21453804347826086 0.3798076923076923 0.2078804347826087 0.04548816568047337
0 0.20095108695652175 0.42390902366863903 0.2078804347826087 0.04419378698224852
0 0.20095108695652175 0.4708764792899408 0.24755434782608696 0.05122041420118343
0 0.20095108695652175 0.5173816568047337 0.25625 0.04474852071005917
0 0.19252717391304347 0.5668454142011834 0.26875 0.05122041420118343
0 0.18464673913043478 0.6137204142011834 0.2654891304347826 0.04696745562130177
0 0.18994565217391304 0.6635539940828402 0.26358695652173914 0.04974112426035503
0 0.18831521739130436 0.717917899408284 0.2875 0.04900147928994083
0 0.46059782608695654 0.31222263313609466 0.20271739130434782 0.04567307692307692
0 0.4501358695652174 0.3541974852071006 0.1796195652173913 0.0327292899408284
0 0.4585597826086957 0.3933062130177515 0.23396739130434782 0.038461538461538464
0 0.4495923913043478 0.43278476331360943 0.23505434782608695 0.04900147928994083
0 0.4433423913043478 0.47475961538461536 0.18722826086956523 0.034948224852071004
0 0.4476902173913044 0.5259800295857988 0.21005434782608695 0.05048076923076923
0 0.43247282608695653 0.5703587278106509 0.19429347826086957 0.04974112426035503
0 0.4486413043478261 0.6209319526627218 0.2141304347826087 0.04696745562130177
0 0.44497282608695654 0.6691937869822485 0.25516304347826085 0.048446745562130175
0 0.4585597826086957 0.7193971893491125 0.25516304347826085 0.04049556213017751
0 0.6733695652173913 0.3310835798816568 0.15978260869565217 0.047522189349112426
0 0.6754076086956522 0.3715791420118343 0.16385869565217392 0.041974852071005916
0 0.6754076086956522 0.40930103550295854 0.16005434782608696 0.03642751479289941
0 0.6759510869565217 0.4515532544378698 0.18179347826086956 0.04696745562130177
0 0.6832880434782609 0.49713387573964496 0.1736413043478261 0.04419378698224852
0 0.6801630434782608 0.542344674556213 0.17989130434782608 0.04474852071005917
0 0.6770380434782609 0.5832100591715976 0.18396739130434783 0.03994082840236686
0 0.68125 0.6354474852071006 0.17771739130434783 0.03901627218934911
0 0.6921195652173913 0.683801775147929 0.1934782608695652 0.03772189349112426
0 0.6847826086956522 0.7321560650887574 0.19130434782608696 0.051960059171597635
