0 0.7334239130434783 0.44988905325443784 0.17445652173913043 0.029215976331360947
0 0.7214673913043478 0.4875184911242603 0.17771739130434783 0.034948224852071004
0 0.7135869565217391 0.5302329881656804 0.2141304347826087 0.0305103550295858
0 0.7168478260869565 0.5753513313609467 0.2016304347826087 0.034208579881656806
0 0.7146739130434783 0.6240754437869822 0.24565217391304348 0.040680473372781065
0 0.7177989130434783 0.6695636094674556 0.23505434782608695 0.03069526627218935
0 0.7105978260869565 0.71875 0.24565217391304348 0.046227810650887574
0 0.7120923913043479 0.7691383136094674 0.25081521739130436 0.047522189349112426
0 0.7110054347826087 0.8182322485207101 0.2236413043478261 0.03069526627218935
0 0.7168478260869565 0.8662167159763313 0.26032608695652176 0.05676775147928994
0 0.4904891304347826 0.4459134615384615 0.1923913043478261 0.039755917159763315
0 0.48940217391304347 0.48890532544378695 0.1923913043478261 0.02625739644970414
0 0.4831521739130435 0.5358727810650887 0.21521739130434783 0.03920118343195266
0 0.46956521739130436 0.576090976331361 0.2217391304347826 0.03827662721893491
0 0.4633152173913044 0.6205621301775148 0.23423913043478262 0.036242603550295856
0 0.45394021739130436 0.6675295857988166 0.23179347826086957 0.046227810650887574
0 0.4550271739130435 0.7218934911242604 0.23831521739130435 0.038461538461538464
0 0.45760869565217394 0.7708949704142012 0.22880434782608697 0.04548816568047337
0 0.44932065217391304 0.8199889053254438 0.2644021739130435 0.042714497041420114
0 0.4476902173913044 0.8747226331360947 0.24864130434782608 0.04974112426035503
0 0.2736413043478261 0.4526627218934911 0.1934782608695652 0.04326923076923077
0 0.27730978260869565 0.49463757396449703 0.16929347826086957 0.03217455621301775
0 0.26942934782608696 0.534116124260355 0.18722826086956523 0.027181952662721894
0 0.24904891304347826 0.5778476331360947 0.19646739130434782 0.03772189349112426
0 0.2532608695652174 0.6251849112426036 0.2048913043478261 0.03550295857988166
0 0.24021739130434783 0.6685465976331361 0.19945652173913045 0.0327292899408284
0 0.2438858695652174 0.7182877218934911 0.18396739130434783 0.0327292899408284
0 0.24279891304347825 0.7667344674556212 0.18831521739130436 0.042714497041420114
0 0.23967391304347826 0.8171227810650887 0.1967391304347826 0.04548816568047337
0 0.21345108695652174 0.8683431952662721 0.2111413043478261 0.04548816568047337
