0 0.2919836956521739 0.3444896449704142 0.23831521739130435 0.04142011834319526
0 0.30394021739130433 0.3907174556213018 0.23668478260869566 0.03587278106508875
0 0.30081521739130435 0.43472633136094674 0.24293478260869567 0.03476331360946745
0 0.2951086956521739 0.4782729289940828 0.22554347826086957 0.0327292899408284
0 0.294429347826087 0.5260724852071006 0.2589673913043478 0.030325443786982247
0 0.2919836956521739 0.570728550295858 0.24157608695652175 0.0305103550295858
0 0.2951086956521739 0.6164016272189349 0.22228260869565217 0.04123520710059172
0 0.2936141304347826 0.6653106508875739 0.22853260869565217 0.03698224852071006
0 0.3047554347826087 0.7153291420118343 0.23831521739130435 0.04345414201183432
0 0.3046195652173913 0.7675665680473372 0.24456521739130435 0.04770710059171598
0 0.5342391304347827 0.3406065088757396 0.21739130434782608 0.04031065088757396
0 0.5460597826086957 0.3872041420118343 0.22853260869565217 0.04142011834319526
0 0.5509510869565217 0.4318602071005917 0.22853260869565217 0.04789201183431953
0 0.549320652173913 0.47965976331360943 0.23505434782608695 0.03698224852071006
0 0.5548913043478261 0.5236686390532544 0.2331521739130435 0.03809171597633136
0 0.549320652173913 0.5693417159763313 0.22853260869565217 0.03809171597633136
0 0.5588315217391304 0.6199149408284024 0.23831521739130435 0.028291420118343194
0 0.5555706521739131 0.6645710059171598 0.25733695652173916 0.03476331360946745
0 0.5684782608695652 0.7119082840236686 0.2510869565217391 0.03587278106508875
0 0.5645380434782609 0.7673816568047337 0.25570652173913044 0.04474852071005917
0 0.7739130434782608 0.34541420118343197 0.2108695652173913 0.03587278106508875
0 0.7827445652173913 0.38831360946745563 0.20625 0.04363905325443787
0 0.8058423913043479 0.43241494082840237 0.24592391304347827 0.04234467455621302
0 0.7914402173913043 0.4791050295857988 0.2203804347826087 0.03587278106508875
0 0.8058423913043479 0.5204326923076923 0.23016304347826086 0.0316198224852071
0 0.8033967391304347 0.5694341715976331 0.23179347826086957 0.033838757396449703
0 0.8097826086956522 0.6172337278106509 0.2190217391304348 0.03587278106508875
0 0.8130434782608695 0.6684541420118343 0.2157608695652174 0.03809171597633136
0 0.819429347826087 0.7156989644970414 0.22527173913043477 0.04123520710059172
0 0.8313858695652174 0.7624815088757396 0.2589673913043478 0.0305103550295858
