0 0.2563858695652174 0.2897559171597633 0.1953804347826087 0.03772189349112426
0 0.24904891304347826 0.32535133136094674 0.1828804347826087 0.026442307692307692
0 0.2536684782608696 0.36168639053254437 0.19211956521739132 0.029215976331360947
0 0.23491847826086956 0.40033284023668636 0.18831521739130436 0.028476331360946745
0 0.24171195652173913 0.4370377218934911 0.21005434782608695 0.0319896449704142
0 0.23125 0.48002958579881655 0.18097826086956523 0.034023668639053255
0 0.23532608695652174 0.5227440828402367 0.20380434782608695 0.03143491124260355
0 0.225 0.5675850591715976 0.19130434782608696 0.04123520710059172
0 0.2108695652173913 0.6066937869822485 0.20706521739130435 0.03550295857988166
0 0.2175271739130435 0.6564349112426036 0.23722826086956522 0.04696745562130177
0 0.46902173913043477 0.27061760355029585 0.1983695652173913 0.0334689349112426
0 0.46372282608695653 0.30824704142011833 0.19429347826086957 0.029215976331360947
0 0.4675271739130435 0.34920488165680474 0.19755434782608697 0.03568786982248521
0 0.46847826086956523 0.38831360946745563 0.1956521739130435 0.028476331360946745
0 0.4501358695652174 0.433801775147929 0.19429347826086957 0.03550295857988166
0 0.4699728260869565 0.47263313609467456 0.20896739130434783 0.04474852071005917
0 0.4580163043478261 0.5177514792899408 0.18070652173913043 0.03254437869822485
0 0.45339673913043477 0.5615754437869822 0.20896739130434783 0.046227810650887574
0 0.46644021739130437 0.6155695266272189 0.21440217391304348 0.04918639053254438
0 0.46902173913043477 0.6674371301775148 0.2548913043478261 0.06046597633136094
0 0.6827445652173914 0.2731139053254438 0.16005434782608696 0.04696745562130177
0 0.6932065217391304 0.3139792899408284 0.16847826086956522 0.04326923076923077
0 0.6941576086956521 0.3538276627218935 0.16820652173913045 0.0334689349112426
0 0.6900815217391304 0.3979289940828402 0.17255434782608695 0.03328402366863905
0 0.6941576086956521 0.44092085798816566 0.1828804347826087 0.039755917159763315
0 0.6932065217391304 0.48224852071005914 0.18695652173913044 0.038461538461538464
0 0.6894021739130435 0.5262573964497042 0.19021739130434784 0.03994082840236686
0 0.7120923913043479 0.5757211538461539 0.21005434782608695 0.03753698224852071
0 0.6957880434782608 0.6190828402366864 0.20298913043478262 0.040680473372781065
0 0.7066576086956522 0.6642936390532544 0.21005434782608695 0.04123520710059172
