0 0.23486328125 0.2034912109375 0.20149739583333331 0.057861328125
0 0.224609375 0.2540283203125 0.20703125 0.038818359375
0 0.23030598958333331 0.3011474609375 0.1943359375 0.044189453125
0 0.22574869791666666 0.3487548828125 0.2216796875 0.048095703125
0 0.23404947916666666 0.40673828125 0.240234375 0.05419921875
0 0.22981770833333331 0.45361328125 0.21354166666666666 0.048828125
0 0.22623697916666666 0.50830078125 0.2532552083333333 0.05712890625
0 0.2080078125 0.566650390625 0.24088541666666666 0.048828125
0 0.22184244791666666 0.6292724609375 0.24837239583333331 0.054931640625
0 0.22786458333333331 0.68603515625 0.2766927083333333 0.06201171875
0 0.4822591145833333 0.207763671875 0.20540364583333331 0.05419921875
0 0.4944661458333333 0.25341796875 0.21549479166666666 0.044921875
0 0.49137369791666663 0.3023681640625 0.2177734375 0.049560546875
0 0.4990234375 0.3525390625 0.23502604166666666 0.0419921875
0 0.4944661458333333 0.4049072265625 0.22786458333333331 0.065673828125
0 0.48779296875 0.4537353515625 0.2412109375 0.052001953125
0 0.49186197916666663 0.510986328125 0.21028645833333331 0.05810546875
0 0.48486328125 0.568115234375 0.26139322916666663 0.04736328125
0 0.4978841145833333 0.6199951171875 0.26139322916666663 0.045654296875
0 0.49137369791666663 0.6754150390625 0.2626953125 0.046630859375
0 0.732421875 0.2218017578125 0.20572916666666666 0.064208984375
0 0.7333984375 0.26416015625 0.1953125 0.0419921875
0 0.7374674479166666 0.3125 0.20345052083333331 0.0380859375
0 0.74560546875 0.3616943359375 0.20735677083333331 0.049560546875
0 0.7625325520833333 0.4117431640625 0.23079427083333331 0.045654296875
0 0.7498372395833333 0.4564208984375 0.2216796875 0.045166015625
0 0.7511393229166666 0.5133056640625 0.1943359375 0.053466796875
0 0.7822265625 0.5693359375 0.26236979166666663 0.052734375
0 0.7522786458333333 0.6131591796875 0.23502604166666666 0.056396484375
0 0.7874348958333333 0.6768798828125 0.25651041666666663 0.048095703125
