0 0.8082880434782609 0.3801775147928994 0.1736413043478261 0.03772189349112426
0 0.8044836956521739 0.418176775147929 0.16820652173913045 0.029770710059171597
0 0.8072010869565217 0.44877958579881655 0.17146739130434782 0.03698224852071006
0 0.7956521739130434 0.48576183431952663 0.1858695652173913 0.034023668639053255
0 0.8165760869565217 0.5208949704142012 0.20706521739130435 0.036242603550295856
0 0.8114130434782609 0.5628698224852071 0.20706521739130435 0.03476331360946745
0 0.8129076086956522 0.6013313609467456 0.20570652173913043 0.046227810650887574
0 0.8233695652173914 0.6444156804733727 0.17445652173913043 0.03698224852071006
0 0.8354619565217392 0.689534023668639 0.20081521739130434 0.03772189349112426
0 0.8222826086956522 0.7382581360946745 0.22065217391304348 0.04419378698224852
0 0.606929347826087 0.38517011834319526 0.1703804347826087 0.029215976331360947
0 0.6065217391304348 0.4146634615384615 0.17554347826086958 0.024223372781065088
0 0.604483695652174 0.44914940828402367 0.17146739130434782 0.03069526627218935
0 0.5982336956521739 0.4865014792899408 0.19429347826086957 0.03550295857988166
0 0.5949728260869566 0.5255177514792899 0.19646739130434782 0.038461538461538464
0 0.6065217391304348 0.5650887573964497 0.20706521739130435 0.03476331360946745
0 0.5955163043478261 0.60521449704142 0.19755434782608697 0.038461538461538464
0 0.5966032608695653 0.6494082840236686 0.19103260869565217 0.03698224852071006
0 0.5986413043478261 0.6912906804733727 0.1891304347826087 0.03827662721893491
0 0.5955163043478261 0.7428809171597633 0.20570652173913043 0.04900147928994083
0 0.4063858695652174 0.3876664201183432 0.16603260869565217 0.0327292899408284
0 0.39755434782608695 0.4213202662721893 0.1483695652173913 0.0334689349112426
0 0.3953804347826087 0.4604289940828402 0.19456521739130436 0.03772189349112426
0 0.38804347826086955 0.49528476331360943 0.18804347826086956 0.0334689349112426
0 0.3891304347826087 0.5343934911242604 0.1733695652173913 0.036242603550295856
0 0.388179347826087 0.5724852071005917 0.16929347826086957 0.03994082840236686
0 0.37717391304347825 0.6151997041420119 0.17880434782608695 0.034023668639053255
0 0.38383152173913043 0.6550480769230769 0.15896739130434784 0.034208579881656806
0 0.3808423913043478 0.6995192307692307 0.15679347826086956 0.03772189349112426
0 0.36508152173913044 0.7420488165680473 0.18831521739130436 0.046227810650887574
