0 0.28872282608695654 0.4426775147928994 0.16820652173913045 0.029215976331360947
0 0.2933423913043478 0.48363535502958577 0.18179347826086956 0.03125
0 0.2902173913043478 0.5245007396449703 0.1733695652173913 0.029031065088757396
0 0.3065217391304348 0.5647189349112426 0.1891304347826087 0.03994082840236686
0 0.2980978260869565 0.6129807692307692 0.21630434782608696 0.03698224852071006
0 0.28872282608695654 0.6486686390532544 0.23940217391304347 0.03550295857988166
0 0.28980978260869567 0.699426775147929 0.2078804347826087 0.05048076923076923
0 0.27676630434782606 0.7485207100591715 0.19429347826086957 0.03920118343195266
0 0.2841032608695652 0.7976146449704142 0.2236413043478261 0.04345414201183432
0 0.297554347826087 0.851978550295858 0.25923913043478264 0.059726331360946745
0 0.4998641304347826 0.43953402366863903 0.1828804347826087 0.048446745562130175
0 0.499320652173913 0.4807692307692308 0.1796195652173913 0.03254437869822485
0 0.5108695652173914 0.5198779585798816 0.18804347826086956 0.03568786982248521
0 0.5086956521739131 0.5625 0.1858695652173913 0.026997041420118342
0 0.5154891304347826 0.60521449704142 0.20815217391304347 0.03550295857988166
0 0.5197010869565217 0.6518121301775148 0.18722826086956523 0.03476331360946745
0 0.5305706521739131 0.6924001479289941 0.19646739130434782 0.041974852071005916
0 0.5322010869565218 0.7513868343195266 0.21440217391304348 0.047522189349112426
0 0.53125 0.7911427514792899 0.22880434782608697 0.0334689349112426
0 0.5447010869565218 0.839219674556213 0.22255434782608696 0.04974112426035503
0 0.7177989130434783 0.44027366863905326 0.1736413043478261 0.048446745562130175
0 0.7255434782608696 0.48677884615384615 0.17445652173913043 0.0334689349112426
0 0.7350543478260869 0.5266272189349113 0.17880434782608695 0.03772189349112426
0 0.7365489130434782 0.5668454142011834 0.1736413043478261 0.0327292899408284
0 0.7466032608695652 0.6055843195266272 0.19755434782608697 0.04326923076923077
0 0.7365489130434782 0.6457100591715976 0.18831521739130436 0.03698224852071006
0 0.7543478260869565 0.6970229289940828 0.2048913043478261 0.04123520710059172
0 0.7684782608695653 0.7421412721893491 0.20815217391304347 0.03901627218934911
0 0.7767663043478261 0.7877218934911242 0.21005434782608695 0.036242603550295856
0 0.7758152173913043 0.8343195266272189 0.20380434782608695 0.03698224852071006
