0 0.15584239130434782 0.30750739644970415 0.18505434782608696 0.047337278106508875
0 0.16644021739130435 0.3553069526627219 0.19320652173913044 0.04049556213017751
0 0.18206521739130435 0.39755917159763315 0.23532608695652174 0.03994082840236686
0 0.1778532608695652 0.44092085798816566 0.21222826086956523 0.042714497041420114
0 0.17323369565217392 0.49001479289940825 0.23396739130434782 0.04142011834319526
0 0.14864130434782608 0.5322670118343195 0.18315217391304348 0.0334689349112426
0 0.1455163043478261 0.5749815088757396 0.2078804347826087 0.03901627218934911
0 0.16644021739130435 0.6283284023668639 0.24375 0.03772189349112426
0 0.14347826086956522 0.673076923076923 0.2266304347826087 0.046227810650887574
0 0.14823369565217392 0.7296597633136095 0.2361413043478261 0.058431952662721894
0 0.4027173913043478 0.3217455621301775 0.17445652173913043 0.03772189349112426
0 0.40529891304347826 0.3620562130177515 0.20679347826086958 0.03550295857988166
0 0.4115489130434783 0.40532544378698226 0.20896739130434783 0.038461538461538464
0 0.4067934782608696 0.44776257396449703 0.20597826086956522 0.0319896449704142
0 0.4067934782608696 0.4918639053254438 0.1891304347826087 0.03772189349112426
0 0.40883152173913045 0.5337463017751479 0.2247282608695652 0.03901627218934911
0 0.41630434782608694 0.5774778106508875 0.22880434782608697 0.044008875739644966
0 0.4104619565217391 0.6279585798816568 0.21929347826086956 0.03698224852071006
0 0.41929347826086955 0.6809356508875739 0.23097826086956522 0.04345414201183432
0 0.42092391304347826 0.7375184911242604 0.2548913043478261 0.04974112426035503
0 0.6476902173913044 0.3284948224852071 0.19429347826086957 0.04123520710059172
0 0.657608695652174 0.36732618343195267 0.20380434782608695 0.041974852071005916
0 0.6535326086956522 0.4100406804733728 0.1891304347826087 0.04049556213017751
0 0.6529891304347826 0.4509060650887574 0.21739130434782608 0.039755917159763315
0 0.6607336956521739 0.49500739644970415 0.2078804347826087 0.04548816568047337
0 0.6722826086956522 0.5437315088757396 0.22065217391304348 0.04493343195266272
0 0.6550271739130434 0.5859837278106509 0.20679347826086958 0.038461538461538464
0 0.6722826086956522 0.6372041420118343 0.21847826086956523 0.03994082840236686
0 0.6726902173913043 0.686667899408284 0.23831521739130435 0.04049556213017751
0 0.6702445652173913 0.733542899408284 0.21440217391304348 0.046227810650887574
