0 0.1891304347826087 0.35613905325443784 0.23804347826086958 0.04363905325443787
0 0.44456521739130433 0.35244082840236685 0.19456521739130436 0.04437869822485207
0 0.6717391304347826 0.3594674556213018 0.1967391304347826 0.049556213017751476
0 0.19945652173913045 0.40458579881656803 0.24565217391304348 0.045118343195266274
0 0.21467391304347827 0.452292899408284 0.26521739130434785 0.03550295857988166
0 0.21684782608695652 0.4948224852071006 0.24347826086956523 0.040680473372781065
0 0.20706521739130435 0.5436390532544378 0.23043478260869565 0.03180473372781065
0 0.22336956521739132 0.5968934911242604 0.23695652173913043 0.028846153846153844
0 0.24619565217391304 0.6486686390532544 0.28043478260869564 0.05103550295857988
0 0.24891304347826088 0.7071005917159763 0.275 0.040680473372781065
0 0.25217391304347825 0.7644230769230769 0.29239130434782606 0.04142011834319526
0 0.2717391304347826 0.830991124260355 0.32065217391304346 0.07100591715976332
0 0.46358695652173915 0.3968195266272189 0.20652173913043478 0.029585798816568046
0 0.46304347826086956 0.4426775147928994 0.20978260869565218 0.04142011834319526
0 0.4831521739130435 0.48742603550295854 0.2391304347826087 0.03920118343195266
0 0.5 0.529215976331361 0.23804347826086958 0.028106508875739643
0 0.5 0.5843195266272189 0.22065217391304348 0.04659763313609468
0 0.5201086956521739 0.6335059171597633 0.24347826086956523 0.034023668639053255
0 0.5434782608695652 0.6871301775147929 0.2619565217391304 0.04807692307692307
0 0.5532608695652174 0.7466715976331361 0.27065217391304347 0.042899408284023666
0 0.5701086956521739 0.8017751479289941 0.2673913043478261 0.036242603550295856
0 0.6858695652173913 0.4016272189349112 0.20543478260869566 0.03920118343195266
0 0.6934782608695652 0.43934911242603547 0.19021739130434784 0.03328402366863905
0 0.7135869565217391 0.48039940828402367 0.18043478260869567 0.03698224852071006
0 0.7304347826086957 0.521819526627219 0.18804347826086956 0.03698224852071006
0 0.7559782608695652 0.5647189349112426 0.1934782608695652 0.03254437869822485
0 0.7695652173913043 0.6150147928994083 0.2141304347826087 0.03106508875739645
0 0.7923913043478261 0.6660502958579881 0.22282608695652173 0.034023668639053255
0 0.8103260869565218 0.7156065088757396 0.21956521739130436 0.03550295857988166
0 0.8331521739130435 0.7773668639053254 0.2391304347826087 0.0628698224852071
