0 0.8290760869565218 0.34874260355029585 0.23695652173913043 0.04363905325443787
0 0.8279891304347826 0.39755917159763315 0.23695652173913043 0.04363905325443787
0 0.8285326086956522 0.4456360946745562 0.23152173913043478 0.040680473372781065
0 0.8285326086956522 0.49260355029585795 0.2467391304347826 0.04437869822485207
0 0.8377717391304348 0.5495562130177515 0.26956521739130435 0.051775147928994084
0 0.8345108695652174 0.6017011834319527 0.2739130434782609 0.049556213017751476
0 0.8426630434782609 0.6556952662721893 0.28369565217391307 0.05103550295857988
0 0.8551630434782609 0.7163461538461539 0.2782608695652174 0.04659763313609468
0 0.8426630434782609 0.775887573964497 0.275 0.05029585798816568
0 0.8432065217391305 0.8339497041420119 0.2739130434782609 0.049556213017751476
0 0.5470108695652174 0.34097633136094674 0.2554347826086957 0.04437869822485207
0 0.54375 0.3901627218934911 0.2597826086956522 0.03476331360946745
0 0.5426630434782609 0.43417159763313606 0.275 0.04881656804733728
0 0.5410326086956522 0.48890532544378695 0.2608695652173913 0.04881656804733728
0 0.5345108695652174 0.5495562130177515 0.26956521739130435 0.060650887573964495
0 0.5317934782608695 0.6028106508875739 0.28152173913043477 0.05029585798816568
0 0.5399456521739131 0.6553254437869822 0.2565217391304348 0.0621301775147929
0 0.5317934782608695 0.7159763313609467 0.29239130434782606 0.056213017751479286
0 0.5285326086956522 0.7781065088757396 0.28369565217391307 0.04585798816568047
0 0.5252717391304348 0.8369082840236686 0.2902173913043478 0.05547337278106509
0 0.2823369565217391 0.3417159763313609 0.2326086956521739 0.05325443786982249
0 0.2720108695652174 0.3912721893491124 0.22717391304347825 0.04585798816568047
0 0.2578804347826087 0.4419378698224852 0.23369565217391305 0.05251479289940828
0 0.2529891304347826 0.49926035502958577 0.24130434782608695 0.04585798816568047
0 0.24755434782608696 0.547707100591716 0.2565217391304348 0.05103550295857988
0 0.22907608695652174 0.5983727810650887 0.2739130434782609 0.05325443786982249
0 0.21331521739130435 0.6645710059171598 0.28369565217391307 0.05251479289940828
0 0.21766304347826088 0.7226331360946745 0.28804347826086957 0.05473372781065089
0 0.2127717391304348 0.7818047337278107 0.2673913043478261 0.056213017751479286
0 0.20570652173913043 0.8468934911242604 0.28152173913043477 0.05325443786982249
