0 0.14402173913043478 0.3872041420118343 0.16956521739130434 0.03772189349112426
0 0.1375 0.43306213017751477 0.16304347826086957 0.03476331360946745
0 0.1375 0.47744082840236685 0.17173913043478262 0.028846153846153844
0 0.1375 0.5277366863905325 0.18043478260869567 0.03180473372781065
0 0.1309782608695652 0.573594674556213 0.17391304347826086 0.04659763313609468
0 0.12282608695652174 0.6286982248520709 0.1858695652173913 0.04585798816568047
0 0.13043478260869565 0.6830621301775148 0.22282608695652173 0.049556213017751476
0 0.10760869565217392 0.7411242603550295 0.1706521739130435 0.04142011834319526
0 0.10543478260869565 0.8058431952662721 0.1815217391304348 0.045118343195266274
0 0.0907608695652174 0.8624260355029586 0.15869565217391304 0.047337278106508875
0 0.4309782608695652 0.3694526627218935 0.20217391304347826 0.028846153846153844
0 0.4326086956521739 0.4182692307692308 0.21195652173913043 0.03328402366863905
0 0.44130434782608696 0.46523668639053256 0.2358695652173913 0.03994082840236686
0 0.44565217391304346 0.5210798816568047 0.23369565217391305 0.03920118343195266
0 0.42934782608695654 0.5724852071005917 0.2554347826086957 0.03994082840236686
0 0.4434782608695652 0.6294378698224852 0.22934782608695653 0.056213017751479286
0 0.44565217391304346 0.6911982248520709 0.2554347826086957 0.04659763313609468
0 0.4472826086956522 0.7522189349112426 0.25217391304347825 0.056213017751479286
0 0.45108695652173914 0.8110207100591715 0.2554347826086957 0.05103550295857988
0 0.45108695652173914 0.8761094674556212 0.2728260869565217 0.0643491124260355
0 0.7125 0.36390532544378695 0.20652173913043478 0.04437869822485207
0 0.7195652173913043 0.41531065088757396 0.23152173913043478 0.04363905325443787
0 0.7407608695652174 0.46375739644970415 0.24565217391304348 0.03994082840236686
0 0.7429347826086956 0.5240384615384616 0.2608695652173913 0.045118343195266274
0 0.75 0.5743343195266272 0.2554347826086957 0.03920118343195266
0 0.7641304347826087 0.6312869822485206 0.2641304347826087 0.04363905325443787
0 0.7668478260869566 0.6911982248520709 0.2717391304347826 0.04659763313609468
0 0.7815217391304348 0.7529585798816568 0.275 0.04585798816568047
0 0.7880434782608696 0.8147189349112426 0.28152173913043477 0.053994082840236685
0 0.7853260869565217 0.8816568047337278 0.28043478260869564 0.05325443786982249
