0 0.15 0.3339497041420118 0.24456521739130435 0.040680473372781065
0 0.16304347826086957 0.37684911242603547 0.2423913043478261 0.04659763313609468
0 0.16467391304347825 0.42677514792899407 0.22608695652173913 0.034023668639053255
0 0.1625 0.47633136094674555 0.24565217391304348 0.042899408284023666
0 0.15 0.5247781065088757 0.24021739130434783 0.04215976331360947
0 0.16358695652173913 0.5813609467455622 0.26521739130434785 0.04585798816568047
0 0.16032608695652173 0.63646449704142 0.24130434782608695 0.05547337278106509
0 0.1733695652173913 0.6915680473372781 0.2891304347826087 0.047337278106508875
0 0.1641304347826087 0.7511094674556212 0.2510869565217391 0.058431952662721894
0 0.16956521739130434 0.823594674556213 0.2902173913043478 0.05103550295857988
0 0.3972826086956522 0.3365384615384615 0.21739130434782608 0.056213017751479286
0 0.41630434782608694 0.386094674556213 0.21630434782608696 0.047337278106508875
0 0.42880434782608695 0.4323224852071006 0.2391304347826087 0.04363905325443787
0 0.4260869565217391 0.47670118343195267 0.21630434782608696 0.03772189349112426
0 0.466304347826087 0.5107248520710059 0.2619565217391304 0.040680473372781065
0 0.4423913043478261 0.5643491124260355 0.22065217391304348 0.05325443786982249
0 0.4625 0.6283284023668639 0.24782608695652175 0.053994082840236685
0 0.4652173913043478 0.6904585798816568 0.2619565217391304 0.04659763313609468
0 0.47554347826086957 0.7507396449704142 0.2608695652173913 0.042899408284023666
0 0.5021739130434782 0.8128698224852071 0.29239130434782606 0.03994082840236686
0 0.6298913043478261 0.3672337278106509 0.1891304347826087 0.049556213017751476
0 0.6369565217391304 0.40199704142011833 0.1706521739130435 0.04215976331360947
0 0.6543478260869565 0.448594674556213 0.18369565217391304 0.04807692307692307
0 0.6592391304347827 0.4870562130177515 0.19130434782608696 0.03920118343195266
0 0.6864130434782609 0.5318047337278107 0.1891304347826087 0.038461538461538464
0 0.7043478260869566 0.577292899408284 0.20978260869565218 0.04807692307692307
0 0.7141304347826087 0.6187130177514792 0.20543478260869566 0.04363905325443787
0 0.7429347826086956 0.6778846153846154 0.21956521739130436 0.05103550295857988
0 0.746195652173913 0.7307692307692307 0.2108695652173913 0.04881656804733728
0 0.7728260869565218 0.7925295857988166 0.21847826086956523 0.053994082840236685
