0 0.7220108695652174 0.25952292899408286 0.24293478260869567 0.053069526627218935
0 0.7169836956521739 0.31490384615384615 0.22907608695652174 0.046227810650887574
0 0.7153532608695652 0.354844674556213 0.2361413043478261 0.04031065088757396
0 0.7407608695652174 0.3953402366863905 0.20543478260869566 0.045118343195266274
0 0.7551630434782609 0.4433247041420118 0.20706521739130435 0.041605029585798814
0 0.7415760869565218 0.4912167159763314 0.23097826086956522 0.04493343195266272
0 0.7457880434782609 0.5333764792899408 0.23940217391304347 0.03938609467455621
0 0.7441576086956522 0.5813609467455622 0.2361413043478261 0.042899408284023666
0 0.7603260869565217 0.6322115384615384 0.22771739130434782 0.042899408284023666
0 0.756929347826087 0.6819526627218935 0.2546195652173913 0.045118343195266274
0 0.4724184782608696 0.28615014792899407 0.22581521739130436 0.041605029585798814
0 0.4741847826086957 0.32535133136094674 0.22934782608695653 0.03938609467455621
0 0.4698369565217391 0.3698224852071006 0.23097826086956522 0.03587278106508875
0 0.4766304347826087 0.4137389053254438 0.23097826086956522 0.042714497041420114
0 0.47323369565217394 0.45765532544378695 0.24103260869565218 0.045118343195266274
0 0.48682065217391307 0.504530325443787 0.23777173913043478 0.04382396449704142
0 0.4842391304347826 0.5507581360946745 0.2190217391304348 0.03938609467455621
0 0.4766304347826087 0.592917899408284 0.24782608695652175 0.03125
0 0.485054347826087 0.642659023668639 0.24456521739130435 0.04974112426035503
0 0.4877717391304348 0.696930473372781 0.24293478260869567 0.045118343195266274
0 0.24646739130434783 0.29826183431952663 0.1782608695652174 0.047337278106508875
0 0.2482336956521739 0.34042159763313606 0.16820652173913045 0.03476331360946745
0 0.25679347826086957 0.3820266272189349 0.15108695652173912 0.03698224852071006
0 0.2516304347826087 0.42474112426035504 0.19891304347826086 0.044008875739644966
0 0.24565217391304348 0.47152366863905326 0.18695652173913044 0.045118343195266274
0 0.24144021739130436 0.5149778106508875 0.1953804347826087 0.03698224852071006
0 0.24904891304347826 0.5594489644970414 0.16983695652173914 0.0334689349112426
0 0.240625 0.607340976331361 0.18016304347826087 0.041605029585798814
0 0.24904891304347826 0.6535687869822485 0.1970108695652174 0.030140532544378696
0 0.24483695652173915 0.7073779585798816 0.19510869565217392 0.04974112426035503
