0 0.14728260869565218 0.3687130177514793 0.1826086956521739 0.049556213017751476
0 0.14184782608695654 0.41863905325443784 0.19782608695652174 0.042899408284023666
0 0.16358695652173913 0.4656065088757396 0.22391304347826088 0.045118343195266274
0 0.14293478260869566 0.5181213017751479 0.2326086956521739 0.03476331360946745
0 0.1423913043478261 0.5643491124260355 0.2510869565217391 0.034023668639053255
0 0.15 0.6190828402366864 0.27717391304347827 0.04142011834319526
0 0.14184782608695654 0.6756656804733727 0.2782608695652174 0.045118343195266274
0 0.14347826086956522 0.7322485207100592 0.2641304347826087 0.042899408284023666
0 0.14293478260869566 0.7877218934911242 0.26304347826086955 0.03994082840236686
0 0.13260869565217392 0.8498520710059171 0.24456521739130435 0.042899408284023666
0 0.43043478260869567 0.3646449704142012 0.24456521739130435 0.04142011834319526
0 0.44184782608695655 0.40791420118343197 0.2326086956521739 0.03920118343195266
0 0.4472826086956522 0.4530325443786982 0.25869565217391305 0.04659763313609468
0 0.45108695652173914 0.5085059171597633 0.2510869565217391 0.05251479289940828
0 0.4375 0.5680473372781065 0.24347826086956523 0.03994082840236686
0 0.44673913043478264 0.6194526627218935 0.2641304347826087 0.040680473372781065
0 0.4543478260869565 0.6786242603550295 0.2554347826086957 0.04807692307692307
0 0.4472826086956522 0.7418639053254438 0.26956521739130435 0.051775147928994084
0 0.4440217391304348 0.7962278106508875 0.24782608695652175 0.04807692307692307
0 0.4494565217391304 0.856508875739645 0.24782608695652175 0.05473372781065089
0 0.7347826086956522 0.36279585798816566 0.2141304347826087 0.04659763313609468
0 0.7581521739130435 0.4130917159763314 0.24782608695652175 0.04807692307692307
0 0.7510869565217392 0.4615384615384615 0.22717391304347825 0.04437869822485207
0 0.7586956521739131 0.5144230769230769 0.2619565217391304 0.045118343195266274
0 0.7608695652173914 0.5610207100591715 0.2641304347826087 0.05251479289940828
0 0.7695652173913043 0.6209319526627218 0.2532608695652174 0.05103550295857988
0 0.778804347826087 0.6830621301775148 0.26304347826086955 0.04363905325443787
0 0.7771739130434783 0.7377958579881657 0.2423913043478261 0.04659763313609468
0 0.782608695652174 0.7995562130177515 0.27065217391304347 0.05029585798816568
0 0.7913043478260869 0.8724112426035503 0.275 0.053994082840236685
