0 0.8241666666666667 0.42625 0.2316666666666667 0.0375
0 0.49583333333333335 0.375 0.255 0.0425
0 0.8316666666666667 0.37625000000000003 0.24666666666666667 0.04
0 0.8183333333333334 0.3325 0.23 0.04
0 0.5 0.326875 0.25333333333333335 0.03625
0 0.8133333333333334 0.28 0.22666666666666668 0.03
0 0.4783333333333334 0.28125 0.21333333333333335 0.0375
0 0.1391666666666667 0.278125 0.195 0.03625
0 0.8216666666666668 0.23375 0.25333333333333335 0.035
0 0.4783333333333334 0.231875 0.21333333333333335 0.03375
0 0.15166666666666667 0.231875 0.21333333333333335 0.03625
0 0.8183333333333334 0.18937500000000002 0.25333333333333335 0.03375
0 0.15333333333333335 0.184375 0.21666666666666667 0.03375
0 0.47750000000000004 0.18375 0.21833333333333335 0.0475
0 0.17083333333333334 0.3275 0.265 0.035
0 0.1625 0.38 0.24833333333333335 0.04
0 0.1625 0.42875 0.255 0.0325
0 0.14666666666666667 0.481875 0.22333333333333336 0.04125
0 0.14500000000000002 0.535625 0.22333333333333336 0.043750000000000004
0 0.1675 0.58875 0.27166666666666667 0.04
0 0.14916666666666667 0.64375 0.2316666666666667 0.05
0 0.5016666666666667 0.4225 0.24666666666666667 0.0425
0 0.5066666666666667 0.47625 0.26666666666666666 0.0425
0 0.5125000000000001 0.5275 0.27166666666666667 0.04
0 0.5158333333333334 0.583125 0.2783333333333334 0.051250000000000004
0 0.515 0.63625 0.28 0.0425
0 0.8341666666666667 0.47625 0.23833333333333334 0.04
0 0.8416666666666667 0.529375 0.2566666666666667 0.03625
0 0.8450000000000001 0.58375 0.2566666666666667 0.04
0 0.8483333333333334 0.6325000000000001 0.26333333333333336 0.045
