0 0.15416666666666667 0.675625 0.2516666666666667 0.04625
0 0.15666666666666668 0.624375 0.2833333333333333 0.03875
0 0.8366666666666667 0.519375 0.24333333333333335 0.043750000000000004
0 0.52 0.47250000000000003 0.28 0.04
0 0.1691666666666667 0.47000000000000003 0.24833333333333335 0.035
0 0.8341666666666667 0.4175 0.24833333333333335 0.0425
0 0.515 0.41875 0.27 0.04
0 0.5058333333333334 0.3725 0.24500000000000002 0.035
0 0.8325 0.365 0.23500000000000001 0.0375
0 0.1716666666666667 0.3225 0.23 0.04
0 0.8475 0.315 0.265 0.0425
0 0.5025000000000001 0.319375 0.23500000000000001 0.04625
0 0.17583333333333334 0.2725 0.22833333333333336 0.035
0 0.8525 0.26625 0.27166666666666667 0.0425
0 0.17333333333333334 0.22125 0.22333333333333336 0.0375
0 0.8258333333333334 0.210625 0.21833333333333335 0.03875
0 0.17916666666666667 0.369375 0.24500000000000002 0.03625
0 0.1975 0.418125 0.28833333333333333 0.03625
0 0.17416666666666666 0.519375 0.25833333333333336 0.03875
0 0.18666666666666668 0.571875 0.29333333333333333 0.04625
0 0.5083333333333334 0.22062500000000002 0.24333333333333335 0.03625
0 0.5083333333333334 0.2675 0.24333333333333335 0.0375
0 0.5325000000000001 0.521875 0.305 0.04125
0 0.5133333333333334 0.574375 0.28 0.03625
0 0.5341666666666667 0.629375 0.31833333333333336 0.04125
0 0.5383333333333333 0.683125 0.32333333333333336 0.043750000000000004
0 0.8575 0.466875 0.28500000000000003 0.04625
0 0.8466666666666667 0.57625 0.26 0.04
0 0.8525 0.633125 0.26833333333333337 0.043750000000000004
0 0.8533333333333334 0.6875 0.26333333333333336 0.045
