0 0.83125 0.29105029585798814 0.25 0.025887573964497042
0 0.8258152173913044 0.34800295857988167 0.22391304347826088 0.03476331360946745
0 0.8252717391304348 0.3912721893491124 0.23369565217391305 0.034023668639053255
0 0.8214673913043479 0.441198224852071 0.24347826086956523 0.045118343195266274
0 0.8247282608695652 0.4918639053254438 0.22608695652173913 0.038461538461538464
0 0.8220108695652174 0.5403106508875739 0.24456521739130435 0.04215976331360947
0 0.8176630434782609 0.5980029585798816 0.2467391304347826 0.04215976331360947
0 0.81875 0.6571745562130178 0.2619565217391304 0.04659763313609468
0 0.8144021739130435 0.7204142011834319 0.27717391304347827 0.047337278106508875
0 0.8285326086956522 0.7858727810650887 0.2576086956521739 0.058431952662721894
0 0.563858695652174 0.2999260355029586 0.24782608695652175 0.053994082840236685
0 0.5622282608695652 0.34874260355029585 0.2358695652173913 0.036242603550295856
0 0.5633152173913043 0.3916420118343195 0.225 0.04215976331360947
0 0.5415760869565217 0.4434171597633136 0.2423913043478261 0.04363905325443787
0 0.5345108695652174 0.4833579881656805 0.24347826086956523 0.03772189349112426
0 0.5296195652173913 0.5421597633136095 0.24456521739130435 0.047337278106508875
0 0.5241847826086956 0.5976331360946745 0.2597826086956522 0.04437869822485207
0 0.5241847826086956 0.658284023668639 0.2554347826086957 0.038461538461538464
0 0.5165760869565218 0.7119082840236686 0.2510869565217391 0.04215976331360947
0 0.31494565217391307 0.3121301775147929 0.20869565217391306 0.03994082840236686
0 0.31494565217391307 0.35539940828402367 0.20869565217391306 0.036242603550295856
0 0.2986413043478261 0.4005177514792899 0.21521739130434783 0.04363905325443787
0 0.29646739130434785 0.444896449704142 0.1956521739130435 0.03772189349112426
0 0.28505434782608696 0.4933431952662722 0.20543478260869566 0.038461538461538464
0 0.2654891304347826 0.5414201183431953 0.22282608695652173 0.04142011834319526
0 0.23940217391304347 0.5894970414201184 0.24891304347826088 0.03106508875739645
0 0.24048913043478262 0.6386834319526628 0.22934782608695653 0.04363905325443787
0 0.22581521739130436 0.7004437869822485 0.2565217391304348 0.042899408284023666
0 0.2138586956521739 0.7559171597633136 0.25869565217391305 0.04437869822485207
0 0.5100543478260869 0.7755177514792899 0.27717391304347827 0.059911242603550297
