0 0.13478260869565217 0.34652366863905326 0.20543478260869566 0.03920118343195266
0 0.12554347826086956 0.3938609467455621 0.1934782608695652 0.03180473372781065
0 0.12010869565217391 0.4319526627218935 0.1956521739130435 0.03106508875739645
0 0.12010869565217391 0.4781804733727811 0.20869565217391306 0.03772189349112426
0 0.11847826086956521 0.5236686390532544 0.22065217391304348 0.034023668639053255
0 0.11847826086956521 0.5761834319526628 0.22065217391304348 0.042899408284023666
0 0.12010869565217391 0.6286982248520709 0.23043478260869565 0.03698224852071006
0 0.11793478260869565 0.6819526627218935 0.2282608695652174 0.04585798816568047
0 0.11358695652173913 0.7429733727810651 0.22391304347826088 0.045118343195266274
0 0.1141304347826087 0.8039940828402367 0.22282608695652173 0.05769230769230769
0 0.38423913043478264 0.33357988165680474 0.21739130434782608 0.03550295857988166
0 0.38967391304347826 0.382396449704142 0.2217391304347826 0.03994082840236686
0 0.38369565217391305 0.4297337278106509 0.22282608695652173 0.034023668639053255
0 0.38206521739130433 0.47411242603550297 0.2391304347826087 0.038461538461538464
0 0.3869565217391304 0.5262573964497042 0.23152173913043478 0.03772189349112426
0 0.39945652173913043 0.5750739644970414 0.25 0.03920118343195266
0 0.3918478260869565 0.6257396449704142 0.2565217391304348 0.042899408284023666
0 0.39456521739130435 0.6875 0.2532608695652174 0.04807692307692307
0 0.38423913043478264 0.7348372781065089 0.2565217391304348 0.04363905325443787
0 0.4048913043478261 0.8017751479289941 0.26956521739130435 0.05769230769230769
0 0.6391304347826087 0.32581360946745563 0.22717391304347825 0.0628698224852071
0 0.6521739130434783 0.3805473372781065 0.2076086956521739 0.04659763313609468
0 0.6543478260869565 0.4312130177514793 0.22282608695652173 0.04881656804733728
0 0.6630434782608696 0.4755917159763314 0.22065217391304348 0.04881656804733728
0 0.6690217391304348 0.5203402366863905 0.2282608695652174 0.053994082840236685
0 0.6771739130434783 0.5702662721893491 0.23804347826086958 0.047337278106508875
0 0.6831521739130435 0.6261094674556212 0.2326086956521739 0.040680473372781065
0 0.7054347826086956 0.6789940828402367 0.2641304347826087 0.05917159763313609
0 0.6972826086956522 0.7437130177514792 0.2565217391304348 0.053994082840236685
0 0.7114130434782608 0.8058431952662721 0.27608695652173915 0.049556213017751476
