0 0.8198369565217392 0.3720414201183432 0.2423913043478261 0.034023668639053255
0 0.8269021739130434 0.41752958579881655 0.21956521739130436 0.03328402366863905
0 0.8269021739130434 0.45710059171597633 0.23043478260869565 0.03254437869822485
0 0.8247282608695652 0.4985207100591716 0.21304347826086956 0.03550295857988166
0 0.8252717391304348 0.5392011834319527 0.20326086956521738 0.042899408284023666
0 0.8263586956521739 0.5928254437869822 0.20978260869565218 0.03772189349112426
0 0.8116847826086957 0.6457100591715976 0.24130434782608695 0.03550295857988166
0 0.8122282608695652 0.7004437869822485 0.225 0.04142011834319526
0 0.8057065217391305 0.7536982248520709 0.2793478260869565 0.03994082840236686
0 0.7986413043478261 0.8076923076923077 0.2391304347826087 0.05029585798816568
0 0.5828804347826086 0.3701923076923077 0.20108695652173914 0.036242603550295856
0 0.3779891304347826 0.375 0.16956521739130434 0.04437869822485207
0 0.5877717391304348 0.40902366863905326 0.1934782608695652 0.03698224852071006
0 0.585054347826087 0.4530325443786982 0.19021739130434784 0.03180473372781065
0 0.5758152173913044 0.49260355029585795 0.20217391304347826 0.03254437869822485
0 0.5595108695652175 0.536612426035503 0.20434782608695654 0.022928994082840236
0 0.5415760869565217 0.5817307692307692 0.22717391304347825 0.040680473372781065
0 0.5383152173913044 0.6320266272189349 0.24021739130434783 0.03920118343195266
0 0.5258152173913043 0.6834319526627218 0.24347826086956523 0.03994082840236686
0 0.527445652173913 0.7374260355029586 0.2532608695652174 0.05029585798816568
0 0.5100543478260869 0.7928994082840236 0.2554347826086957 0.047337278106508875
0 0.3535326086956522 0.41494082840236685 0.22282608695652173 0.03550295857988166
0 0.3611413043478261 0.4515532544378698 0.20326086956521738 0.03920118343195266
0 0.33070652173913045 0.49038461538461536 0.21195652173913043 0.03698224852071006
0 0.32418478260869565 0.533284023668639 0.1923913043478261 0.042899408284023666
0 0.30842391304347827 0.577292899408284 0.1891304347826087 0.03476331360946745
0 0.28940217391304346 0.6231508875739645 0.20326086956521738 0.049556213017751476
0 0.27853260869565216 0.665680473372781 0.18804347826086956 0.047337278106508875
0 0.2638586956521739 0.7237426035502958 0.19782608695652174 0.04363905325443787
0 0.24592391304347827 0.7773668639053254 0.20978260869565218 0.04585798816568047
