0 0.20869565217391306 0.34726331360946744 0.2076086956521739 0.03772189349112426
0 0.20271739130434782 0.3890532544378698 0.21304347826086956 0.038461538461538464
0 0.19293478260869565 0.43158284023668636 0.1956521739130435 0.036242603550295856
0 0.1891304347826087 0.48483727810650884 0.20978260869565218 0.03920118343195266
0 0.19402173913043477 0.5295857988165681 0.2217391304347826 0.03994082840236686
0 0.17880434782608695 0.5821005917159763 0.23478260869565218 0.03994082840236686
0 0.16086956521739132 0.6309171597633136 0.22934782608695653 0.05325443786982249
0 0.16032608695652173 0.6782544378698224 0.21304347826086956 0.04142011834319526
0 0.15706521739130436 0.7370562130177515 0.21521739130434783 0.045118343195266274
0 0.1483695652173913 0.7903106508875739 0.25869565217391305 0.0613905325443787
0 0.4516304347826087 0.34282544378698226 0.22391304347826088 0.03328402366863905
0 0.4592391304347826 0.3842455621301775 0.22608695652173913 0.040680473372781065
0 0.4592391304347826 0.4345414201183432 0.22608695652173913 0.03328402366863905
0 0.4483695652173913 0.47744082840236685 0.24565217391304348 0.040680473372781065
0 0.4483695652173913 0.5288461538461539 0.21304347826086956 0.034023668639053255
0 0.4532608695652174 0.5835798816568047 0.2358695652173913 0.047337278106508875
0 0.46304347826086956 0.636094674556213 0.2576086956521739 0.05325443786982249
0 0.4483695652173913 0.6952662721893491 0.24565217391304348 0.04585798816568047
0 0.45760869565217394 0.7488905325443787 0.27065217391304347 0.049556213017751476
0 0.45271739130434785 0.8025147928994083 0.2673913043478261 0.05029585798816568
0 0.7228260869565217 0.34504437869822485 0.2141304347826087 0.05695266272189349
0 0.7309782608695652 0.39349112426035504 0.2108695652173913 0.051775147928994084
0 0.7532608695652174 0.4423076923076923 0.2358695652173913 0.051775147928994084
0 0.7429347826086956 0.4944526627218935 0.23695652173913043 0.04807692307692307
0 0.7494565217391305 0.5473372781065089 0.2673913043478261 0.04437869822485207
0 0.7516304347826087 0.5968934911242604 0.2717391304347826 0.05473372781065089
0 0.7581521739130435 0.650887573964497 0.25 0.04881656804733728
0 0.7521739130434782 0.7015532544378698 0.2597826086956522 0.059911242603550297
0 0.7554347826086957 0.7570266272189349 0.2467391304347826 0.058431952662721894
0 0.7608695652173914 0.8265532544378698 0.2554347826086957 0.059911242603550297
