0 0.18396739130434783 0.8039940828402367 0.20326086956521738 0.040680473372781065
0 0.1970108695652174 0.7533284023668639 0.2141304347826087 0.047337278106508875
0 0.2236413043478261 0.6960059171597633 0.1934782608695652 0.04807692307692307
0 0.23831521739130435 0.6497781065088757 0.20543478260869566 0.034023668639053255
0 0.2529891304347826 0.6061390532544378 0.1956521739130435 0.038461538461538464
0 0.28070652173913047 0.5599112426035503 0.18369565217391304 0.03180473372781065
0 0.31331521739130436 0.5196005917159763 0.1815217391304348 0.03994082840236686
0 0.33559782608695654 0.48298816568047337 0.16304347826086957 0.04215976331360947
0 0.34646739130434784 0.4474852071005917 0.16086956521739132 0.03180473372781065
0 0.3627717391304348 0.40532544378698226 0.17391304347826086 0.04363905325443787
0 0.42635869565217394 0.8317307692307692 0.2576086956521739 0.0636094674556213
0 0.44972826086956524 0.7762573964497042 0.2326086956521739 0.03994082840236686
0 0.4611413043478261 0.7252218934911242 0.2358695652173913 0.047337278106508875
0 0.48179347826086955 0.6704881656804733 0.225 0.04881656804733728
0 0.5029891304347827 0.6157544378698224 0.2108695652173913 0.03994082840236686
0 0.5279891304347826 0.5676775147928994 0.2282608695652174 0.03698224852071006
0 0.5317934782608695 0.5225591715976331 0.20978260869565218 0.03698224852071006
0 0.5453804347826087 0.48409763313609466 0.19782608695652174 0.03106508875739645
0 0.560054347826087 0.4430473372781065 0.17717391304347826 0.03920118343195266
0 0.5730978260869565 0.4031065088757396 0.19456521739130436 0.03772189349112426
0 0.7165760869565218 0.8724112426035503 0.29891304347826086 0.04437869822485207
0 0.7355978260869566 0.8047337278106509 0.2565217391304348 0.058431952662721894
0 0.7421195652173913 0.7503698224852071 0.2391304347826087 0.051775147928994084
0 0.7350543478260869 0.6926775147928994 0.2532608695652174 0.05029585798816568
0 0.75625 0.643491124260355 0.25 0.04807692307692307
0 0.7682065217391304 0.5909763313609467 0.22391304347826088 0.053994082840236685
0 0.7817934782608695 0.5388313609467456 0.22065217391304348 0.03550295857988166
0 0.7877717391304347 0.5007396449704142 0.20869565217391306 0.02440828402366864
0 0.7883152173913044 0.47411242603550297 0.225 0.045118343195266274
0 0.7980978260869566 0.4256656804733728 0.2141304347826087 0.047337278106508875
