0 0.1923913043478261 0.8872041420118343 0.28369565217391307 0.0665680473372781
0 0.19130434782608696 0.8217455621301775 0.28369565217391307 0.0628698224852071
0 0.18315217391304348 0.7459319526627218 0.25869565217391305 0.0636094674556213
0 0.1782608695652174 0.6782544378698224 0.2554347826086957 0.053994082840236685
0 0.17173913043478262 0.6201923076923077 0.2423913043478261 0.051775147928994084
0 0.175 0.5613905325443787 0.22282608695652173 0.04807692307692307
0 0.16793478260869565 0.5081360946745562 0.21956521739130436 0.045118343195266274
0 0.1673913043478261 0.4537721893491124 0.21847826086956523 0.051775147928994084
0 0.16195652173913044 0.40199704142011833 0.1967391304347826 0.042899408284023666
0 0.1657608695652174 0.35170118343195267 0.19782608695652174 0.04881656804733728
0 0.45760869565217394 0.34097633136094674 0.20326086956521738 0.04659763313609468
0 0.46847826086956523 0.3927514792899408 0.19456521739130436 0.05103550295857988
0 0.47500000000000003 0.4474852071005917 0.19021739130434784 0.05103550295857988
0 0.5108695652173914 0.49778106508875736 0.2554347826086957 0.05103550295857988
0 0.5054347826086957 0.5532544378698224 0.23804347826086958 0.04807692307692307
0 0.49619565217391304 0.613905325443787 0.22608695652173913 0.04215976331360947
0 0.5190217391304348 0.6778846153846154 0.24130434782608695 0.05769230769230769
0 0.5266304347826087 0.7344674556213018 0.24347826086956523 0.04807692307692307
0 0.55 0.7947485207100592 0.27717391304347827 0.05029585798816568
0 0.5777173913043478 0.8672337278106509 0.30869565217391304 0.06804733727810651
0 0.7228260869565217 0.35650887573964496 0.19891304347826086 0.05695266272189349
0 0.7385869565217391 0.40606508875739644 0.20869565217391306 0.049556213017751476
0 0.7472826086956522 0.4489644970414201 0.2108695652173913 0.05251479289940828
0 0.7608695652173914 0.49667159763313606 0.2076086956521739 0.05029585798816568
0 0.779891304347826 0.555103550295858 0.20217391304347826 0.047337278106508875
0 0.8097826086956522 0.6042899408284024 0.2423913043478261 0.03920118343195266
0 0.8201086956521739 0.6627218934911242 0.21956521739130436 0.04659763313609468
0 0.8266304347826087 0.7126479289940828 0.25 0.03994082840236686
0 0.8581521739130434 0.7732988165680473 0.25 0.04881656804733728
0 0.8679347826086956 0.8480029585798816 0.23043478260869565 0.07248520710059171
