0 0.22880434782608697 0.34800295857988167 0.23043478260869565 0.05473372781065089
0 0.22934782608695653 0.3994082840236686 0.2358695652173913 0.040680473372781065
0 0.22717391304347825 0.4437869822485207 0.22717391304347825 0.049556213017751476
0 0.22065217391304348 0.4933431952662722 0.23804347826086958 0.040680473372781065
0 0.21956521739130436 0.5403106508875739 0.22717391304347825 0.05029585798816568
0 0.21358695652173915 0.5943047337278107 0.2391304347826087 0.042899408284023666
0 0.2108695652173913 0.6534763313609467 0.22717391304347825 0.04881656804733728
0 0.20869565217391306 0.7034023668639053 0.2423913043478261 0.045118343195266274
0 0.20054347826086957 0.7603550295857988 0.24782608695652175 0.05251479289940828
0 0.19021739130434784 0.8265532544378698 0.24021739130434783 0.056213017751479286
0 0.5054347826086957 0.34393491124260356 0.23152173913043478 0.03772189349112426
0 0.5097826086956522 0.3853550295857988 0.23804347826086958 0.049556213017751476
0 0.5119565217391304 0.4371301775147929 0.2467391304347826 0.04659763313609468
0 0.5125 0.49149408284023666 0.26304347826086955 0.051775147928994084
0 0.5130434782608696 0.544008875739645 0.266304347826087 0.051775147928994084
0 0.5043478260869565 0.5980029585798816 0.2532608695652174 0.056213017751479286
0 0.5048913043478261 0.6608727810650887 0.2608695652173913 0.0621301775147929
0 0.5125 0.7200443786982248 0.24782608695652175 0.04585798816568047
0 0.5119565217391304 0.775887573964497 0.27717391304347827 0.058431952662721894
0 0.5021739130434782 0.8587278106508875 0.2641304347826087 0.07322485207100592
0 0.7831521739130435 0.34245562130177515 0.1934782608695652 0.05695266272189349
0 0.7907608695652174 0.39201183431952663 0.22608695652173913 0.05251479289940828
0 0.7902173913043479 0.4493343195266272 0.21847826086956523 0.056213017751479286
0 0.7994565217391304 0.4959319526627219 0.21304347826086956 0.056213017751479286
0 0.8146739130434782 0.5532544378698224 0.24565217391304348 0.053994082840236685
0 0.8195652173913044 0.6072485207100592 0.23369565217391305 0.05547337278106509
0 0.8364130434782608 0.6638313609467456 0.25869565217391305 0.056213017751479286
0 0.8396739130434783 0.7248520710059172 0.26304347826086955 0.04659763313609468
0 0.8467391304347827 0.7958579881656804 0.2728260869565217 0.0613905325443787
0 0.8584239130434783 0.8596523668639053 0.2831521739130435 0.05584319526627219
