0 0.18695652173913044 0.3835059171597633 0.1923913043478261 0.04142011834319526
0 0.18369565217391304 0.42233727810650884 0.20978260869565218 0.036242603550295856
0 0.1875 0.46597633136094674 0.23478260869565218 0.04363905325443787
0 0.17119565217391305 0.5107248520710059 0.21521739130434783 0.038461538461538464
0 0.1657608695652174 0.5580621301775148 0.23043478260869565 0.047337278106508875
0 0.1641304347826087 0.6090976331360947 0.2141304347826087 0.0636094674556213
0 0.15543478260869564 0.6667899408284024 0.2358695652173913 0.056213017751479286
0 0.15760869565217392 0.7144970414201183 0.2597826086956522 0.040680473372781065
0 0.15597826086956523 0.7710798816568047 0.26304347826086955 0.05769230769230769
0 0.14456521739130435 0.8328402366863905 0.2684782608695652 0.0643491124260355
0 0.4320652173913044 0.375 0.2282608695652174 0.03180473372781065
0 0.43478260869565216 0.42048816568047337 0.22282608695652173 0.038461538461538464
0 0.4451086956521739 0.4641272189349112 0.22608695652173913 0.03994082840236686
0 0.44673913043478264 0.5136834319526628 0.2510869565217391 0.056213017751479286
0 0.43695652173913047 0.5650887573964497 0.2423913043478261 0.04659763313609468
0 0.44619565217391305 0.6183431952662721 0.25869565217391305 0.05547337278106509
0 0.4608695652173913 0.680103550295858 0.2684782608695652 0.056213017751479286
0 0.45108695652173914 0.7289201183431953 0.2641304347826087 0.038461538461538464
0 0.44456521739130433 0.7884615384615384 0.2597826086956522 0.06582840236686391
0 0.4385869565217391 0.8461538461538461 0.25869565217391305 0.0628698224852071
0 0.6994565217391304 0.3798076923076923 0.19130434782608696 0.04437869822485207
0 0.7065217391304348 0.42899408284023666 0.21195652173913043 0.053994082840236685
0 0.7168478260869565 0.47004437869822485 0.21739130434782608 0.056213017751479286
0 0.721195652173913 0.5225591715976331 0.2217391304347826 0.042899408284023666
0 0.7326086956521739 0.5676775147928994 0.22934782608695653 0.05029585798816568
0 0.7380434782608696 0.6235207100591715 0.23369565217391305 0.05251479289940828
0 0.7532608695652174 0.6745562130177515 0.2532608695652174 0.03476331360946745
0 0.7630434782608696 0.7370562130177515 0.2641304347826087 0.05917159763313609
0 0.7641304347826087 0.786612426035503 0.2510869565217391 0.04437869822485207
0 0.7652173913043478 0.8520710059171598 0.3010869565217391 0.0613905325443787
