0 0.19293478260869565 0.389792899408284 0.21956521739130436 0.03476331360946745
0 0.19510869565217392 0.433801775147929 0.22391304347826088 0.042899408284023666
0 0.19510869565217392 0.4855769230769231 0.22608695652173913 0.04142011834319526
0 0.19891304347826086 0.5325443786982248 0.22934782608695653 0.04659763313609468
0 0.20217391304347826 0.5854289940828402 0.23152173913043478 0.04585798816568047
0 0.20380434782608695 0.6412721893491125 0.23695652173913043 0.045118343195266274
0 0.2141304347826087 0.6952662721893491 0.2532608695652174 0.040680473372781065
0 0.21847826086956523 0.7548076923076923 0.2576086956521739 0.05769230769230769
0 0.23152173913043478 0.8158284023668639 0.29456521739130437 0.05325443786982249
0 0.22934782608695653 0.889792899408284 0.28369565217391307 0.0636094674556213
0 0.4489130434782609 0.38831360946745563 0.2076086956521739 0.04437869822485207
0 0.4608695652173913 0.43158284023668636 0.21195652173913043 0.040680473372781065
0 0.4766304347826087 0.47411242603550297 0.21304347826086956 0.04437869822485207
0 0.4815217391304348 0.5244082840236687 0.21630434782608696 0.04437869822485207
0 0.5010869565217392 0.5743343195266272 0.23369565217391305 0.03328402366863905
0 0.5222826086956521 0.6231508875739645 0.2608695652173913 0.04659763313609468
0 0.5260869565217391 0.6741863905325444 0.2467391304347826 0.03772189349112426
0 0.5342391304347827 0.7340976331360947 0.2391304347826087 0.04807692307692307
0 0.529891304347826 0.7921597633136095 0.25217391304347825 0.05029585798816568
0 0.5461956521739131 0.8579881656804733 0.26956521739130435 0.0695266272189349
0 0.6967391304347826 0.3916420118343195 0.20543478260869566 0.040680473372781065
0 0.7114130434782608 0.43306213017751477 0.1782608695652174 0.03476331360946745
0 0.7184782608695652 0.4807692307692308 0.19456521739130436 0.05029585798816568
0 0.7391304347826088 0.5229289940828402 0.1793478260869565 0.03698224852071006
0 0.7625 0.5721153846153846 0.21739130434782608 0.04659763313609468
0 0.7771739130434783 0.6220414201183432 0.2076086956521739 0.03994082840236686
0 0.7961956521739131 0.6671597633136095 0.22608695652173913 0.038461538461538464
0 0.7983695652173913 0.7181952662721893 0.2217391304347826 0.04881656804733728
0 0.8271739130434783 0.7714497041420119 0.21847826086956523 0.04585798816568047
0 0.8494565217391304 0.8284023668639053 0.23695652173913043 0.05325443786982249
