0 0.7577445652173913 0.2485207100591716 0.21222826086956523 0.03106508875739645
0 0.7543478260869565 0.2905880177514793 0.20869565217391306 0.02533284023668639
0 0.7493206521739131 0.3374630177514793 0.20896739130434783 0.03587278106508875
0 0.7535326086956522 0.3843380177514793 0.22065217391304348 0.0323594674556213
0 0.7517663043478261 0.4311205621301775 0.22092391304347828 0.04049556213017751
0 0.7577445652173913 0.4762389053254438 0.22581521739130436 0.03125
0 0.7577445652173913 0.5183986686390533 0.2328804347826087 0.0345784023668639
0 0.7637228260869565 0.5657359467455622 0.23777173913043478 0.030140532544378696
0 0.7533967391304348 0.6119637573964497 0.23777173913043478 0.0323594674556213
0 0.7552989130434783 0.657082100591716 0.23777173913043478 0.04382396449704142
0 0.5063858695652174 0.24389792899408283 0.21929347826086956 0.042899408284023666
0 0.5123641304347826 0.2913276627218935 0.22092391304347828 0.0334689349112426
0 0.5149456521739131 0.3340421597633136 0.2157608695652174 0.03125
0 0.5020380434782609 0.3854474852071006 0.22418478260869565 0.0345784023668639
0 0.5046195652173913 0.4271449704142012 0.22934782608695653 0.03698224852071006
0 0.5021739130434782 0.47328032544378695 0.23097826086956522 0.0345784023668639
0 0.5123641304347826 0.5195081360946745 0.22744565217391305 0.0323594674556213
0 0.5157608695652174 0.5669378698224852 0.22065217391304348 0.03920118343195266
0 0.5063858695652174 0.6137204142011834 0.2154891304347826 0.03809171597633136
0 0.5005434782608695 0.6634615384615384 0.24456521739130435 0.03809171597633136
0 0.278804347826087 0.26118713017751477 0.20217391304347826 0.042714497041420114
0 0.2907608695652174 0.2947485207100592 0.1782608695652174 0.03106508875739645
0 0.27119565217391306 0.34559911242603547 0.20054347826086957 0.045118343195266274
0 0.2779891304347826 0.386094674556213 0.20054347826086957 0.03587278106508875
0 0.2601902173913043 0.4334319526627219 0.22581521739130436 0.045118343195266274
0 0.2686141304347826 0.47679363905325445 0.22907608695652174 0.041605029585798814
0 0.26603260869565215 0.5247781065088757 0.20380434782608695 0.03587278106508875
0 0.26603260869565215 0.5703587278106509 0.2141304347826087 0.030140532544378696
0 0.24986413043478262 0.6160318047337278 0.2361413043478261 0.04049556213017751
0 0.2422554347826087 0.662814349112426 0.22418478260869565 0.0323594674556213
