0 0.8358333333333334 0.426875 0.275 0.03625
0 0.8275 0.379375 0.26833333333333337 0.03375
0 0.4866666666666667 0.379375 0.24333333333333335 0.043750000000000004
0 0.49750000000000005 0.333125 0.265 0.03625
0 0.805 0.330625 0.23 0.03625
0 0.4733333333333334 0.283125 0.22 0.02875
0 0.8316666666666667 0.284375 0.2866666666666667 0.03625
0 0.5016666666666667 0.239375 0.27666666666666667 0.03625
0 0.8025000000000001 0.23750000000000002 0.23833333333333334 0.035
0 0.1391666666666667 0.28 0.23833333333333334 0.0375
0 0.17666666666666667 0.234375 0.28 0.04625
0 0.8200000000000001 0.194375 0.28 0.03875
0 0.15583333333333335 0.185625 0.2316666666666667 0.03375
0 0.14916666666666667 0.33 0.2316666666666667 0.035
0 0.1716666666666667 0.38 0.2966666666666667 0.0425
0 0.14500000000000002 0.431875 0.24000000000000002 0.04125
0 0.16583333333333333 0.484375 0.28833333333333333 0.043750000000000004
0 0.14833333333333334 0.539375 0.24333333333333335 0.03875
0 0.1525 0.5925 0.26166666666666666 0.0375
0 0.15000000000000002 0.6475 0.26 0.04
0 0.4766666666666667 0.19125 0.23 0.0425
0 0.4941666666666667 0.43 0.2516666666666667 0.04
0 0.5016666666666667 0.48625 0.26333333333333336 0.04
0 0.49583333333333335 0.534375 0.265 0.03875
0 0.49500000000000005 0.586875 0.2566666666666667 0.03875
0 0.4966666666666667 0.641875 0.25333333333333335 0.04625
0 0.8275 0.478125 0.24166666666666667 0.04125
0 0.8441666666666667 0.5325 0.28500000000000003 0.04
0 0.8458333333333334 0.58625 0.26833333333333337 0.0425
0 0.8291666666666667 0.638125 0.22833333333333336 0.043750000000000004
