0 0.1592391304347826 0.30029585798816566 0.26304347826086955 0.03106508875739645
0 0.16847826086956522 0.34615384615384615 0.27717391304347827 0.04437869822485207
0 0.15978260869565217 0.40347633136094674 0.27717391304347827 0.04659763313609468
0 0.15489130434782608 0.4600591715976331 0.2782608695652174 0.051775147928994084
0 0.15815217391304348 0.5207100591715976 0.3 0.05029585798816568
0 0.1657608695652174 0.580991124260355 0.2956521739130435 0.049556213017751476
0 0.16793478260869565 0.643491124260355 0.29782608695652174 0.047337278106508875
0 0.16195652173913044 0.7156065088757396 0.3010869565217391 0.05251479289940828
0 0.16141304347826088 0.7803254437869822 0.29130434782608694 0.056213017751479286
0 0.15869565217391304 0.8498520710059171 0.29456521739130437 0.04585798816568047
0 0.4603260869565217 0.29918639053254437 0.26304347826086955 0.049556213017751476
0 0.47119565217391307 0.35428994082840237 0.25434782608695655 0.04585798816568047
0 0.4945652173913044 0.4093934911242603 0.2902173913043478 0.04659763313609468
0 0.4923913043478261 0.47078402366863903 0.2858695652173913 0.053994082840236685
0 0.48641304347826086 0.5232988165680473 0.2782608695652174 0.04215976331360947
0 0.5021739130434782 0.5798816568047337 0.2902173913043478 0.047337278106508875
0 0.4989130434782609 0.6442307692307692 0.27717391304347827 0.05473372781065089
0 0.5070652173913044 0.7107988165680473 0.2847826086956522 0.05325443786982249
0 0.5065217391304347 0.7736686390532544 0.2902173913043478 0.04585798816568047
0 0.5201086956521739 0.8424556213017751 0.3065217391304348 0.05473372781065089
0 0.7510869565217392 0.3165680473372781 0.2532608695652174 0.0621301775147929
0 0.7614130434782609 0.37056213017751477 0.23478260869565218 0.042899408284023666
0 0.7744565217391305 0.41678994082840237 0.2217391304347826 0.05103550295857988
0 0.7918478260869566 0.4693047337278106 0.25217391304347825 0.04807692307692307
0 0.8048913043478261 0.5277366863905325 0.2565217391304348 0.049556213017751476
0 0.8125 0.5861686390532544 0.25 0.05103550295857988
0 0.8222826086956522 0.6409023668639053 0.25434782608695655 0.05251479289940828
0 0.8358695652173913 0.6971153846153846 0.27065217391304347 0.05547337278106509
0 0.8380434782608696 0.7596153846153846 0.2684782608695652 0.047337278106508875
0 0.8559782608695652 0.8228550295857988 0.2717391304347826 0.0628698224852071
