0 0.20597826086956522 0.35613905325443784 0.1891304347826087 0.045118343195266274
0 0.20271739130434782 0.40384615384615385 0.2 0.04437869822485207
0 0.20652173913043478 0.4460059171597633 0.1967391304347826 0.04437869822485207
0 0.1875 0.4937130177514793 0.19782608695652174 0.045118343195266274
0 0.1858695652173913 0.5399408284023669 0.20543478260869566 0.042899408284023666
0 0.17717391304347826 0.5857988165680473 0.2423913043478261 0.042899408284023666
0 0.1706521739130435 0.6409023668639053 0.21630434782608696 0.05103550295857988
0 0.16304347826086957 0.694896449704142 0.22065217391304348 0.04363905325443787
0 0.16032608695652173 0.7481508875739645 0.2326086956521739 0.059911242603550297
0 0.15489130434782608 0.8062130177514792 0.22391304347826088 0.05769230769230769
0 0.4548913043478261 0.34578402366863903 0.19782608695652174 0.036242603550295856
0 0.4614130434782609 0.39201183431952663 0.21739130434782608 0.03106508875739645
0 0.45543478260869563 0.4423076923076923 0.21630434782608696 0.03994082840236686
0 0.46304347826086956 0.49778106508875736 0.22934782608695653 0.042899408284023666
0 0.46358695652173915 0.544008875739645 0.24130434782608695 0.04363905325443787
0 0.45760869565217394 0.5965236686390533 0.2358695652173913 0.03920118343195266
0 0.46195652173913043 0.6516272189349113 0.22934782608695653 0.05325443786982249
0 0.4668478260869565 0.7107988165680473 0.25434782608695655 0.056213017751479286
0 0.46358695652173915 0.7670118343195266 0.26521739130434785 0.0621301775147929
0 0.45 0.8247041420118343 0.27065217391304347 0.0650887573964497
0 0.7429347826086956 0.35465976331360943 0.21956521739130436 0.058431952662721894
0 0.7407608695652174 0.40532544378698226 0.2108695652173913 0.047337278106508875
0 0.7576086956521739 0.4497041420118343 0.22282608695652173 0.03994082840236686
0 0.7554347826086957 0.5025887573964497 0.2076086956521739 0.04363905325443787
0 0.7554347826086957 0.5532544378698224 0.21630434782608696 0.04585798816568047
0 0.7728260869565218 0.610207100591716 0.225 0.05473372781065089
0 0.7820652173913044 0.6686390532544378 0.24782608695652175 0.05917159763313609
0 0.7760869565217391 0.7215236686390533 0.23804347826086958 0.04659763313609468
0 0.7777173913043478 0.7762573964497042 0.25434782608695655 0.03772189349112426
0 0.7804347826086957 0.8339497041420119 0.2554347826086957 0.05547337278106509
