0 0.15108695652173912 0.3291420118343195 0.24456521739130435 0.03994082840236686
0 0.14891304347826087 0.3779585798816568 0.24456521739130435 0.038461538461538464
0 0.1565217391304348 0.4256656804733728 0.23804347826086958 0.04807692307692307
0 0.15054347826086956 0.47448224852071 0.24782608695652175 0.04659763313609468
0 0.15380434782608696 0.5210798816568047 0.24782608695652175 0.03772189349112426
0 0.14619565217391303 0.5669378698224852 0.25 0.04215976331360947
0 0.14347826086956522 0.6216715976331361 0.2467391304347826 0.04807692307692307
0 0.1391304347826087 0.6849112426035503 0.2423913043478261 0.05029585798816568
0 0.14728260869565218 0.7363165680473372 0.27608695652173915 0.049556213017751476
0 0.15869565217391304 0.7988165680473372 0.2793478260869565 0.04437869822485207
0 0.3923913043478261 0.3210059171597633 0.20108695652173914 0.04585798816568047
0 0.40597826086956523 0.3757396449704142 0.21521739130434783 0.042899408284023666
0 0.4092391304347826 0.41605029585798814 0.21304347826086956 0.03920118343195266
0 0.4217391304347826 0.46227810650887574 0.225 0.04437869822485207
0 0.42934782608695654 0.5081360946745562 0.23804347826086958 0.038461538461538464
0 0.4266304347826087 0.5621301775147929 0.24782608695652175 0.038461538461538464
0 0.4364130434782609 0.610576923076923 0.24565217391304348 0.04659763313609468
0 0.4423913043478261 0.6660502958579881 0.24891304347826088 0.045118343195266274
0 0.453804347826087 0.7200443786982248 0.25 0.04659763313609468
0 0.46793478260869564 0.7781065088757396 0.2739130434782609 0.056213017751479286
0 0.6543478260869565 0.3276627218934911 0.2076086956521739 0.042899408284023666
0 0.657608695652174 0.375 0.20543478260869566 0.03550295857988166
0 0.6728260869565218 0.41642011834319526 0.20978260869565218 0.03550295857988166
0 0.6864130434782609 0.45968934911242604 0.2108695652173913 0.040680473372781065
0 0.6972826086956522 0.5059171597633136 0.21304347826086956 0.047337278106508875
0 0.7190217391304348 0.5558431952662721 0.22391304347826088 0.04807692307692307
0 0.7304347826086957 0.6057692307692307 0.2576086956521739 0.04881656804733728
0 0.7407608695652174 0.6560650887573964 0.25434782608695655 0.038461538461538464
0 0.745108695652174 0.7045118343195266 0.24565217391304348 0.03772189349112426
0 0.7597826086956522 0.7588757396449703 0.2619565217391304 0.04585798816568047
