0 0.18097826086956523 0.3343195266272189 0.25217391304347825 0.05325443786982249
0 0.19293478260869565 0.3801775147928994 0.25 0.042899408284023666
0 0.1842391304347826 0.43306213017751477 0.2608695652173913 0.049556213017751476
0 0.1907608695652174 0.48890532544378695 0.25434782608695655 0.05029585798816568
0 0.20434782608695654 0.5369822485207101 0.2684782608695652 0.05325443786982249
0 0.20108695652173914 0.5950443786982248 0.2597826086956522 0.03920118343195266
0 0.20271739130434782 0.6571745562130178 0.28695652173913044 0.04659763313609468
0 0.1923913043478261 0.716715976331361 0.28369565217391307 0.05769230769230769
0 0.21304347826086956 0.7880917159763313 0.29456521739130437 0.05251479289940828
0 0.20597826086956522 0.8539201183431953 0.3108695652173913 0.053994082840236685
0 0.45108695652173914 0.3158284023668639 0.22934782608695653 0.060650887573964495
0 0.47391304347826085 0.36908284023668636 0.2358695652173913 0.04142011834319526
0 0.48641304347826086 0.42233727810650884 0.23695652173913043 0.042899408284023666
0 0.4934782608695652 0.47337278106508873 0.2510869565217391 0.04585798816568047
0 0.5043478260869565 0.5210798816568047 0.2532608695652174 0.03920118343195266
0 0.5179347826086956 0.5769230769230769 0.26956521739130435 0.04437869822485207
0 0.5293478260869565 0.6372041420118343 0.266304347826087 0.03920118343195266
0 0.5451086956521739 0.6941568047337278 0.28043478260869564 0.05251479289940828
0 0.5451086956521739 0.7673816568047337 0.2782608695652174 0.05547337278106509
0 0.5456521739130434 0.8228550295857988 0.28804347826086957 0.053994082840236685
0 0.7282608695652174 0.32729289940828404 0.22717391304347825 0.045118343195266274
0 0.7429347826086956 0.3731508875739645 0.2282608695652174 0.03772189349112426
0 0.7603260869565217 0.41863905325443784 0.22391304347826088 0.04142011834319526
0 0.775 0.4681952662721893 0.23152173913043478 0.03698224852071006
0 0.7793478260869565 0.5196005917159763 0.2467391304347826 0.040680473372781065
0 0.8010869565217391 0.5728550295857988 0.2423913043478261 0.03920118343195266
0 0.8184782608695652 0.6231508875739645 0.23369565217391305 0.04363905325443787
0 0.8402173913043478 0.6767751479289941 0.2423913043478261 0.047337278106508875
0 0.8510869565217392 0.7322485207100592 0.266304347826087 0.05029585798816568
0 0.8652173913043478 0.7895710059171598 0.2619565217391304 0.05695266272189349
