0 0.16195652173913044 0.3620562130177515 0.18369565217391304 0.03920118343195266
0 0.16358695652173913 0.4056952662721893 0.1891304347826087 0.04215976331360947
0 0.16467391304347825 0.452292899408284 0.18695652173913044 0.04363905325443787
0 0.15597826086956523 0.5003698224852071 0.18043478260869567 0.04363905325443787
0 0.15271739130434783 0.5547337278106509 0.21521739130434783 0.047337278106508875
0 0.14673913043478262 0.606508875739645 0.1815217391304348 0.042899408284023666
0 0.1483695652173913 0.661612426035503 0.1891304347826087 0.045118343195266274
0 0.15706521739130436 0.7189349112426036 0.21521739130434783 0.04142011834319526
0 0.14945652173913043 0.7784763313609467 0.20652173913043478 0.04363905325443787
0 0.16304347826086957 0.8328402366863905 0.22934782608695653 0.05917159763313609
0 0.4375 0.35096153846153844 0.1934782608695652 0.03920118343195266
0 0.4266304347826087 0.40125739644970415 0.1826086956521739 0.028846153846153844
0 0.4364130434782609 0.4467455621301775 0.1826086956521739 0.03254437869822485
0 0.4516304347826087 0.4933431952662722 0.20434782608695654 0.04437869822485207
0 0.45108695652173914 0.5428994082840236 0.21195652173913043 0.042899408284023666
0 0.4559782608695652 0.6005917159763313 0.22608695652173913 0.04437869822485207
0 0.45108695652173914 0.6571745562130178 0.2141304347826087 0.04807692307692307
0 0.45543478260869563 0.7163461538461539 0.225 0.04807692307692307
0 0.4614130434782609 0.7766272189349113 0.23043478260869565 0.04437869822485207
0 0.46467391304347827 0.8361686390532544 0.2326086956521739 0.05547337278106509
0 0.7228260869565217 0.34837278106508873 0.18369565217391304 0.038461538461538464
0 0.725 0.3905325443786982 0.17717391304347826 0.038461538461538464
0 0.7293478260869566 0.43676035502958577 0.1967391304347826 0.045118343195266274
0 0.7369565217391304 0.4896449704142012 0.19891304347826086 0.04585798816568047
0 0.7548913043478261 0.5458579881656804 0.20652173913043478 0.04585798816568047
0 0.7565217391304347 0.6053994082840236 0.21630434782608696 0.05103550295857988
0 0.7630434782608696 0.6597633136094675 0.22717391304347825 0.051775147928994084
0 0.7603260869565217 0.7174556213017751 0.23478260869565218 0.05917159763313609
0 0.7804347826086957 0.7744082840236686 0.24891304347826088 0.05325443786982249
0 0.7923913043478261 0.8472633136094674 0.23369565217391305 0.05695266272189349
