0 0.14076086956521738 0.34615384615384615 0.1934782608695652 0.034023668639053255
0 0.15380434782608696 0.3953402366863905 0.24565217391304348 0.04659763313609468
0 0.16902173913043478 0.441198224852071 0.2717391304347826 0.049556213017751476
0 0.1565217391304348 0.49519230769230765 0.24456521739130435 0.045118343195266274
0 0.15489130434782608 0.5465976331360947 0.25217391304347825 0.04585798816568047
0 0.15271739130434783 0.6090976331360947 0.25434782608695655 0.05251479289940828
0 0.14456521739130435 0.6678994082840236 0.23369565217391305 0.042899408284023666
0 0.17717391304347826 0.7244822485207101 0.3010869565217391 0.05103550295857988
0 0.16358695652173913 0.7825443786982248 0.2608695652173913 0.047337278106508875
0 0.19945652173913045 0.8535502958579881 0.3130434782608696 0.0650887573964497
0 0.4255434782608696 0.33579881656804733 0.26304347826086955 0.03994082840236686
0 0.4315217391304348 0.3886834319526627 0.21630434782608696 0.030325443786982247
0 0.45217391304347826 0.4386094674556213 0.2510869565217391 0.04437869822485207
0 0.4608695652173913 0.48261834319526625 0.24891304347826088 0.04215976331360947
0 0.4516304347826087 0.5384615384615384 0.27608695652173915 0.05029585798816568
0 0.47500000000000003 0.5980029585798816 0.275 0.04215976331360947
0 0.4766304347826087 0.6527366863905325 0.25869565217391305 0.05103550295857988
0 0.48641304347826086 0.7144970414201183 0.2673913043478261 0.05029585798816568
0 0.4842391304347826 0.7729289940828402 0.3065217391304348 0.042899408284023666
0 0.5211956521739131 0.8335798816568047 0.2673913043478261 0.06804733727810651
0 0.7021739130434783 0.34097633136094674 0.19456521739130436 0.042899408284023666
0 0.7141304347826087 0.3864644970414201 0.20326086956521738 0.03920118343195266
0 0.7505434782608695 0.4356508875739645 0.24347826086956523 0.05029585798816568
0 0.7603260869565217 0.48298816568047337 0.26304347826086955 0.03994082840236686
0 0.7646739130434783 0.5303254437869822 0.25434782608695655 0.03994082840236686
0 0.7782608695652175 0.5821005917159763 0.2510869565217391 0.03994082840236686
0 0.7652173913043478 0.6386834319526628 0.225 0.03180473372781065
0 0.7951086956521739 0.694896449704142 0.23043478260869565 0.04215976331360947
0 0.8097826086956522 0.7522189349112426 0.24891304347826088 0.04881656804733728
0 0.8195652173913044 0.8076923076923077 0.2554347826086957 0.051775147928994084
