0 0.8769021739130435 0.36427514792899407 0.2326086956521739 0.03920118343195266
0 0.8616847826086956 0.4230769230769231 0.2326086956521739 0.03994082840236686
0 0.873641304347826 0.47300295857988167 0.2282608695652174 0.040680473372781065
0 0.8703804347826087 0.5192307692307693 0.24347826086956523 0.038461538461538464
0 0.8665760869565218 0.5710059171597633 0.2510869565217391 0.038461538461538464
0 0.8741847826086957 0.6238905325443787 0.2467391304347826 0.045118343195266274
0 0.873641304347826 0.6782544378698224 0.24347826086956523 0.042899408284023666
0 0.8741847826086957 0.7326183431952663 0.23152173913043478 0.045118343195266274
0 0.8807065217391304 0.7869822485207101 0.22282608695652173 0.051775147928994084
0 0.8817934782608696 0.8450443786982248 0.22065217391304348 0.05547337278106509
0 0.5845108695652174 0.36020710059171596 0.26521739130434785 0.03994082840236686
0 0.5817934782608696 0.40976331360946744 0.27717391304347827 0.042899408284023666
0 0.5872282608695653 0.46079881656804733 0.28804347826086957 0.04881656804733728
0 0.5877717391304348 0.518491124260355 0.2608695652173913 0.047337278106508875
0 0.5779891304347826 0.5787721893491125 0.2847826086956522 0.05695266272189349
0 0.5747282608695652 0.6298076923076923 0.2891304347826087 0.05103550295857988
0 0.5823369565217391 0.6793639053254438 0.2739130434782609 0.05547337278106509
0 0.5703804347826087 0.7418639053254438 0.29130434782608694 0.04585798816568047
0 0.5877717391304348 0.8002958579881657 0.29347826086956524 0.05325443786982249
0 0.5839673913043478 0.8598372781065089 0.27717391304347827 0.05547337278106509
0 0.31331521739130436 0.36131656804733725 0.22282608695652173 0.04215976331360947
0 0.29592391304347826 0.40791420118343197 0.22282608695652173 0.05547337278106509
0 0.2888586956521739 0.4667159763313609 0.25 0.05029585798816568
0 0.2921195652173913 0.5188609467455622 0.2391304347826087 0.049556213017751476
0 0.2779891304347826 0.573594674556213 0.2565217391304348 0.045118343195266274
0 0.2703804347826087 0.6283284023668639 0.2739130434782609 0.05251479289940828
0 0.25570652173913044 0.6937869822485206 0.28152173913043477 0.04881656804733728
0 0.25733695652173916 0.7511094674556212 0.28043478260869564 0.04659763313609468
0 0.2529891304347826 0.8150887573964497 0.29782608695652174 0.060650887573964495
0 0.2421195652173913 0.8794378698224852 0.31521739130434784 0.0636094674556213
