0 0.14456521739130435 0.3180473372781065 0.2467391304347826 0.04142011834319526
0 0.15380434782608696 0.36538461538461536 0.24782608695652175 0.03254437869822485
0 0.14728260869565218 0.42381656804733725 0.2565217391304348 0.04142011834319526
0 0.14347826086956522 0.47485207100591714 0.266304347826087 0.038461538461538464
0 0.14945652173913043 0.5288461538461539 0.2717391304347826 0.04881656804733728
0 0.14565217391304347 0.5924556213017751 0.2641304347826087 0.05029585798816568
0 0.14945652173913043 0.6623520710059172 0.2847826086956522 0.04659763313609468
0 0.16358695652173913 0.7259615384615384 0.28695652173913044 0.04659763313609468
0 0.15815217391304348 0.790680473372781 0.30434782608695654 0.051775147928994084
0 0.1701086956521739 0.8620562130177515 0.31956521739130433 0.06582840236686391
0 0.4309782608695652 0.30288461538461536 0.23695652173913043 0.03772189349112426
0 0.45271739130434785 0.36020710059171596 0.2782608695652174 0.03994082840236686
0 0.45217391304347826 0.41235207100591714 0.266304347826087 0.03920118343195266
0 0.4532608695652174 0.4656065088757396 0.2510869565217391 0.04659763313609468
0 0.4701086956521739 0.5247781065088757 0.2826086956521739 0.04807692307692307
0 0.4880434782608696 0.5765532544378698 0.28152173913043477 0.03920118343195266
0 0.4815217391304348 0.6368343195266272 0.29239130434782606 0.05029585798816568
0 0.5005434782608695 0.7063609467455622 0.2891304347826087 0.04585798816568047
0 0.49782608695652175 0.7670118343195266 0.2532608695652174 0.05769230769230769
0 0.5048913043478261 0.8280325443786982 0.30434782608695654 0.0628698224852071
0 0.7228260869565217 0.3099112426035503 0.22717391304347825 0.05029585798816568
0 0.7271739130434782 0.3635355029585799 0.22282608695652173 0.05547337278106509
0 0.7358695652173913 0.41531065088757396 0.24456521739130435 0.04215976331360947
0 0.753804347826087 0.46597633136094674 0.25434782608695655 0.047337278106508875
0 0.7608695652173914 0.518491124260355 0.22717391304347825 0.051775147928994084
0 0.7793478260869565 0.57396449704142 0.21630434782608696 0.03254437869822485
0 0.7885869565217392 0.625 0.24565217391304348 0.04437869822485207
0 0.8021739130434783 0.6793639053254438 0.2467391304347826 0.04807692307692307
0 0.8119565217391305 0.7414940828402367 0.2532608695652174 0.04215976331360947
0 0.8336956521739131 0.808801775147929 0.29456521739130437 0.05695266272189349
