0 0.8355978260869565 0.33099112426035504 0.25869565217391305 0.03476331360946745
0 0.8366847826086956 0.3846153846153846 0.25869565217391305 0.034023668639053255
0 0.84375 0.4360207100591716 0.2554347826086957 0.04215976331360947
0 0.8442934782608695 0.49260355029585795 0.26304347826086955 0.03994082840236686
0 0.8497282608695652 0.5499260355029586 0.26956521739130435 0.04807692307692307
0 0.8535326086956522 0.6079881656804733 0.2728260869565217 0.04437869822485207
0 0.85625 0.6653106508875739 0.2608695652173913 0.04659763313609468
0 0.8627717391304348 0.742603550295858 0.26956521739130435 0.05917159763313609
0 0.8644021739130435 0.8069526627218935 0.2684782608695652 0.06804733727810651
0 0.8660326086956522 0.8764792899408284 0.2608695652173913 0.07248520710059171
0 0.5355978260869565 0.3195266272189349 0.2673913043478261 0.03994082840236686
0 0.535054347826087 0.3727810650887574 0.2684782608695652 0.03550295857988166
0 0.5285326086956522 0.4271449704142012 0.28804347826086957 0.05251479289940828
0 0.526358695652174 0.4881656804733728 0.29456521739130437 0.05769230769230769
0 0.5285326086956522 0.5473372781065089 0.29891304347826086 0.0621301775147929
0 0.5154891304347826 0.6017011834319527 0.325 0.03920118343195266
0 0.5203804347826086 0.6786242603550295 0.30434782608695654 0.059911242603550297
0 0.5111413043478261 0.7451923076923077 0.31195652173913047 0.04807692307692307
0 0.5073369565217392 0.8202662721893491 0.3130434782608696 0.0650887573964497
0 0.5040760869565217 0.8979289940828402 0.3239130434782609 0.07248520710059171
0 0.21875 0.3224852071005917 0.22282608695652173 0.05769230769230769
0 0.20516304347826086 0.3831360946745562 0.23695652173913043 0.0650887573964497
0 0.2019021739130435 0.4375 0.22608695652173913 0.04807692307692307
0 0.1953804347826087 0.4870562130177515 0.23695652173913043 0.05695266272189349
0 0.18505434782608696 0.5547337278106509 0.2358695652173913 0.07248520710059171
0 0.16059782608695652 0.6205621301775148 0.25869565217391305 0.060650887573964495
0 0.15516304347826088 0.6834319526627218 0.2782608695652174 0.047337278106508875
0 0.1502717391304348 0.7548076923076923 0.266304347826087 0.0613905325443787
0 0.1480978260869565 0.8321005917159763 0.2684782608695652 0.04881656804733728
0 0.14891304347826087 0.9012573964497042 0.29728260869565215 0.0717455621301775
