0 0.8491666666666667 0.45687500000000003 0.28500000000000003 0.03625
0 0.1675 0.6625 0.26833333333333337 0.035
0 0.4891666666666667 0.41375 0.21833333333333335 0.04
0 0.8441666666666667 0.40750000000000003 0.2783333333333334 0.0375
0 0.17916666666666667 0.411875 0.26166666666666666 0.043750000000000004
0 0.8266666666666668 0.36125 0.24333333333333335 0.035
0 0.5033333333333334 0.359375 0.25 0.03625
0 0.18583333333333335 0.36 0.27166666666666667 0.04
0 0.17250000000000001 0.31375000000000003 0.2316666666666667 0.0375
0 0.5233333333333333 0.308125 0.2866666666666667 0.03875
0 0.8208333333333334 0.30875 0.225 0.0425
0 0.16833333333333333 0.25875 0.23 0.0375
0 0.8225 0.25875 0.23500000000000001 0.035
0 0.5058333333333334 0.2525 0.255 0.0475
0 0.17666666666666667 0.215 0.24000000000000002 0.0375
0 0.8216666666666668 0.206875 0.22666666666666668 0.03625
0 0.5183333333333333 0.213125 0.28 0.03875
0 0.1675 0.45937500000000003 0.24166666666666667 0.03625
0 0.1716666666666667 0.51125 0.25333333333333335 0.0375
0 0.16833333333333333 0.5575 0.24333333333333335 0.035
0 0.17 0.6118750000000001 0.26333333333333336 0.04625
0 0.49583333333333335 0.460625 0.2316666666666667 0.03375
0 0.48000000000000004 0.509375 0.21333333333333335 0.03625
0 0.5025000000000001 0.5625 0.255 0.0375
0 0.5041666666666667 0.615 0.275 0.035
0 0.5075000000000001 0.665 0.26833333333333337 0.04
0 0.8333333333333334 0.50875 0.24666666666666667 0.04
0 0.8525 0.561875 0.28500000000000003 0.043750000000000004
0 0.8516666666666667 0.6175 0.29000000000000004 0.04
0 0.8333333333333334 0.67125 0.24000000000000002 0.05
