0 0.19157608695652173 0.2947485207100592 0.22228260869565217 0.047337278106508875
0 0.17622282608695652 0.3369082840236686 0.21222826086956523 0.03476331360946745
0 0.18817934782608695 0.37851331360946744 0.1986413043478261 0.03698224852071006
0 0.17880434782608695 0.41900887573964496 0.20706521739130435 0.03476331360946745
0 0.1830163043478261 0.45599112426035504 0.22255434782608696 0.03476331360946745
0 0.18233695652173915 0.4963942307692308 0.21739130434782608 0.0345784023668639
0 0.17296195652173912 0.5368897928994083 0.22581521739130436 0.030140532544378696
0 0.17554347826086958 0.5790495562130178 0.23097826086956522 0.024223372781065088
0 0.17459239130434784 0.6247226331360947 0.2361413043478261 0.030140532544378696
0 0.16875 0.6657729289940828 0.23804347826086958 0.03125
0 0.40394021739130437 0.3068602071005917 0.1953804347826087 0.03938609467455621
0 0.4013586956521739 0.3449519230769231 0.20380434782608695 0.023113905325443787
0 0.4081521739130435 0.3820266272189349 0.21739130434782608 0.03920118343195266
0 0.39986413043478264 0.41688239644970415 0.20081521739130434 0.029770710059171597
0 0.40230978260869565 0.4574704142011834 0.2105978260869565 0.03587278106508875
0 0.40244565217391304 0.4975036982248521 0.21521739130434783 0.030880177514792898
0 0.39796195652173916 0.5365199704142012 0.2046195652173913 0.030880177514792898
0 0.4051630434782609 0.5825628698224852 0.21739130434782608 0.0323594674556213
0 0.39945652173913043 0.6218565088757396 0.20597826086956522 0.047337278106508875
0 0.406929347826087 0.6711353550295858 0.21222826086956523 0.03901627218934911
0 0.5979619565217391 0.3110207100591716 0.1877717391304348 0.04105029585798817
0 0.6058423913043478 0.3492973372781065 0.17798913043478262 0.03439349112426036
0 0.6043478260869565 0.382396449704142 0.17228260869565218 0.027736686390532544
0 0.6084239130434783 0.4203032544378698 0.18641304347826088 0.030325443786982247
0 0.6100543478260869 0.4625554733727811 0.17880434782608695 0.04012573964497041
0 0.610733695652174 0.504530325443787 0.18505434782608696 0.03753698224852071
0 0.620108695652174 0.544840976331361 0.1842391304347826 0.033838757396449703
0 0.6179347826086956 0.5871856508875739 0.18695652173913044 0.03125
0 0.6251358695652174 0.6259245562130178 0.19266304347826088 0.023668639053254437
0 0.6247282608695652 0.6757581360946745 0.20543478260869566 0.05343934911242603
