0 0.20434782608695654 0.3291420118343195 0.20326086956521738 0.03550295857988166
0 0.2 0.3661242603550296 0.20543478260869566 0.03106508875739645
0 0.1891304347826087 0.4130917159763314 0.22717391304347825 0.03476331360946745
0 0.19021739130434784 0.4548816568047337 0.21195652173913043 0.042899408284023666
0 0.18043478260869567 0.49260355029585795 0.22934782608695653 0.034023668639053255
0 0.1934782608695652 0.5362426035502958 0.21847826086956523 0.047337278106508875
0 0.2 0.5765532544378698 0.22282608695652173 0.040680473372781065
0 0.1907608695652174 0.6157544378698224 0.20434782608695654 0.03772189349112426
0 0.2016304347826087 0.658284023668639 0.24347826086956523 0.042899408284023666
0 0.2 0.7000739644970414 0.22282608695652173 0.04659763313609468
0 0.4097826086956522 0.3243343195266272 0.20108695652173914 0.036242603550295856
0 0.41956521739130437 0.3646449704142012 0.21847826086956523 0.03994082840236686
0 0.4152173913043478 0.40791420118343197 0.2141304347826087 0.03920118343195266
0 0.4173913043478261 0.4515532544378698 0.21847826086956523 0.04215976331360947
0 0.4282608695652174 0.49260355029585795 0.2141304347826087 0.03698224852071006
0 0.4157608695652174 0.5388313609467456 0.19782608695652174 0.040680473372781065
0 0.4342391304347826 0.5828402366863905 0.2217391304347826 0.042899408284023666
0 0.42445652173913045 0.6238905325443787 0.1934782608695652 0.04215976331360947
0 0.42282608695652174 0.6645710059171598 0.20978260869565218 0.04659763313609468
0 0.4260869565217391 0.7078402366863905 0.20326086956521738 0.04585798816568047
0 0.657608695652174 0.3210059171597633 0.22717391304347825 0.029585798816568046
0 0.6663043478260869 0.3620562130177515 0.22934782608695653 0.03180473372781065
0 0.6777173913043478 0.40717455621301774 0.24130434782608695 0.025887573964497042
0 0.6782608695652174 0.4493343195266272 0.2358695652173913 0.028846153846153844
0 0.6728260869565218 0.4911242603550296 0.24456521739130435 0.03254437869822485
0 0.6722826086956522 0.5347633136094675 0.2326086956521739 0.03550295857988166
0 0.6711956521739131 0.5761834319526628 0.21739130434782608 0.04142011834319526
0 0.6597826086956522 0.6201923076923077 0.23804347826086958 0.03772189349112426
0 0.6668478260869565 0.6675295857988166 0.2217391304347826 0.03476331360946745
0 0.6630434782608696 0.7126479289940828 0.225 0.04215976331360947
