0 0.7649456521739131 0.26072485207100593 0.2326086956521739 0.03772189349112426
0 0.5154891304347826 0.2592455621301775 0.2076086956521739 0.04215976331360947
0 0.29048913043478264 0.2729289940828402 0.1967391304347826 0.042899408284023666
0 0.7638586956521739 0.30806213017751477 0.21956521739130436 0.04363905325443787
0 0.5154891304347826 0.31176035502958577 0.23152173913043478 0.040680473372781065
0 0.29157608695652176 0.3154585798816568 0.20108695652173914 0.03772189349112426
0 0.7692934782608696 0.3568786982248521 0.23478260869565218 0.03772189349112426
0 0.5105978260869565 0.3620562130177515 0.21739130434782608 0.04807692307692307
0 0.2910326086956522 0.36797337278106507 0.19782608695652174 0.036242603550295856
0 0.752445652173913 0.40643491124260356 0.23804347826086958 0.030325443786982247
0 0.5160326086956522 0.40865384615384615 0.1826086956521739 0.04215976331360947
0 0.2877717391304348 0.40902366863905326 0.18695652173913044 0.029585798816568046
0 0.7654891304347826 0.4500739644970414 0.21630434782608696 0.036242603550295856
0 0.7605978260869566 0.5044378698224852 0.21956521739130436 0.03550295857988166
0 0.7491847826086957 0.5495562130177515 0.23152173913043478 0.034023668639053255
0 0.7595108695652174 0.6020710059171598 0.25 0.04142011834319526
0 0.7519021739130435 0.6512573964497042 0.24130434782608695 0.04659763313609468
0 0.7502717391304348 0.7089497041420119 0.24891304347826088 0.04659763313609468
0 0.5176630434782609 0.4556213017751479 0.2141304347826087 0.03994082840236686
0 0.5116847826086957 0.5003698224852071 0.2326086956521739 0.040680473372781065
0 0.5095108695652174 0.5491863905325444 0.21739130434782608 0.03328402366863905
0 0.5144021739130434 0.5972633136094675 0.21630434782608696 0.04215976331360947
0 0.5029891304347827 0.6401627218934911 0.23695652173913043 0.045118343195266274
0 0.5046195652173913 0.6908284023668639 0.225 0.056213017751479286
0 0.27907608695652175 0.45340236686390534 0.20217391304347826 0.04437869822485207
0 0.28070652173913047 0.49778106508875736 0.20326086956521738 0.04585798816568047
0 0.2714673913043478 0.5436390532544378 0.21739130434782608 0.042899408284023666
0 0.28831521739130433 0.5806213017751479 0.2076086956521739 0.029585798816568046
0 0.26875 0.6227810650887574 0.1923913043478261 0.03698224852071006
0 0.2769021739130435 0.6701183431952663 0.1956521739130435 0.04142011834319526
