0 0.12880434782608696 0.36020710059171596 0.18695652173913044 0.028106508875739643
0 0.11956521739130435 0.3994082840236686 0.1923913043478261 0.03106508875739645
0 0.11630434782608695 0.4389792899408284 0.18369565217391304 0.028846153846153844
0 0.11467391304347826 0.47633136094674555 0.1891304347826087 0.026627218934911243
0 0.1125 0.5181213017751479 0.20652173913043478 0.03328402366863905
0 0.10163043478260869 0.5632396449704142 0.1956521739130435 0.03180473372781065
0 0.10869565217391304 0.6135355029585798 0.2076086956521739 0.03476331360946745
0 0.11467391304347826 0.6664201183431953 0.20869565217391306 0.03698224852071006
0 0.1 0.717085798816568 0.1923913043478261 0.04215976331360947
0 0.10543478260869565 0.7729289940828402 0.20326086956521738 0.051775147928994084
0 0.3809782608695652 0.34726331360946744 0.2217391304347826 0.022928994082840236
0 0.3760869565217391 0.3905325443786982 0.19456521739130436 0.034023668639053255
0 0.37771739130434784 0.4282544378698225 0.20869565217391306 0.028106508875739643
0 0.3798913043478261 0.47596153846153844 0.21521739130434783 0.04659763313609468
0 0.3815217391304348 0.5240384615384616 0.225 0.04659763313609468
0 0.37717391304347825 0.5684171597633136 0.2141304347826087 0.04363905325443787
0 0.3782608695652174 0.6161242603550295 0.21195652173913043 0.047337278106508875
0 0.37934782608695655 0.6630917159763313 0.24021739130434783 0.04807692307692307
0 0.36793478260869567 0.7230029585798816 0.24130434782608695 0.053994082840236685
0 0.3701086956521739 0.7840236686390533 0.25 0.060650887573964495
0 0.6320652173913044 0.3431952662721893 0.1826086956521739 0.04881656804733728
0 0.6429347826086956 0.38572485207100593 0.2 0.04363905325443787
0 0.6494565217391305 0.4352810650887574 0.2 0.053994082840236685
0 0.6521739130434783 0.4807692307692308 0.2141304347826087 0.034023668639053255
0 0.6407608695652174 0.5266272189349113 0.23043478260869565 0.03698224852071006
0 0.6581521739130435 0.5721153846153846 0.2108695652173913 0.04215976331360947
0 0.6630434782608696 0.6205621301775148 0.22934782608695653 0.04881656804733728
0 0.6635869565217392 0.673076923076923 0.20869565217391306 0.05325443786982249
0 0.6663043478260869 0.7326183431952663 0.22282608695652173 0.0613905325443787
0 0.6755434782608696 0.7803254437869822 0.2391304347826087 0.056213017751479286
