0 0.7730978260869565 0.27884615384615385 0.1858695652173913 0.03698224852071006
0 0.7845108695652174 0.3150887573964497 0.20217391304347826 0.03550295857988166
0 0.7839673913043478 0.36649408284023666 0.1967391304347826 0.05103550295857988
0 0.7845108695652174 0.40458579881656803 0.2 0.038461538461538464
0 0.7932065217391304 0.4515532544378698 0.19130434782608696 0.045118343195266274
0 0.7910326086956522 0.49260355029585795 0.19782608695652174 0.038461538461538464
0 0.7959239130434783 0.5321745562130178 0.18804347826086956 0.04363905325443787
0 0.8116847826086957 0.569896449704142 0.1934782608695652 0.036242603550295856
0 0.8160326086956522 0.6113165680473372 0.1956521739130435 0.04659763313609468
0 0.81875 0.6512573964497042 0.19891304347826086 0.049556213017751476
0 0.5426630434782609 0.28328402366863903 0.22065217391304348 0.04437869822485207
0 0.5459239130434783 0.32988165680473375 0.20543478260869566 0.04585798816568047
0 0.5589673913043478 0.37426035502958577 0.19891304347826086 0.04142011834319526
0 0.561141304347826 0.41863905325443784 0.20108695652173914 0.04585798816568047
0 0.5644021739130435 0.46597633136094674 0.20543478260869566 0.042899408284023666
0 0.5644021739130435 0.5103550295857988 0.1967391304347826 0.042899408284023666
0 0.5720108695652174 0.5488165680473372 0.21195652173913043 0.03994082840236686
0 0.5763586956521739 0.5913461538461539 0.2076086956521739 0.04363905325443787
0 0.5866847826086956 0.6346153846153846 0.1934782608695652 0.03698224852071006
0 0.5904891304347826 0.6815828402366864 0.21847826086956523 0.05251479289940828
0 0.30842391304347827 0.29659763313609466 0.19130434782608696 0.05769230769230769
0 0.3144021739130435 0.34837278106508873 0.20543478260869566 0.051775147928994084
0 0.3160326086956522 0.3879437869822485 0.21304347826086956 0.04215976331360947
0 0.3263586956521739 0.43047337278106507 0.20108695652173914 0.04881656804733728
0 0.3317934782608696 0.47670118343195267 0.20326086956521738 0.04215976331360947
0 0.33342391304347824 0.5251479289940828 0.21304347826086956 0.03550295857988166
0 0.34755434782608696 0.5650887573964497 0.20434782608695654 0.03698224852071006
0 0.3486413043478261 0.6053994082840236 0.20652173913043478 0.04215976331360947
0 0.35244565217391305 0.6475591715976331 0.21847826086956523 0.040680473372781065
0 0.35081521739130433 0.6960059171597633 0.21304347826086956 0.03994082840236686
