0 0.16467391304347825 0.3698224852071006 0.1891304347826087 0.03550295857988166
0 0.16793478260869565 0.41087278106508873 0.1934782608695652 0.03180473372781065
0 0.16684782608695653 0.4423076923076923 0.21304347826086956 0.029585798816568046
0 0.16086956521739132 0.48224852071005914 0.19891304347826086 0.03698224852071006
0 0.1565217391304348 0.5240384615384616 0.2141304347826087 0.040680473372781065
0 0.1565217391304348 0.5643491124260355 0.20108695652173914 0.04142011834319526
0 0.16467391304347825 0.610207100591716 0.21521739130434783 0.047337278106508875
0 0.1706521739130435 0.6593934911242604 0.225 0.040680473372781065
0 0.1706521739130435 0.7071005917159763 0.24456521739130435 0.03994082840236686
0 0.1826086956521739 0.7603550295857988 0.2902173913043478 0.04585798816568047
0 0.3864130434782609 0.3720414201183432 0.19130434782608696 0.03550295857988166
0 0.3858695652173913 0.4056952662721893 0.20108695652173914 0.036242603550295856
0 0.38967391304347826 0.444896449704142 0.20434782608695654 0.028846153846153844
0 0.3967391304347826 0.4844674556213018 0.19456521739130436 0.04437869822485207
0 0.4027173913043478 0.5236686390532544 0.20434782608695654 0.03994082840236686
0 0.4097826086956522 0.5628698224852071 0.21195652173913043 0.03994082840236686
0 0.41304347826086957 0.6050295857988166 0.2141304347826087 0.04142011834319526
0 0.4271739130434783 0.6516272189349113 0.23369565217391305 0.04881656804733728
0 0.4282608695652174 0.7048816568047337 0.2358695652173913 0.034023668639053255
0 0.4358695652173913 0.7555473372781065 0.21630434782608696 0.04363905325443787
0 0.6 0.3849852071005917 0.1793478260869565 0.03920118343195266
0 0.6059782608695652 0.42122781065088755 0.19782608695652174 0.03476331360946745
0 0.6271739130434782 0.4574704142011834 0.19891304347826086 0.03180473372781065
0 0.6309782608695652 0.4922337278106509 0.2108695652173913 0.027366863905325445
0 0.6309782608695652 0.529215976331361 0.20434782608695654 0.03476331360946745
0 0.6418478260869566 0.5687869822485206 0.1956521739130435 0.03106508875739645
0 0.6722826086956522 0.610207100591716 0.2217391304347826 0.04142011834319526
0 0.6668478260869565 0.654215976331361 0.20869565217391306 0.03920118343195266
0 0.6760869565217391 0.6967455621301775 0.19891304347826086 0.03106508875739645
0 0.6940217391304347 0.7448224852071006 0.2108695652173913 0.05029585798816568
