0 0.31630434782608696 0.2588757396449704 0.225 0.04585798816568047
0 0.3244565217391304 0.3099112426035503 0.22391304347826088 0.03994082840236686
0 0.32608695652173914 0.35502958579881655 0.20978260869565218 0.04437869822485207
0 0.32771739130434785 0.41013313609467456 0.22608695652173913 0.040680473372781065
0 0.3315217391304348 0.4600591715976331 0.22282608695652173 0.04142011834319526
0 0.3179347826086957 0.507396449704142 0.2282608695652174 0.047337278106508875
0 0.3309782608695652 0.5565828402366864 0.25434782608695655 0.040680473372781065
0 0.3233695652173913 0.6076183431952663 0.22391304347826088 0.03920118343195266
0 0.31032608695652175 0.6531065088757396 0.2391304347826087 0.03994082840236686
0 0.3135869565217391 0.7011834319526628 0.25434782608695655 0.047337278106508875
0 0.5760869565217391 0.26072485207100593 0.20108695652173914 0.0628698224852071
0 0.5809782608695653 0.3169378698224852 0.2 0.03476331360946745
0 0.5793478260869566 0.3661242603550296 0.2141304347826087 0.04437869822485207
0 0.5771739130434783 0.41789940828402367 0.21195652173913043 0.03254437869822485
0 0.575 0.46375739644970415 0.20326086956521738 0.03550295857988166
0 0.5695652173913044 0.5107248520710059 0.21630434782608696 0.036242603550295856
0 0.5728260869565217 0.5573224852071006 0.19456521739130436 0.036242603550295856
0 0.5619565217391305 0.6053994082840236 0.20108695652173914 0.03180473372781065
0 0.5641304347826087 0.6475591715976331 0.2076086956521739 0.036242603550295856
0 0.5635869565217392 0.702292899408284 0.2108695652173913 0.03920118343195266
0 0.7940217391304348 0.28032544378698226 0.15869565217391304 0.03994082840236686
0 0.8021739130434783 0.3291420118343195 0.20543478260869566 0.03994082840236686
0 0.7951086956521739 0.3764792899408284 0.17173913043478262 0.04142011834319526
0 0.8059782608695653 0.41900887573964496 0.20434782608695654 0.03180473372781065
0 0.7983695652173913 0.46338757396449703 0.18043478260869567 0.03476331360946745
0 0.7989130434782609 0.5088757396449703 0.18369565217391304 0.029585798816568046
0 0.7956521739130434 0.5502958579881657 0.19456521739130436 0.038461538461538464
0 0.7853260869565217 0.591715976331361 0.1934782608695652 0.03550295857988166
0 0.783695652173913 0.6301775147928994 0.1815217391304348 0.03254437869822485
0 0.7842391304347827 0.6882396449704142 0.19130434782608696 0.045118343195266274
