0 0.8464673913043478 0.35724852071005914 0.21521739130434783 0.034023668639053255
0 0.8448369565217392 0.39718934911242604 0.2076086956521739 0.03698224852071006
0 0.8595108695652174 0.43676035502958577 0.21739130434782608 0.036242603550295856
0 0.8578804347826087 0.48224852071005914 0.21847826086956523 0.03994082840236686
0 0.8644021739130435 0.5251479289940828 0.2358695652173913 0.03254437869822485
0 0.8644021739130435 0.5732248520710059 0.22065217391304348 0.03550295857988166
0 0.8578804347826087 0.6146449704142012 0.2532608695652174 0.034023668639053255
0 0.8769021739130435 0.6634615384615384 0.2282608695652174 0.051775147928994084
0 0.873641304347826 0.7189349112426036 0.22608695652173913 0.047337278106508875
0 0.876358695652174 0.7710798816568047 0.2423913043478261 0.045118343195266274
0 0.6154891304347826 0.34134615384615385 0.20543478260869566 0.040680473372781065
0 0.6105978260869566 0.3853550295857988 0.20217391304347826 0.03550295857988166
0 0.6089673913043478 0.4256656804733728 0.20326086956521738 0.03328402366863905
0 0.6078804347826087 0.46967455621301774 0.22282608695652173 0.03550295857988166
0 0.6073369565217391 0.5162721893491125 0.24130434782608695 0.034023668639053255
0 0.6084239130434783 0.5673076923076923 0.2326086956521739 0.03550295857988166
0 0.6057065217391304 0.6142751479289941 0.23369565217391305 0.036242603550295856
0 0.6002717391304347 0.6664201183431953 0.2510869565217391 0.04437869822485207
0 0.6133152173913043 0.7185650887573964 0.2641304347826087 0.045118343195266274
0 0.6111413043478261 0.779215976331361 0.266304347826087 0.049556213017751476
0 0.37527173913043477 0.34208579881656803 0.20108695652173914 0.04807692307692307
0 0.36168478260869563 0.382396449704142 0.1891304347826087 0.038461538461538464
0 0.3448369565217391 0.43010355029585795 0.21847826086956523 0.049556213017751476
0 0.34809782608695655 0.4718934911242603 0.21847826086956523 0.042899408284023666
0 0.3453804347826087 0.5177514792899408 0.2282608695652174 0.05029585798816568
0 0.3203804347826087 0.5654585798816568 0.2282608695652174 0.04807692307692307
0 0.31820652173913044 0.6172337278106509 0.24782608695652175 0.045118343195266274
0 0.3171195652173913 0.6715976331360947 0.23695652173913043 0.042899408284023666
0 0.310054347826087 0.7233727810650887 0.2554347826086957 0.042899408284023666
0 0.28342391304347825 0.7773668639053254 0.2717391304347826 0.051775147928994084
