0 0.22010869565217392 0.3927514792899408 0.22391304347826088 0.034023668639053255
0 0.22228260869565217 0.43010355029585795 0.21521739130434783 0.030325443786982247
0 0.22880434782608697 0.46745562130177515 0.22608695652173913 0.034023668639053255
0 0.2298913043478261 0.5059171597633136 0.23478260869565218 0.04142011834319526
0 0.23804347826086958 0.5473372781065089 0.2423913043478261 0.029585798816568046
0 0.22934782608695653 0.5965236686390533 0.23804347826086958 0.036242603550295856
0 0.23750000000000002 0.6490384615384616 0.25217391304347825 0.03772189349112426
0 0.24619565217391304 0.6926775147928994 0.24782608695652175 0.04215976331360947
0 0.24565217391304348 0.7507396449704142 0.2619565217391304 0.038461538461538464
0 0.2483695652173913 0.8076923076923077 0.24782608695652175 0.05029585798816568
0 0.45271739130434785 0.38831360946745563 0.1826086956521739 0.038461538461538464
0 0.4543478260869565 0.4271449704142012 0.1641304347826087 0.030325443786982247
0 0.46358695652173915 0.46338757396449703 0.1782608695652174 0.040680473372781065
0 0.47880434782608694 0.5033284023668639 0.20652173913043478 0.045118343195266274
0 0.4842391304347826 0.5443786982248521 0.20434782608695654 0.03994082840236686
0 0.5076086956521739 0.5843195266272189 0.1967391304347826 0.03550295857988166
0 0.5135869565217391 0.6261094674556212 0.21304347826086956 0.04215976331360947
0 0.5391304347826087 0.6830621301775148 0.24021739130434783 0.028846153846153844
0 0.5391304347826087 0.7374260355029586 0.2141304347826087 0.028106508875739643
0 0.5673913043478261 0.7880917159763313 0.2423913043478261 0.045118343195266274
0 0.6619565217391304 0.39460059171597633 0.17282608695652174 0.030325443786982247
0 0.6744565217391304 0.4293639053254438 0.18043478260869567 0.03476331360946745
0 0.6978260869565217 0.46449704142011833 0.19021739130434784 0.03254437869822485
0 0.7114130434782608 0.5011094674556212 0.2108695652173913 0.03476331360946745
0 0.7260869565217392 0.5414201183431953 0.1815217391304348 0.04437869822485207
0 0.7483695652173913 0.5835798816568047 0.2108695652173913 0.028106508875739643
0 0.7559782608695652 0.6253698224852071 0.18695652173913044 0.040680473372781065
0 0.7945652173913044 0.6723372781065089 0.21847826086956523 0.034023668639053255
0 0.8054347826086956 0.7152366863905325 0.21630434782608696 0.03698224852071006
0 0.8081521739130435 0.7677514792899408 0.20217391304347826 0.05029585798816568
