0 0.19130434782608696 0.389792899408284 0.21630434782608696 0.04142011834319526
0 0.20054347826086957 0.4352810650887574 0.2282608695652174 0.04215976331360947
0 0.20271739130434782 0.4781804733727811 0.22391304347826088 0.03772189349112426
0 0.1934782608695652 0.5214497041420119 0.21630434782608696 0.03254437869822485
0 0.20652173913043478 0.5691568047337278 0.22282608695652173 0.03920118343195266
0 0.19891304347826086 0.621301775147929 0.23152173913043478 0.047337278106508875
0 0.19728260869565217 0.6741863905325444 0.21739130434782608 0.053994082840236685
0 0.19728260869565217 0.7292899408284024 0.22608695652173913 0.04142011834319526
0 0.19402173913043477 0.7895710059171598 0.24565217391304348 0.04215976331360947
0 0.1923913043478261 0.8576183431952662 0.2576086956521739 0.04659763313609468
0 0.4320652173913044 0.3812869822485207 0.1956521739130435 0.049556213017751476
0 0.4342391304347826 0.43158284023668636 0.1934782608695652 0.03920118343195266
0 0.4423913043478261 0.4718934911242603 0.19456521739130436 0.029585798816568046
0 0.45706521739130435 0.518491124260355 0.20652173913043478 0.038461538461538464
0 0.4608695652173913 0.5639792899408284 0.22065217391304348 0.03920118343195266
0 0.46793478260869564 0.6164940828402367 0.2326086956521739 0.040680473372781065
0 0.47119565217391307 0.669008875739645 0.22608695652173913 0.03328402366863905
0 0.47608695652173916 0.7222633136094674 0.23369565217391305 0.04659763313609468
0 0.5135869565217391 0.7840236686390533 0.2565217391304348 0.04881656804733728
0 0.5195652173913043 0.8454142011834319 0.2597826086956522 0.051775147928994084
0 0.6728260869565218 0.4016272189349112 0.20543478260869566 0.042899408284023666
0 0.6673913043478261 0.4456360946745562 0.19021739130434784 0.036242603550295856
0 0.6875 0.4844674556213018 0.1891304347826087 0.04585798816568047
0 0.6923913043478261 0.5295857988165681 0.1967391304347826 0.03106508875739645
0 0.7146739130434783 0.5695266272189349 0.20652173913043478 0.034023668639053255
0 0.7260869565217392 0.6183431952662721 0.1923913043478261 0.05029585798816568
0 0.7418478260869565 0.6708579881656804 0.21956521739130436 0.028106508875739643
0 0.7445652173913043 0.7141272189349113 0.19891304347826086 0.04215976331360947
0 0.7619565217391304 0.764792899408284 0.20978260869565218 0.03994082840236686
0 0.7744565217391305 0.8261834319526628 0.20217391304347826 0.051775147928994084
