0 0.8258333333333334 0.42875 0.21833333333333335 0.0375
0 0.5308333333333334 0.37875000000000003 0.29833333333333334 0.0375
0 0.5075000000000001 0.328125 0.255 0.03375
0 0.8133333333333334 0.281875 0.21333333333333335 0.03375
0 0.5016666666666667 0.280625 0.24666666666666667 0.03875
0 0.18333333333333335 0.27875 0.26333333333333336 0.0375
0 0.8066666666666668 0.23625000000000002 0.2066666666666667 0.0375
0 0.1675 0.22625 0.23833333333333334 0.0375
0 0.8191666666666667 0.19062500000000002 0.23833333333333334 0.03375
0 0.15416666666666667 0.181875 0.2016666666666667 0.03625
0 0.17333333333333334 0.325 0.2566666666666667 0.0375
0 0.16083333333333336 0.375 0.23833333333333334 0.0375
0 0.16583333333333333 0.43 0.23833333333333334 0.0325
0 0.17583333333333334 0.480625 0.2783333333333334 0.02875
0 0.1691666666666667 0.536875 0.26166666666666666 0.03375
0 0.1716666666666667 0.58875 0.27666666666666667 0.0375
0 0.17500000000000002 0.64625 0.28 0.0375
0 0.5333333333333333 0.429375 0.29333333333333333 0.04125
0 0.5041666666666667 0.180625 0.24833333333333335 0.03875
0 0.505 0.230625 0.25 0.03875
0 0.5183333333333333 0.47875 0.27 0.035
0 0.515 0.530625 0.28 0.03625
0 0.5208333333333334 0.5875 0.26833333333333337 0.0325
0 0.5508333333333334 0.640625 0.325 0.03875
0 0.8200000000000001 0.328125 0.22333333333333336 0.03875
0 0.8425 0.3775 0.24833333333333335 0.035
0 0.8325 0.478125 0.20833333333333334 0.04125
0 0.8358333333333334 0.53125 0.22833333333333336 0.0375
0 0.8350000000000001 0.58375 0.21333333333333335 0.0375
0 0.8525 0.638125 0.23500000000000001 0.04625
