0 0.1532608695652174 0.3154585798816568 0.21195652173913043 0.04215976331360947
0 0.15489130434782608 0.3624260355029586 0.2 0.038461538461538464
0 0.1625 0.40976331360946744 0.20869565217391306 0.038461538461538464
0 0.15597826086956523 0.4519230769230769 0.21956521739130436 0.04437869822485207
0 0.1532608695652174 0.4988905325443787 0.22934782608695653 0.04215976331360947
0 0.14728260869565218 0.5517751479289941 0.25869565217391305 0.04585798816568047
0 0.14402173913043478 0.6046597633136095 0.2326086956521739 0.03920118343195266
0 0.1391304347826087 0.6564349112426036 0.2554347826086957 0.04659763313609468
0 0.13532608695652174 0.7074704142011834 0.2608695652173913 0.036242603550295856
0 0.1266304347826087 0.7622041420118343 0.24347826086956523 0.049556213017751476
0 0.41304347826086957 0.3025147928994083 0.23804347826086958 0.047337278106508875
0 0.4217391304347826 0.3605769230769231 0.22934782608695653 0.036242603550295856
0 0.4141304347826087 0.40458579881656803 0.23152173913043478 0.04142011834319526
0 0.40706521739130436 0.44822485207100593 0.23478260869565218 0.03550295857988166
0 0.41630434782608694 0.49778106508875736 0.2423913043478261 0.03254437869822485
0 0.4173913043478261 0.5536242603550295 0.24891304347826088 0.03328402366863905
0 0.41630434782608694 0.610207100591716 0.2641304347826087 0.04585798816568047
0 0.42282608695652174 0.6630917159763313 0.2554347826086957 0.04659763313609468
0 0.4146739130434783 0.7137573964497042 0.26304347826086955 0.05473372781065089
0 0.40543478260869564 0.7703402366863905 0.2902173913043478 0.04363905325443787
0 0.675 0.3069526627218935 0.1967391304347826 0.05917159763313609
0 0.6739130434782609 0.36020710059171596 0.20108695652173914 0.03994082840236686
0 0.6896739130434782 0.40532544378698226 0.2282608695652174 0.04437869822485207
0 0.6989130434782609 0.4530325443786982 0.23369565217391305 0.04215976331360947
0 0.7048913043478261 0.5003698224852071 0.25217391304347825 0.04215976331360947
0 0.7108695652173913 0.5499260355029586 0.2641304347826087 0.04659763313609468
0 0.7059782608695653 0.6042899408284024 0.25 0.05325443786982249
0 0.7168478260869565 0.6642011834319527 0.2391304347826087 0.04585798816568047
0 0.7092391304347826 0.7174556213017751 0.23695652173913043 0.04437869822485207
0 0.7260869565217392 0.7788461538461539 0.2510869565217391 0.05325443786982249
