0 0.29347826086956524 0.3762019230769231 0.14456521739130435 0.041605029585798814
0 0.2997282608695652 0.4225221893491124 0.16521739130434782 0.03698224852071006
0 0.30625 0.45821005917159763 0.16902173913043478 0.03143491124260355
0 0.30625 0.4980584319526627 0.16141304347826088 0.033838757396449703
0 0.3046195652173913 0.5376294378698224 0.1782608695652174 0.028661242603550297
0 0.30720108695652176 0.5796967455621301 0.1970108695652174 0.04326923076923077
0 0.3028532608695652 0.6216715976331361 0.1796195652173913 0.03698224852071006
0 0.3112771739130435 0.6660502958579881 0.18179347826086956 0.03476331360946745
0 0.31277173913043477 0.7083949704142012 0.1891304347826087 0.044008875739644966
0 0.3017663043478261 0.7542529585798816 0.19211956521739132 0.04918639053254438
0 0.5123641304347826 0.3750924556213018 0.15570652173913044 0.04049556213017751
0 0.5213315217391304 0.41715976331360943 0.17146739130434782 0.03476331360946745
0 0.5228260869565218 0.4569156804733728 0.17228260869565218 0.03476331360946745
0 0.5197010869565217 0.49676405325443784 0.16385869565217392 0.02496301775147929
0 0.5285326086956522 0.5369822485207101 0.17989130434782608 0.03550295857988166
0 0.5375 0.5785872781065089 0.1934782608695652 0.03772189349112426
0 0.5380434782608696 0.6169563609467456 0.19021739130434784 0.03642751479289941
0 0.5237771739130435 0.6653106508875739 0.16820652173913045 0.04326923076923077
0 0.5311141304347826 0.7108912721893491 0.18505434782608696 0.041974852071005916
0 0.546875 0.7567492603550295 0.19320652173913044 0.04419378698224852
0 0.7130434782608696 0.38295118343195267 0.1516304347826087 0.03920118343195266
0 0.7235054347826088 0.42205991124260356 0.16005434782608696 0.0319896449704142
0 0.7308423913043478 0.4604289940828402 0.15570652173913044 0.036242603550295856
0 0.7370923913043478 0.5006471893491125 0.16005434782608696 0.029770710059171597
0 0.7438858695652174 0.5429918639053254 0.1736413043478261 0.03642751479289941
0 0.7433423913043479 0.5838572485207101 0.17255434782608695 0.042714497041420114
0 0.7532608695652174 0.6226886094674556 0.17554347826086958 0.0319896449704142
0 0.7595108695652174 0.6674371301775148 0.20054347826086957 0.041974852071005916
0 0.7517663043478261 0.710521449704142 0.1703804347826087 0.03125
0 0.764266304347826 0.7585059171597633 0.16603260869565217 0.04474852071005917
