0 0.15366666666666667 0.2338992974238876 0.252 0.0661592505854801
0 0.48316666666666663 0.24136416861826698 0.247 0.055327868852459015
0 0.7863333333333333 0.2423887587822014 0.20866666666666667 0.059718969555035126
0 0.14066666666666666 0.313963700234192 0.238 0.046545667447306795
0 0.46849999999999997 0.31879391100702575 0.215 0.052107728337236536
0 0.8066666666666666 0.3280152224824356 0.24933333333333332 0.046545667447306795
0 0.14933333333333332 0.39637002341920374 0.24066666666666667 0.04859484777517564
0 0.48516666666666663 0.40076112412177983 0.24833333333333332 0.05737704918032787
0 0.7963333333333333 0.3985655737704918 0.23333333333333334 0.046545667447306795
0 0.15366666666666667 0.47014051522248246 0.24933333333333332 0.04215456674473068
0 0.4746666666666666 0.4717505854800937 0.222 0.05181498829039813
0 0.7869999999999999 0.4761416861826698 0.21 0.054156908665105384
0 0.14616666666666667 0.5509367681498829 0.237 0.0626463700234192
0 0.4815 0.550351288056206 0.2383333333333333 0.050936768149882905
0 0.7986666666666666 0.5507903981264637 0.24066666666666667 0.04771662763466042
0 0.14816666666666667 0.6263173302107728 0.2383333333333333 0.05298594847775176
0 0.4751666666666666 0.625731850117096 0.22833333333333333 0.043618266978922716
0 0.7895 0.6245608899297423 0.22699999999999998 0.04771662763466042
0 0.1475 0.7021370023419203 0.23233333333333334 0.05766978922716628
0 0.4721666666666666 0.7006733021077284 0.22233333333333333 0.04771662763466042
0 0.7938333333333333 0.7005269320843092 0.23566666666666666 0.04566744730679157
0 0.1635 0.7797131147540983 0.25166666666666665 0.04771662763466042
0 0.48383333333333334 0.7753220140515222 0.24833333333333332 0.04771662763466042
0 0.7979999999999999 0.7742974238875878 0.242 0.052107728337236536
0 0.15666666666666665 0.8565573770491803 0.23333333333333334 0.04332552693208431
0 0.4708333333333333 0.8485070257611241 0.21966666666666665 0.046545667447306795
0 0.8036666666666666 0.8474824355971897 0.2533333333333333 0.046838407494145196
0 0.16666666666666666 0.9309133489461359 0.25066666666666665 0.04859484777517564
0 0.48083333333333333 0.9233021077283372 0.23233333333333334 0.04215456674473068
0 0.7943333333333333 0.9156908665105387 0.23199999999999998 0.04449648711943794
