0 0.14516666666666667 0.1456645664566457 0.24633333333333332 0.05250525052505251
0 0.13683333333333333 0.22457245724572458 0.225 0.05130513051305131
0 0.14466666666666667 0.29852985298529855 0.24066666666666667 0.05340534053405341
0 0.13283333333333333 0.378937893789379 0.23566666666666666 0.05580558055805581
0 0.1345 0.453945394539454 0.225 0.05580558055805581
0 0.13566666666666666 0.5298529852985299 0.23666666666666666 0.06000600060006001
0 0.13283333333333333 0.6113111311131113 0.23566666666666666 0.05130513051305131
0 0.129 0.6891689168916892 0.23333333333333334 0.05040504050405041
0 0.13816666666666666 0.7710771077107711 0.24166666666666667 0.05160516051605161
0 0.134 0.8502850285028504 0.25 0.05580558055805581
0 0.4463333333333333 0.13771377137713772 0.21533333333333332 0.05580558055805581
0 0.4475 0.22022202220222023 0.213 0.049204920492049206
0 0.45949999999999996 0.29162916291629165 0.23433333333333334 0.05460546054605461
0 0.45766666666666667 0.37023702370237027 0.25 0.05340534053405341
0 0.447 0.4516951695169517 0.21933333333333332 0.06210621062106211
0 0.4553333333333333 0.5346534653465347 0.23333333333333334 0.06540654065406541
0 0.4553333333333333 0.611911191119112 0.24733333333333332 0.05490549054905491
0 0.44466666666666665 0.6944194419441945 0.21666666666666665 0.04830483048304831
0 0.45 0.7700270027002701 0.22999999999999998 0.05790579057905791
0 0.45766666666666667 0.8507350735073508 0.24266666666666667 0.05250525052505251
0 0.7815 0.13396339633963397 0.24033333333333332 0.05910591059105911
0 0.7785 0.2143714371437144 0.237 0.05250525052505251
0 0.7858333333333333 0.2962796279627963 0.24166666666666667 0.05370537053705371
0 0.7875 0.373987398739874 0.257 0.05250525052505251
0 0.778 0.45439543954395445 0.24266666666666667 0.05490549054905491
0 0.7905 0.5342034203420343 0.249 0.05130513051305131
0 0.772 0.6183618361836184 0.22866666666666666 0.05460546054605461
0 0.775 0.6975697569756977 0.23199999999999998 0.04620462046204621
0 0.7736666666666666 0.7742274227422743 0.244 0.05550555055505551
0 0.7833333333333333 0.8573357335733574 0.2533333333333333 0.06090609060906091
