0 0.147 0.201844572119746 0.23066666666666666 0.05412760810402177
0 0.14883333333333332 0.28500151194436046 0.24166666666666667 0.051708497127305714
0 0.14766666666666667 0.36876322951315393 0.23933333333333331 0.057151496824916846
0 0.153 0.4443604475355307 0.23333333333333334 0.04626549742969459
0 0.14883333333333332 0.5193528878137285 0.249 0.049894163894768674
0 0.1505 0.6025098276383429 0.243 0.05594194133655882
0 0.13816666666666666 0.680374962201391 0.22033333333333333 0.05624433020864832
0 0.153 0.7526459026307832 0.238 0.052010885999395226
0 0.157 0.8320229815542788 0.244 0.059570607801632904
0 0.1505 0.9082249773208346 0.24033333333333332 0.05412760810402177
0 0.4666666666666667 0.21273057151496824 0.23199999999999998 0.05412760810402177
0 0.4678333333333333 0.28605987299667374 0.237 0.053825219231932266
0 0.4731666666666666 0.36770486846084066 0.2383333333333333 0.0508013305110372
0 0.46599999999999997 0.4426973087390384 0.22866666666666666 0.053825219231932266
0 0.47383333333333333 0.5160266102207439 0.25366666666666665 0.058361052313274875
0 0.4726666666666666 0.5955548835802843 0.256 0.05291805261566374
0 0.46549999999999997 0.6684306017538555 0.251 0.049894163894768674
0 0.46016666666666667 0.7402479588751134 0.23566666666666666 0.055034774720290294
0 0.4708333333333333 0.8191714544904748 0.23566666666666666 0.055034774720290294
0 0.4701666666666667 0.8958270335651648 0.24633333333333332 0.057151496824916846
0 0.7761666666666667 0.2174175990323556 0.23433333333333334 0.055034774720290294
0 0.7768333333333333 0.2919564560024191 0.24033333333333332 0.048684608406410645
0 0.7726666666666666 0.36710009071666166 0.23933333333333331 0.04959177502267917
0 0.7756666666666666 0.446023586332023 0.23333333333333334 0.05624433020864832
0 0.7845 0.5204112488660417 0.25566666666666665 0.052010885999395226
0 0.7833333333333333 0.5917750226791654 0.2633333333333333 0.05624433020864832
0 0.7826666666666666 0.6678258240096765 0.24533333333333332 0.05291805261566374
0 0.775 0.7402479588751134 0.23933333333333331 0.055034774720290294
0 0.7869999999999999 0.8185666767462958 0.256 0.053825219231932266
0 0.779 0.8881161173268824 0.25 0.055034774720290294
