0 0.17466666666666666 0.15136986301369862 0.20933333333333332 0.05684931506849315
0 0.195 0.23852739726027397 0.23333333333333334 0.05993150684931507
0 0.18933333333333333 0.32465753424657534 0.23666666666666666 0.0589041095890411
0 0.18933333333333333 0.411472602739726 0.22 0.06335616438356165
0 0.192 0.49965753424657533 0.23333333333333334 0.07054794520547945
0 0.18733333333333332 0.5852739726027397 0.23866666666666667 0.06643835616438357
0 0.204 0.6683219178082191 0.2553333333333333 0.0523972602739726
0 0.20383333333333334 0.7577054794520548 0.251 0.05787671232876712
0 0.20083333333333334 0.8474315068493151 0.24033333333333332 0.061986301369863016
0 0.19666666666666666 0.9299657534246576 0.22799999999999998 0.05787671232876712
0 0.5003333333333333 0.15085616438356164 0.254 0.061986301369863016
0 0.4915 0.23852739726027397 0.21966666666666665 0.05993150684931507
0 0.49516666666666664 0.3178082191780822 0.221 0.049315068493150684
0 0.4998333333333333 0.40445205479452057 0.247 0.07465753424657534
0 0.5086666666666666 0.5013698630136987 0.23933333333333331 0.05684931506849315
0 0.5076666666666666 0.5869863013698631 0.23533333333333334 0.07191780821917808
0 0.5081666666666667 0.6688356164383562 0.2363333333333333 0.05136986301369863
0 0.5086666666666666 0.7544520547945206 0.246 0.06232876712328767
0 0.507 0.8421232876712329 0.24266666666666667 0.05547945205479452
0 0.516 0.9294520547945205 0.246 0.06506849315068493
0 0.7993333333333333 0.13852739726027397 0.21266666666666667 0.06335616438356165
0 0.8076666666666666 0.22414383561643836 0.23133333333333334 0.05856164383561644
0 0.8206666666666667 0.31181506849315066 0.24466666666666667 0.054452054794520546
0 0.819 0.4029109589041096 0.2373333333333333 0.0565068493150685
0 0.8231666666666666 0.48955479452054795 0.24366666666666667 0.06952054794520549
0 0.8216666666666667 0.5731164383561644 0.24866666666666665 0.054452054794520546
0 0.8153333333333334 0.665068493150685 0.24466666666666667 0.0547945205479452
0 0.8243333333333333 0.7501712328767123 0.23533333333333334 0.06404109589041096
0 0.8226666666666667 0.8357876712328767 0.24266666666666667 0.07089041095890411
0 0.828 0.9219178082191781 0.24466666666666667 0.07191780821917808
