0 0.16416666666666666 0.23563054046325424 0.25566666666666665 0.06462682299113526
0 0.1655 0.3112668001143838 0.253 0.059193594509579645
0 0.15916666666666665 0.3860451815842151 0.24833333333333332 0.049756934515298834
0 0.16599999999999998 0.4548184157849586 0.2593333333333333 0.05404632542179011
0 0.16899999999999998 0.5284529596797255 0.268 0.057191878753217046
0 0.16783333333333333 0.6056619959965686 0.263 0.05090077209036317
0 0.17333333333333334 0.6730054332284816 0.27399999999999997 0.04546754360880755
0 0.17466666666666666 0.7429225050042895 0.2693333333333333 0.05604804117815271
0 0.163 0.8148412925364599 0.24066666666666667 0.06033743208464398
0 0.16466666666666666 0.8884758364312269 0.242 0.057191878753217046
0 0.4875 0.24306548470117245 0.253 0.05604804117815271
0 0.49116666666666664 0.3224192164712611 0.263 0.05404632542179011
0 0.49133333333333334 0.38904775521875895 0.2653333333333333 0.05404632542179011
0 0.49066666666666664 0.45581927366313985 0.27399999999999997 0.04746925936517015
0 0.4721666666666666 0.5305976551329712 0.24166666666666667 0.05290248784672577
0 0.48016666666666663 0.6009436659994282 0.2383333333333333 0.047755218758936235
0 0.47833333333333333 0.6697169002001716 0.23933333333333331 0.049756934515298834
0 0.4678333333333333 0.7434944237918216 0.22833333333333333 0.05090077209036317
0 0.4721666666666666 0.8128395767800973 0.23233333333333334 0.04546754360880755
0 0.479 0.8841864455247356 0.25066666666666665 0.05090077209036317
0 0.7666666666666666 0.2552187589362311 0.206 0.044323706033743214
0 0.7813333333333333 0.3204175007148985 0.23333333333333334 0.05404632542179011
0 0.7821666666666667 0.3911924506720046 0.237 0.049756934515298834
0 0.7808333333333333 0.45796396911638554 0.22699999999999998 0.051758650271661426
0 0.7838333333333333 0.5314555333142694 0.23566666666666666 0.0466113811838719
0 0.7765 0.6048041178152703 0.243 0.057191878753217046
0 0.7728333333333333 0.6761509865599086 0.21833333333333332 0.051758650271661426
0 0.8011666666666667 0.7486416928796111 0.27299999999999996 0.04861309694023449
0 0.7926666666666666 0.818558764655419 0.258 0.0466113811838719
0 0.7815 0.8896196740062912 0.25566666666666665 0.04861309694023449
