0 0.8588333333333333 0.13380052151238592 0.21766666666666665 0.056388526727509776
0 0.8526666666666667 0.2271838331160365 0.248 0.05215123859191656
0 0.8526666666666667 0.3119295958279009 0.23866666666666667 0.06323337679269883
0 0.851 0.39227509778357234 0.24466666666666667 0.06290743155149935
0 0.8348333333333333 0.48028031290743156 0.28099999999999997 0.05443285528031291
0 0.8331666666666666 0.5661668839634941 0.269 0.056714471968709254
0 0.8326666666666667 0.6499348109517601 0.2833333333333333 0.05867014341590612
0 0.8326666666666667 0.7366362451108214 0.27 0.05867014341590612
0 0.8481666666666666 0.8257822685788787 0.2523333333333333 0.06290743155149935
0 0.8471666666666666 0.9144393741851369 0.2543333333333333 0.059647979139504564
0 0.5321666666666667 0.13591916558018252 0.24433333333333332 0.05867014341590612
0 0.531 0.22327249022164275 0.24466666666666667 0.05541069100391134
0 0.532 0.30752933507170793 0.24666666666666665 0.05443285528031291
0 0.5266666666666666 0.3908083441981747 0.24 0.06192959582790091
0 0.5421666666666667 0.4742503259452412 0.21766666666666665 0.06192959582790091
0 0.5231666666666667 0.5596479791395046 0.23766666666666666 0.06714471968709257
0 0.5201666666666667 0.6481421121251629 0.2543333333333333 0.06616688396349413
0 0.512 0.7350065189048239 0.26 0.07496740547588004
0 0.5143333333333333 0.8213820078226858 0.26 0.0651890482398957
0 0.5033333333333333 0.9172099087353325 0.27999999999999997 0.07170795306388526
0 0.20049999999999998 0.1271186440677966 0.24766666666666665 0.05867014341590612
0 0.2065 0.21577574967405475 0.23766666666666666 0.05736636245110821
0 0.19266666666666665 0.29563233376792697 0.2613333333333333 0.056714471968709254
0 0.16883333333333334 0.39064537157757495 0.31566666666666665 0.06616688396349413
0 0.16649999999999998 0.47278357235984353 0.29766666666666663 0.06290743155149935
0 0.17266666666666666 0.5661668839634941 0.29 0.0651890482398957
0 0.17816666666666667 0.6470013037809648 0.2723333333333333 0.06844850065189048
0 0.16599999999999998 0.7367992177314211 0.292 0.05443285528031291
0 0.16599999999999998 0.8231747066492829 0.29 0.059647979139504564
0 0.19766666666666666 0.914928292046936 0.22866666666666666 0.06714471968709257
