0 0.13949999999999999 0.1407960199004975 0.22033333333333333 0.06334991708126037
0 0.15133333333333332 0.23714759535655058 0.22933333333333333 0.05903814262023217
0 0.13899999999999998 0.3200663349917081 0.20866666666666667 0.06434494195688226
0 0.14766666666666667 0.41243781094527365 0.22799999999999998 0.056716417910447764
0 0.14049999999999999 0.4970149253731343 0.23099999999999998 0.05472636815920398
0 0.14766666666666667 0.5839137645107795 0.22799999999999998 0.056716417910447764
0 0.16383333333333333 0.6698175787728027 0.25366666666666665 0.06202321724709784
0 0.15683333333333332 0.7555555555555555 0.23966666666666667 0.05771144278606965
0 0.16016666666666665 0.8411276948590382 0.23966666666666667 0.05572139303482587
0 0.15583333333333332 0.9318407960199004 0.255 0.06202321724709784
0 0.4703333333333333 0.1461028192371476 0.21533333333333332 0.06533996683250415
0 0.479 0.23980099502487562 0.22999999999999998 0.049087893864013264
0 0.48166666666666663 0.32106135986733003 0.24 0.05771144278606965
0 0.4723333333333333 0.4131011608623549 0.22799999999999998 0.06202321724709784
0 0.47833333333333333 0.5024875621890548 0.23533333333333334 0.06301824212271974
0 0.47583333333333333 0.5864013266998341 0.243 0.05572139303482587
0 0.4671666666666667 0.6747927031509121 0.215 0.056716417910447764
0 0.4676666666666667 0.7575456053067994 0.214 0.06434494195688226
0 0.479 0.8437810945273632 0.24533333333333332 0.06301824212271974
0 0.46266666666666667 0.9270315091210614 0.20866666666666667 0.061028192371475956
0 0.7935 0.15041459369817578 0.21166666666666667 0.056716417910447764
0 0.8063333333333333 0.2386401326699834 0.244 0.0494195688225539
0 0.8166666666666667 0.32736318407960197 0.258 0.05771144278606965
0 0.8015 0.41625207296849087 0.241 0.05373134328358209
0 0.7913333333333333 0.5051409618573798 0.22466666666666665 0.06832504145936982
0 0.7939999999999999 0.5928689883913765 0.22999999999999998 0.060033167495854065
0 0.7993333333333333 0.681592039800995 0.256 0.06633499170812604
0 0.8036666666666666 0.7640132669983416 0.256 0.06202321724709784
0 0.8096666666666666 0.8517412935323383 0.27 0.062354892205638474
0 0.8048333333333333 0.93681592039801 0.25366666666666665 0.06733001658374793
