0 0.06666666666666667 0.795625 0.07 0.14875
0 0.78 0.656875 0.24000000000000002 0.03875
0 0.12333333333333334 0.65375 0.22333333333333336 0.04
0 0.4366666666666667 0.655 0.20333333333333334 0.045
0 0.785 0.605 0.25333333333333335 0.0375
0 0.12416666666666668 0.6012500000000001 0.21166666666666667 0.0325
0 0.455 0.6025 0.2366666666666667 0.04
0 0.4416666666666667 0.556875 0.21000000000000002 0.03625
0 0.13 0.55375 0.21000000000000002 0.04
0 0.8200000000000001 0.5475 0.32666666666666666 0.0375
0 0.15333333333333335 0.505625 0.24666666666666667 0.03125
0 0.7666666666666667 0.5025000000000001 0.22 0.035
0 0.44583333333333336 0.505625 0.21166666666666667 0.03875
0 0.45583333333333337 0.4575 0.22833333333333336 0.035
0 0.765 0.451875 0.22 0.04125
0 0.43833333333333335 0.41125 0.19 0.0375
0 0.7658333333333334 0.404375 0.225 0.03125
0 0.4391666666666667 0.361875 0.18500000000000003 0.03875
0 0.7708333333333334 0.353125 0.24166666666666667 0.02875
0 0.4425 0.31375000000000003 0.19833333333333333 0.0375
0 0.7591666666666668 0.304375 0.21833333333333335 0.03625
0 0.16666666666666669 0.28125 0.21666666666666667 0.0325
0 0.18583333333333335 0.23375 0.2516666666666667 0.0375
0 0.7525000000000001 0.20875 0.21500000000000002 0.035
0 0.46 0.22625 0.22333333333333336 0.03
0 0.45083333333333336 0.268125 0.20500000000000002 0.03125
0 0.1675 0.32625 0.2316666666666667 0.035
0 0.16166666666666668 0.371875 0.22 0.03625
0 0.15916666666666668 0.41375 0.225 0.035
0 0.1575 0.45875 0.22833333333333336 0.035
0 0.755 0.2575 0.21000000000000002 0.035
