0 0.15166666666666667 0.1969111969111969 0.2653333333333333 0.060588060588060585
0 0.15533333333333332 0.27828927828927824 0.2553333333333333 0.060588060588060585
0 0.15483333333333332 0.36456786456786455 0.2543333333333333 0.054945054945054944
0 0.14983333333333332 0.44000594000593996 0.247 0.05613305613305613
0 0.15366666666666667 0.5252450252450253 0.26666666666666666 0.06147906147906147
0 0.14683333333333332 0.6029106029106028 0.2383333333333333 0.05167805167805167
0 0.14049999999999999 0.6814671814671814 0.24833333333333332 0.057321057321057314
0 0.143 0.7567567567567567 0.248 0.05405405405405405
0 0.1505 0.8305613305613305 0.253 0.05375705375705375
0 0.13633333333333333 0.9184734184734185 0.22466666666666665 0.06504306504306503
0 0.4905 0.2162162162162162 0.247 0.05940005940005939
0 0.49416666666666664 0.2920997920997921 0.2543333333333333 0.050787050787050786
0 0.47816666666666663 0.3678348678348678 0.23433333333333334 0.054945054945054944
0 0.4676666666666667 0.4465399465399465 0.21133333333333332 0.049599049599049594
0 0.4825 0.5274725274725275 0.241 0.055242055242055235
0 0.493 0.6017226017226017 0.264 0.05821205821205821
0 0.4845 0.6808731808731808 0.247 0.058509058509058506
0 0.47583333333333333 0.7595782595782595 0.24433333333333332 0.057321057321057314
0 0.4726666666666666 0.8293733293733293 0.238 0.05613305613305613
0 0.48016666666666663 0.9113454113454112 0.25566666666666665 0.06623106623106623
0 0.7998333333333333 0.2217107217107217 0.21833333333333332 0.054945054945054944
0 0.8121666666666666 0.3024948024948025 0.241 0.058509058509058506
0 0.8035 0.37570537570537565 0.22566666666666665 0.05702405702405702
0 0.8089999999999999 0.45604395604395603 0.23933333333333331 0.054945054945054944
0 0.8046666666666666 0.5297000297000296 0.24066666666666667 0.057321057321057314
0 0.8016666666666666 0.6072171072171072 0.2373333333333333 0.049599049599049594
0 0.8055 0.6865161865161865 0.2543333333333333 0.05613305613305613
0 0.8041666666666666 0.7579447579447579 0.2643333333333333 0.06474606474606474
0 0.8116666666666666 0.8382833382833382 0.284 0.05613305613305613
0 0.7941666666666667 0.9125334125334125 0.237 0.054945054945054944
