0 0.16433333333333333 0.15445113788487283 0.22266666666666665 0.05187416331994645
0 0.1655 0.24079651941097724 0.22899999999999998 0.06057563587684069
0 0.15316666666666667 0.32663989290495316 0.213 0.059571619812583666
0 0.16699999999999998 0.41733601070950466 0.23866666666666667 0.06157965194109772
0 0.17033333333333334 0.5025100401606426 0.22799999999999998 0.0572289156626506
0 0.16266666666666665 0.5835006693440428 0.22799999999999998 0.055220883534136546
0 0.16233333333333333 0.6725234270414993 0.23333333333333334 0.053882195448460506
0 0.16816666666666666 0.7617135207496653 0.22766666666666666 0.05488621151271753
0 0.16983333333333334 0.8448795180722891 0.23966666666666667 0.0572289156626506
0 0.16816666666666666 0.9258701472556894 0.2363333333333333 0.06593038821954485
0 0.48283333333333334 0.15495314591700132 0.23766666666666666 0.05287817938420348
0 0.4741666666666666 0.2439759036144578 0.21833333333333332 0.060240963855421686
0 0.48333333333333334 0.33048862115127176 0.22799999999999998 0.06258366800535475
0 0.4805 0.4146586345381526 0.22033333333333333 0.06492637215528782
0 0.4865 0.49882864792503345 0.22366666666666665 0.05187416331994645
0 0.4745 0.5829986613119144 0.20433333333333334 0.06693440428380187
0 0.49666666666666665 0.6715194109772423 0.25266666666666665 0.06057563587684069
0 0.4785 0.7561914323962516 0.20966666666666667 0.0572289156626506
0 0.4761666666666666 0.8393574297188755 0.22033333333333333 0.06157965194109772
0 0.5056666666666666 0.927376171352075 0.26666666666666666 0.05421686746987952
0 0.8078333333333333 0.15110441767068272 0.23233333333333334 0.053882195448460506
0 0.8123333333333334 0.24347389558232932 0.24933333333333332 0.05923694779116466
0 0.8079999999999999 0.3234605087014725 0.24066666666666667 0.055220883534136546
0 0.8085 0.4180053547523427 0.255 0.06693440428380187
0 0.8068333333333333 0.5053547523427041 0.22566666666666665 0.06693440428380187
0 0.8015 0.5878514056224899 0.239 0.06593038821954485
0 0.7918333333333333 0.6710174029451138 0.23033333333333333 0.05287817938420348
0 0.7935 0.753681392235609 0.23566666666666666 0.06693440428380187
0 0.8009999999999999 0.8448795180722891 0.23533333333333334 0.05923694779116466
0 0.8126666666666666 0.9349062918340026 0.25266666666666665 0.06258366800535475
