0 0.128 0.2066066066066066 0.24533333333333332 0.054654654654654654
0 0.13983333333333334 0.29774774774774776 0.257 0.06756756756756757
0 0.13683333333333333 0.38288288288288286 0.25566666666666665 0.06426426426426426
0 0.13983333333333334 0.46546546546546547 0.25966666666666666 0.06846846846846846
0 0.13633333333333333 0.5448948948948948 0.238 0.05135135135135135
0 0.13616666666666666 0.627027027027027 0.24033333333333332 0.054654654654654654
0 0.13749999999999998 0.7121621621621621 0.24033333333333332 0.05375375375375375
0 0.147 0.7882882882882882 0.25 0.05165165165165165
0 0.14516666666666667 0.8629129129129128 0.249 0.06756756756756757
0 0.15416666666666667 0.9475975975975975 0.2523333333333333 0.06756756756756757
0 0.479 0.21726726726726725 0.25 0.07837837837837837
0 0.4761666666666666 0.2992492492492492 0.22966666666666666 0.05375375375375375
0 0.47733333333333333 0.3812312312312312 0.22999999999999998 0.06336336336336336
0 0.4736666666666666 0.4612612612612612 0.23466666666666666 0.06006006006006006
0 0.48566666666666664 0.5432432432432432 0.2533333333333333 0.057057057057057055
0 0.4928333333333333 0.6199699699699699 0.26566666666666666 0.05795795795795795
0 0.48433333333333334 0.696096096096096 0.244 0.06246246246246246
0 0.47433333333333333 0.7738738738738739 0.214 0.06546546546546546
0 0.4785 0.8522522522522522 0.21766666666666665 0.05045045045045045
0 0.491 0.9325825825825825 0.24266666666666667 0.059159159159159154
0 0.8106666666666666 0.2291291291291291 0.23466666666666666 0.06966966966966967
0 0.8053333333333333 0.3057057057057057 0.224 0.05765765765765765
0 0.8065 0.3866366366366366 0.22633333333333333 0.05675675675675675
0 0.8041666666666666 0.4656156156156156 0.22633333333333333 0.05795795795795795
0 0.8035 0.5411411411411411 0.23233333333333334 0.054654654654654654
0 0.8125 0.6162162162162161 0.243 0.057057057057057055
0 0.8069999999999999 0.6923423423423423 0.244 0.05255255255255255
0 0.7981666666666667 0.7695195195195195 0.22633333333333333 0.06096096096096096
0 0.8166666666666667 0.8495495495495495 0.2513333333333333 0.055855855855855854
0 0.7898333333333333 0.9282282282282281 0.22366666666666665 0.054654654654654654
