0 0.18166666666666667 0.14944589308996087 0.24666666666666665 0.06421121251629726
0 0.17716666666666667 0.23223598435462842 0.24433333333333332 0.06421121251629726
0 0.17333333333333334 0.31910039113428945 0.24133333333333332 0.07301173402868318
0 0.176 0.4022164276401564 0.24 0.0651890482398957
0 0.16666666666666666 0.48207301173402867 0.22133333333333333 0.07692307692307693
0 0.16833333333333333 0.5777379400260756 0.23533333333333334 0.06616688396349413
0 0.165 0.658735332464146 0.22866666666666666 0.05867014341590612
0 0.165 0.7439700130378096 0.23533333333333334 0.05769230769230769
0 0.17116666666666666 0.8357235984354628 0.241 0.0651890482398957
0 0.16666666666666666 0.9253585397653195 0.22999999999999998 0.07040417209908735
0 0.496 0.14781616688396348 0.23333333333333334 0.06747066492829204
0 0.486 0.23158409387222945 0.22 0.06095176010430248
0 0.49616666666666664 0.31584093872229463 0.22899999999999998 0.07496740547588004
0 0.48716666666666664 0.40335723598435463 0.21766666666666665 0.06095176010430248
0 0.48616666666666664 0.48598435462842243 0.21566666666666667 0.0651890482398957
0 0.5 0.5695893089960886 0.24133333333333332 0.06747066492829204
0 0.49766666666666665 0.6548239895697523 0.24333333333333332 0.05997392438070404
0 0.4973333333333333 0.733050847457627 0.22666666666666666 0.07040417209908735
0 0.49 0.8226857887874837 0.24133333333333332 0.05867014341590612
0 0.49166666666666664 0.9053129074315515 0.22866666666666666 0.07594524119947849
0 0.814 0.1440677966101695 0.22666666666666666 0.0710560625814863
0 0.8109999999999999 0.23109517601043025 0.23666666666666666 0.05997392438070404
0 0.815 0.31584093872229463 0.24 0.06192959582790091
0 0.8171666666666666 0.3984680573663624 0.24433333333333332 0.06421121251629726
0 0.8026666666666666 0.48321382007822683 0.22 0.059647979139504564
0 0.8133333333333334 0.5684485006518905 0.24133333333333332 0.056714471968709254
0 0.8049999999999999 0.6478161668839635 0.222 0.06095176010430248
0 0.7995 0.733050847457627 0.21766666666666665 0.06192959582790091
0 0.8111666666666666 0.8140482398956975 0.23233333333333334 0.06290743155149935
0 0.8049999999999999 0.9036831812255541 0.22466666666666665 0.06421121251629726
