0 0.8528333333333333 0.21506682867557714 0.22966666666666666 0.06622114216281895
0 0.844 0.3011846901579587 0.25 0.0628797083839611
0 0.8343333333333333 0.3804678007290401 0.25466666666666665 0.05619684082624544
0 0.8271666666666666 0.46081409477521257 0.255 0.04981773997569866
0 0.8176666666666667 0.5378189550425273 0.27599999999999997 0.05012150668286755
0 0.8218333333333333 0.6164945321992709 0.287 0.06166464155528553
0 0.832 0.696688942891859 0.24533333333333332 0.06409477521263669
0 0.8391666666666666 0.7749088699878492 0.23566666666666666 0.055285540704738755
0 0.8306666666666667 0.8508505467800729 0.25 0.055285540704738755
0 0.8225 0.9278554070473876 0.24766666666666665 0.0683475091130012
0 0.52 0.21992709599027946 0.22866666666666666 0.06318347509113001
0 0.5063333333333333 0.30239975698663424 0.2513333333333333 0.05862697448359659
0 0.5121666666666667 0.37773390036452004 0.225 0.05741190765492102
0 0.5123333333333333 0.4504860267314702 0.23666666666666666 0.055285540704738755
0 0.4998333333333333 0.532958687727825 0.257 0.05741190765492102
0 0.49566666666666664 0.606014580801944 0.244 0.060753341433778855
0 0.5035 0.68818347509113 0.23566666666666666 0.0531591737545565
0 0.4963333333333333 0.7597205346294046 0.24533333333333332 0.06196840826245443
0 0.5116666666666666 0.8409781287970838 0.22599999999999998 0.05741190765492102
0 0.5051666666666667 0.9137302551640339 0.24433333333333332 0.06379100850546779
0 0.20466666666666666 0.2275212636695018 0.22866666666666666 0.060753341433778855
0 0.19316666666666665 0.3007290400972053 0.25366666666666665 0.04860267314702308
0 0.195 0.37621506682867556 0.24066666666666667 0.0476913730255164
0 0.19633333333333333 0.4542831105710814 0.25 0.05437424058323207
0 0.18983333333333333 0.5280984204131227 0.2583333333333333 0.06956257594167678
0 0.20883333333333332 0.600243013365735 0.213 0.051032806804374234
0 0.18316666666666667 0.683778857837181 0.2783333333333333 0.055285540704738755
0 0.17483333333333334 0.7548602673147022 0.27366666666666667 0.056500607533414335
0 0.16599999999999998 0.8355103280680437 0.28933333333333333 0.0531591737545565
0 0.164 0.9137302551640339 0.29533333333333334 0.06379100850546779
