0 0.18 0.14442595673876873 0.24533333333333332 0.06855241264559069
0 0.18433333333333332 0.23394342762063228 0.26866666666666666 0.0718801996672213
0 0.17716666666666667 0.31630615640599 0.257 0.062229617304492515
0 0.19016666666666665 0.4 0.2783333333333333 0.057903494176372715
0 0.16383333333333333 0.4895174708818636 0.22566666666666665 0.05923460898502496
0 0.17033333333333334 0.5797004991680532 0.23199999999999998 0.054575707154742095
0 0.1725 0.6608985024958403 0.2363333333333333 0.06655574043261231
0 0.1785 0.7487520798668885 0.24833333333333332 0.07520798668885191
0 0.16766666666666666 0.8394342762063228 0.22666666666666666 0.058901830282861896
0 0.18483333333333332 0.9317803660565724 0.253 0.06988352745424294
0 0.4988333333333333 0.14009983361064893 0.24633333333333332 0.057903494176372715
0 0.494 0.2247920133111481 0.254 0.062229617304492515
0 0.49016666666666664 0.305324459234609 0.23766666666666666 0.062229617304492515
0 0.502 0.39284525790349417 0.2633333333333333 0.0675540765391015
0 0.48866666666666664 0.4798668885191348 0.23666666666666666 0.06788685524126456
0 0.48966666666666664 0.5625623960066556 0.22799999999999998 0.06555740432612313
0 0.4978333333333333 0.65108153078203 0.23966666666666667 0.06888519134775374
0 0.49616666666666664 0.7407653910149751 0.2363333333333333 0.06988352745424294
0 0.5353333333333333 0.826622296173045 0.30666666666666664 0.05923460898502496
0 0.49616666666666664 0.9124792013311148 0.241 0.06788685524126456
0 0.7913333333333333 0.12945091514143095 0.212 0.06655574043261231
0 0.7993333333333333 0.22013311148086523 0.21066666666666667 0.06356073211314477
0 0.8053333333333333 0.30282861896838603 0.23133333333333334 0.0632279534109817
0 0.8089999999999999 0.3935108153078203 0.23199999999999998 0.060232945091514146
0 0.7935 0.4675540765391015 0.21166666666666667 0.06655574043261231
0 0.8069999999999999 0.5608985024958403 0.21933333333333332 0.062229617304492515
0 0.8213333333333334 0.6462562396006656 0.244 0.05923460898502496
0 0.8203333333333334 0.7337770382695508 0.242 0.06455906821963395
0 0.8444999999999999 0.8206322795341099 0.269 0.06455906821963395
0 0.8418333333333333 0.9081530782029951 0.285 0.0718801996672213
