0 0.17246175243393602 0.21398914084956883 0.24339360222531292 0.06707122325135739
0 0.17141863699582752 0.2955924624720537 0.23852573018080667 0.05844778026189716
0 0.17367872044506258 0.3795911849249441 0.2625173852573018 0.06164164803577132
0 0.18271905424200277 0.45464707761098694 0.27086230876216966 0.059725327371446826
0 0.16950625869262864 0.5328968380709038 0.2444367176634214 0.06164164803577132
0 0.16950625869262864 0.607793037368253 0.273643949930459 0.05940594059405941
0 0.16481223922114047 0.6901948259342063 0.23504867872044505 0.06834877036090706
0 0.1707232267037552 0.7662088789524114 0.26842837273991654 0.06387735547748323
0 0.16602920723226702 0.8401469179175982 0.2590403337969402 0.06611306291919515
0 0.16776773296244785 0.9193548387096775 0.2722531293463143 0.06802938358351965
0 0.5272948539638387 0.22995847971893965 0.2625173852573018 0.06579367614180773
0 0.5147774687065368 0.3064516129032258 0.2444367176634214 0.06291919514532099
0 0.5123435326842837 0.38757585435962955 0.2374826147426982 0.06164164803577132
0 0.5135605006954103 0.46183328010220376 0.24478442280945756 0.06259980836793357
0 0.5074756606397774 0.5316192909613542 0.23261474269819193 0.06164164803577132
0 0.5033031988873435 0.6098690514212711 0.22426981919332406 0.06611306291919515
0 0.5220792767732962 0.6908335994889812 0.26599443671766343 0.06259980836793357
0 0.4998261474269819 0.7695624401149792 0.23122392211404727 0.07058447780261898
0 0.5106050069541029 0.8478122005748963 0.26043115438108483 0.06164164803577132
0 0.5118219749652294 0.9166400511018844 0.2670375521557719 0.058128393484509745
0 0.8343184979137691 0.23985946981794953 0.24095966620305978 0.06387735547748323
0 0.836230876216968 0.3158735228361546 0.2399165507649513 0.05748961992973491
0 0.8259735744089012 0.3874161609709358 0.22426981919332406 0.053018205046311086
0 0.8318845618915159 0.466624081763015 0.23609179415855353 0.05940594059405941
0 0.8308414464534075 0.541041200894283 0.24095966620305978 0.05621207282018525
0 0.8348400556328234 0.6148195464707761 0.24687065368567454 0.060683487703609075
0 0.8296244784422809 0.6946662408176302 0.23852573018080667 0.06834877036090706
0 0.8337969401947148 0.7706802938358353 0.2517385257301808 0.06387735547748323
0 0.8294506258692629 0.8505269881826892 0.2506954102920723 0.05621207282018525
0 0.8357093184979137 0.9236665602044075 0.26738525730180807 0.05940594059405941
