0 0.13883333333333334 0.159967585089141 0.239 0.06385737439222042
0 0.141 0.24278768233387357 0.24333333333333332 0.05834683954619124
0 0.12383333333333332 0.32431118314424634 0.21566666666666667 0.05089141004862236
0 0.12116666666666666 0.40696920583468393 0.21233333333333332 0.06709886547811993
0 0.12333333333333332 0.4940032414910859 0.22533333333333333 0.05510534846029173
0 0.12716666666666665 0.5776337115072933 0.22899999999999998 0.053808752025931925
0 0.11599999999999999 0.6656401944894651 0.20666666666666667 0.06580226904376013
0 0.12333333333333332 0.7500810372771475 0.22799999999999998 0.05510534846029173
0 0.11283333333333333 0.8359805510534846 0.20433333333333334 0.06482982171799027
0 0.12566666666666665 0.9277147487844407 0.22999999999999998 0.06029173419773095
0 0.48716666666666664 0.15040518638573744 0.249 0.06158833063209076
0 0.48166666666666663 0.23500810372771472 0.24466666666666667 0.06482982171799027
0 0.4761666666666666 0.3204213938411669 0.23566666666666666 0.06709886547811993
0 0.47866666666666663 0.40210696920583466 0.24466666666666667 0.06385737439222042
0 0.482 0.4944894651539708 0.24466666666666667 0.06904376012965964
0 0.47916666666666663 0.5776337115072933 0.241 0.056401944894651536
0 0.47933333333333333 0.6646677471636953 0.23666666666666666 0.06580226904376013
0 0.48483333333333334 0.7489465153970826 0.2543333333333333 0.057374392220421386
0 0.47916666666666663 0.8358184764991896 0.24766666666666665 0.06904376012965964
0 0.48866666666666664 0.9238249594813613 0.2713333333333333 0.06158833063209076
0 0.8191666666666666 0.14748784440842785 0.23233333333333334 0.05834683954619124
0 0.8281666666666666 0.23079416531604535 0.2523333333333333 0.06677471636952997
0 0.816 0.31944894651539707 0.22999999999999998 0.06256077795786061
0 0.8236666666666667 0.399837925445705 0.24533333333333332 0.06580226904376013
0 0.8253333333333333 0.49124797406807125 0.2553333333333333 0.06904376012965964
0 0.8203333333333334 0.5782820097244732 0.24333333333333332 0.06158833063209076
0 0.8193333333333334 0.6651539708265801 0.23666666666666666 0.06482982171799027
0 0.8303333333333333 0.7542949756888168 0.252 0.06353322528363047
0 0.8125 0.8434359805510534 0.221 0.06936790923824959
0 0.8331666666666666 0.9286871961102107 0.25766666666666665 0.06482982171799027
