0 0.817 0.20601923673596026 0.254 0.06515668631709587
0 0.824 0.2835867204467887 0.24733333333333332 0.06205398696866273
0 0.8245 0.3623952838969904 0.24366666666666667 0.058951287620229595
0 0.8246666666666667 0.44896059571827485 0.246 0.06329506670803599
0 0.8233333333333333 0.5232702451132485 0.2553333333333333 0.059882097424759535
0 0.8268333333333333 0.6030096183679801 0.24366666666666667 0.05864101768538628
0 0.8245 0.6869376357430964 0.24833333333333332 0.06205398696866273
0 0.8228333333333333 0.76310890474713 0.25166666666666665 0.059882097424759535
0 0.8211666666666666 0.8453304374806081 0.255 0.06422587651256592
0 0.8263333333333333 0.9272417002792429 0.24266666666666667 0.06298479677319267
0 0.48766666666666664 0.20943220601923673 0.22999999999999998 0.06950046540490226
0 0.47683333333333333 0.28839590443686003 0.247 0.06112317716413279
0 0.482 0.3692212224635433 0.23933333333333331 0.05584858827179646
0 0.4751666666666666 0.4424449270865653 0.253 0.0546075085324232
0 0.47916666666666663 0.5228048402109835 0.24033333333333332 0.06950046540490226
0 0.486 0.6019236735960285 0.23333333333333334 0.05646912814148309
0 0.486 0.6801116971765435 0.24 0.060812907229289476
0 0.49116666666666664 0.7618678250077567 0.23433333333333334 0.05553831833695314
0 0.4905 0.8453304374806081 0.23566666666666666 0.058020477815699655
0 0.49116666666666664 0.9277071051815079 0.23233333333333334 0.06205398696866273
0 0.16233333333333333 0.21253490536766986 0.22066666666666665 0.060812907229289476
0 0.15783333333333333 0.29227427862240146 0.22766666666666666 0.05771020788085634
0 0.1595 0.3724790567793981 0.23566666666666666 0.059882097424759535
0 0.163 0.4484951908160099 0.224 0.05553831833695314
0 0.15966666666666665 0.5228048402109835 0.22866666666666666 0.060812907229289476
0 0.15733333333333333 0.6089047471300031 0.22666666666666666 0.059882097424759535
0 0.1585 0.6827489916227117 0.22433333333333333 0.059882097424759535
0 0.16016666666666665 0.7635743096493949 0.221 0.06515668631709587
0 0.15733333333333333 0.8459509773502947 0.224 0.06112317716413279
0 0.15383333333333332 0.9281725100837728 0.22433333333333333 0.07167235494880546
