0 0.8558333333333333 0.4225 0.23500000000000001 0.0375
0 0.5166666666666667 0.375 0.24333333333333335 0.0375
0 0.8466666666666667 0.373125 0.22333333333333336 0.03875
0 0.18083333333333335 0.371875 0.24833333333333335 0.04125
0 0.8475 0.325 0.23500000000000001 0.0375
0 0.5141666666666667 0.3225 0.24166666666666667 0.0325
0 0.17416666666666666 0.321875 0.23500000000000001 0.04125
0 0.8458333333333334 0.275625 0.23500000000000001 0.03875
0 0.5108333333333334 0.274375 0.2316666666666667 0.03875
0 0.17500000000000002 0.27187500000000003 0.2366666666666667 0.03875
0 0.8416666666666667 0.2275 0.23333333333333334 0.035
0 0.52 0.225625 0.25 0.03375
0 0.17583333333333334 0.22125 0.2316666666666667 0.0375
0 0.5133333333333334 0.17875 0.2366666666666667 0.04
0 0.8350000000000001 0.1775 0.22666666666666668 0.04
0 0.18250000000000002 0.17125 0.24166666666666667 0.04
0 0.17750000000000002 0.42375 0.2516666666666667 0.045
0 0.17833333333333334 0.475625 0.25 0.04125
0 0.17583333333333334 0.5325 0.2516666666666667 0.0375
0 0.17416666666666666 0.5825 0.24500000000000002 0.04
0 0.17666666666666667 0.6375000000000001 0.2566666666666667 0.0475
0 0.5125000000000001 0.421875 0.23500000000000001 0.03375
0 0.5091666666666667 0.474375 0.22833333333333336 0.043750000000000004
0 0.5166666666666667 0.5275 0.24666666666666667 0.0325
0 0.5291666666666667 0.58 0.25833333333333336 0.035
0 0.5275000000000001 0.635625 0.25833333333333336 0.043750000000000004
0 0.8566666666666667 0.473125 0.22333333333333336 0.03625
0 0.8583333333333334 0.52375 0.24000000000000002 0.045
0 0.8691666666666668 0.57875 0.2516666666666667 0.0325
0 0.8700000000000001 0.631875 0.24666666666666667 0.03875
