0 0.16583333333333333 0.14563582870219025 0.24566666666666667 0.061131088591042826
0 0.15316666666666667 0.2306309251389343 0.23566666666666666 0.061131088591042826
0 0.13799999999999998 0.3135011441647597 0.21 0.054266100032690424
0 0.13533333333333333 0.39735207584177834 0.20466666666666666 0.06309251389342922
0 0.153 0.4830009807126512 0.2533333333333333 0.07093821510297482
0 0.13749999999999998 0.5673422687152664 0.23099999999999998 0.056554429552141225
0 0.13983333333333334 0.6583850931677019 0.23099999999999998 0.06015037593984962
0 0.15483333333333332 0.7347172278522393 0.261 0.06636155606407322
0 0.13366666666666666 0.8278849297155934 0.23466666666666666 0.06309251389342922
0 0.13983333333333334 0.9187643020594966 0.24433333333333332 0.06636155606407322
0 0.48483333333333334 0.14465511605099707 0.23233333333333334 0.06766917293233082
0 0.5025 0.2268715266426937 0.26766666666666666 0.05753514220333442
0 0.497 0.31284733573063095 0.25666666666666665 0.05557371690094802
0 0.493 0.40274599542334094 0.24666666666666665 0.06538084341288003
0 0.47866666666666663 0.4856162144491664 0.22866666666666666 0.061131088591042826
0 0.48416666666666663 0.5679960771493953 0.23566666666666666 0.07093821510297482
0 0.4815 0.6541353383458647 0.23233333333333334 0.06864988558352403
0 0.5031666666666667 0.7412553121935272 0.27566666666666667 0.06440013076168682
0 0.48316666666666663 0.825106243870546 0.23566666666666666 0.062111801242236024
0 0.47866666666666663 0.913370382477934 0.22866666666666666 0.06407322654462243
0 0.821 0.14514547237659367 0.23333333333333334 0.06407322654462243
0 0.819 0.2312847335730631 0.22799999999999998 0.05328538738149722
0 0.8208333333333333 0.31742399476953254 0.23566666666666666 0.062111801242236024
0 0.8203333333333334 0.39800588427590716 0.22533333333333333 0.06440013076168682
0 0.8248333333333333 0.4856162144491664 0.241 0.06309251389342922
0 0.8276666666666667 0.5722458319712325 0.24666666666666665 0.06440013076168682
0 0.8236666666666667 0.6583850931677019 0.22999999999999998 0.06407322654462243
0 0.8141666666666666 0.7499182739457338 0.21566666666666667 0.07061131088591042
0 0.8325 0.831644328211834 0.2543333333333333 0.062111801242236024
0 0.828 0.9215429879045439 0.24333333333333332 0.07191892775416803
