0 0.8450993831391365 0.2111361441905375 0.2364633310486635 0.05793369810106212
0 0.839787525702536 0.29063405214032834 0.2422892392049349 0.05600257483102672
0 0.8363605209047293 0.3699710331509495 0.2559972583961618 0.06018667524943676
0 0.8507539410555175 0.4451239137431606 0.21830020562028787 0.059864821371097526
0 0.858636052090473 0.5207595751528806 0.21350239890335848 0.06115223688445446
0 0.8454420836189172 0.6000965561635018 0.2193283070596299 0.05696813646604442
0 0.8522960932145306 0.6855487608625684 0.22618231665524333 0.05793369810106212
0 0.8478409869773819 0.76054071451561 0.2446881425633996 0.059864821371097526
0 0.8433858807402331 0.8393949147087223 0.24674434544208362 0.05471515931766978
0 0.8437285812200138 0.921467653685227 0.2364633310486635 0.06887672996459608
0 0.5166209732693626 0.213871902156421 0.21007539410555176 0.0634052140328291
0 0.5130226182316655 0.291599613775346 0.2193283070596299 0.05149662053427744
0 0.5154215215901302 0.3694882523334406 0.2193283070596299 0.06308336015448987
0 0.5109664153529815 0.4493080141615707 0.23303632625085677 0.05793369810106212
0 0.5250171350239891 0.5244608947537818 0.2021932830705963 0.06018667524943676
0 0.5090815627141878 0.6002574831026715 0.2388622344071282 0.06115223688445446
0 0.5125085675119946 0.6800772449308015 0.23406442769019878 0.05793369810106212
0 0.5149074708704593 0.7578049565497265 0.22721041809458534 0.0653363373028645
0 0.518334475668266 0.8366591567428389 0.22515421521590132 0.05374959768265208
0 0.5212474297464017 0.9129385259092373 0.22618231665524333 0.05568072095268748
0 0.18762851267991776 0.22030897972320568 0.2422892392049349 0.05696813646604442
0 0.2064770390678547 0.2975539105246218 0.21144619602467446 0.058899259736079825
0 0.20287868403015766 0.3715803025426457 0.20904729266620975 0.058899259736079825
0 0.18711446196024675 0.44625040231734797 0.24331734064427693 0.06211779851947216
0 0.203564084989719 0.5244608947537818 0.20767649074708705 0.05568072095268748
0 0.19842357779300893 0.6081429031219827 0.2179575051405072 0.05568072095268748
0 0.18471555860178204 0.6812037335049888 0.24331734064427693 0.05568072095268748
0 0.2001370801919123 0.757965883488896 0.2241261137765593 0.06115223688445446
0 0.2006511309115833 0.8356935951078212 0.21830020562028787 0.05374959768265208
0 0.19328307059629884 0.9171226263276473 0.24674434544208362 0.06211779851947216
