0 0.16899999999999998 0.15160300136425647 0.22066666666666665 0.06718963165075034
0 0.15866666666666665 0.2407912687585266 0.19999999999999998 0.06275579809004093
0 0.16916666666666666 0.3188949522510232 0.22899999999999998 0.06070941336971351
0 0.16799999999999998 0.410300136425648 0.23133333333333334 0.07162346521145975
0 0.1595 0.4948840381991815 0.22899999999999998 0.05593451568894952
0 0.15766666666666665 0.5808321964529332 0.22999999999999998 0.06480218281036836
0 0.15183333333333332 0.6715552523874488 0.22233333333333333 0.06616643929058663
0 0.1465 0.7568212824010914 0.21166666666666667 0.06480218281036836
0 0.149 0.8410641200545703 0.21933333333333332 0.0572987721691678
0 0.15083333333333332 0.930081855388813 0.22033333333333333 0.06616643929058663
0 0.4943333333333333 0.15552523874488403 0.21533333333333332 0.06616643929058663
0 0.4905 0.24300818553888132 0.20966666666666667 0.062414733969986355
0 0.49 0.32759208731241474 0.21533333333333332 0.05832196452933151
0 0.5078333333333334 0.4140518417462483 0.24833333333333332 0.059345156889495224
0 0.4948333333333333 0.5015347885402456 0.23099999999999998 0.062414733969986355
0 0.497 0.582537517053206 0.23133333333333334 0.059345156889495224
0 0.491 0.6693383356070941 0.21933333333333332 0.08151432469304229
0 0.48466666666666663 0.7540927694406548 0.21266666666666667 0.061391541609822645
0 0.48416666666666663 0.8371418826739427 0.22899999999999998 0.06718963165075034
0 0.4845 0.9236016371077763 0.22366666666666665 0.06821282401091405
0 0.8206666666666667 0.1594474761255116 0.22933333333333333 0.06718963165075034
0 0.8136666666666666 0.24624829467939974 0.21733333333333332 0.06480218281036836
0 0.8131666666666666 0.3298090040927694 0.21633333333333332 0.06275579809004093
0 0.825 0.41575716234652116 0.23133333333333334 0.06070941336971351
0 0.817 0.5057980900409277 0.21933333333333332 0.06275579809004093
0 0.8146666666666667 0.5845839017735335 0.23666666666666666 0.06821282401091405
0 0.8228333333333333 0.6693383356070941 0.23766666666666666 0.059686221009549796
0 0.8131666666666666 0.7573328785811733 0.23566666666666666 0.06377899045020465
0 0.8136666666666666 0.8414051841746248 0.22799999999999998 0.06480218281036836
0 0.82 0.9273533424283765 0.258 0.06070941336971351
