0 0.2720108695652174 0.42991863905325445 0.20597826086956522 0.03069526627218935
0 0.2688858695652174 0.4693971893491124 0.18614130434782608 0.020894970414201183
0 0.25692934782608695 0.5088757396449703 0.1611413043478261 0.037352071005917156
0 0.2692934782608696 0.5526997041420119 0.1766304347826087 0.028476331360946745
0 0.263179347826087 0.5961538461538461 0.1986413043478261 0.027736686390532544
0 0.2797554347826087 0.6384060650887574 0.20298913043478262 0.034208579881656806
0 0.27296195652173916 0.6791789940828402 0.19103260869565217 0.03217455621301775
0 0.28532608695652173 0.7278106508875739 0.21684782608695652 0.03772189349112426
0 0.2770380434782609 0.7726516272189349 0.22744565217391305 0.030140532544378696
0 0.29429347826086955 0.8202662721893491 0.23695652173913043 0.047337278106508875
0 0.46875 0.42677514792899407 0.15108695652173912 0.028106508875739643
0 0.4849184782608696 0.4604289940828402 0.16929347826086957 0.026627218934911243
0 0.49375 0.5036982248520709 0.18967391304347828 0.032914201183431954
0 0.4952445652173913 0.5445636094674556 0.1877717391304348 0.04252958579881657
0 0.5164402173913043 0.5910687869822485 0.21657608695652175 0.04308431952662722
0 0.5061141304347826 0.6354474852071006 0.18722826086956523 0.03938609467455621
0 0.51875 0.6722448224852071 0.2016304347826087 0.04419378698224852
0 0.5099184782608696 0.7196745562130177 0.19483695652173913 0.039571005917159764
0 0.5240489130434782 0.766457100591716 0.2046195652173913 0.039571005917159764
0 0.5205163043478261 0.8149963017751479 0.19320652173913044 0.03901627218934911
0 0.7001358695652175 0.42095044378698226 0.19320652173913044 0.034948224852071004
0 0.6994565217391304 0.46181582840236685 0.17228260869565218 0.03125
0 0.7315217391304348 0.5029585798816568 0.21956521739130436 0.02625739644970414
0 0.7183423913043478 0.540680473372781 0.19483695652173913 0.027736686390532544
0 0.7296195652173914 0.5827477810650887 0.19782608695652174 0.033838757396449703
0 0.7427989130434782 0.624167899408284 0.1970108695652174 0.0323594674556213
0 0.7548913043478261 0.6631841715976331 0.2076086956521739 0.03864644970414201
0 0.753804347826087 0.7120007396449703 0.21141304347826087 0.03864644970414201
0 0.7591032608695653 0.7540680473372781 0.19755434782608697 0.03439349112426036
0 0.778804347826087 0.8015902366863905 0.21739130434782608 0.03587278106508875
