0 0.8593333333333333 0.1837439903846154 0.19866666666666666 0.06760817307692309
0 0.8574999999999999 0.2653245192307692 0.21166666666666667 0.06129807692307693
0 0.8651666666666666 0.34465144230769235 0.213 0.0546875
0 0.8656666666666666 0.4332932692307693 0.21666666666666665 0.06009615384615385
0 0.87 0.5159254807692308 0.21333333333333332 0.05588942307692308
0 0.8664999999999999 0.599609375 0.225 0.06460336538461539
0 0.8718333333333333 0.6918569711538461 0.22633333333333333 0.05138221153846154
0 0.873 0.7765925480769231 0.212 0.057992788461538464
0 0.8711666666666666 0.8683894230769231 0.22233333333333333 0.058894230769230775
0 0.8741666666666666 0.95703125 0.21433333333333332 0.06670673076923077
0 0.5145 0.2041766826923077 0.181 0.05679086538461539
0 0.5163333333333333 0.2824519230769231 0.18933333333333333 0.0546875
0 0.5195 0.36027644230769235 0.181 0.05588942307692308
0 0.52 0.4397536057692308 0.19866666666666666 0.05558894230769231
0 0.517 0.5213341346153847 0.20733333333333331 0.04927884615384616
0 0.5158333333333334 0.6000600961538461 0.21166666666666667 0.05048076923076923
0 0.5216666666666666 0.6828425480769231 0.19533333333333333 0.0634014423076923
0 0.5206666666666666 0.7669771634615385 0.188 0.053786057692307696
0 0.5176666666666666 0.8517127403846154 0.206 0.057992788461538464
0 0.5218333333333334 0.9359975961538463 0.193 0.0655048076923077
0 0.20333333333333334 0.21965144230769232 0.182 0.06430288461538462
0 0.19966666666666666 0.2959735576923077 0.17733333333333332 0.05348557692307693
0 0.189 0.3694411057692308 0.206 0.06099759615384616
0 0.19849999999999998 0.44621394230769235 0.187 0.05588942307692308
0 0.19733333333333333 0.5234375 0.18466666666666667 0.04747596153846154
0 0.20149999999999998 0.6018629807692308 0.181 0.04927884615384616
0 0.19316666666666665 0.6801382211538461 0.19766666666666666 0.057992788461538464
0 0.182 0.7573617788461539 0.21066666666666667 0.053786057692307696
0 0.1795 0.8372896634615385 0.20833333333333331 0.052584134615384616
0 0.1765 0.9188701923076924 0.21433333333333332 0.058894230769230775
