0 0.8673333333333333 0.15633159268929503 0.19333333333333333 0.05548302872062663
0 0.8516666666666667 0.24575718015665796 0.22666666666666666 0.05548302872062663
0 0.8676666666666666 0.3275130548302872 0.19666666666666666 0.05580939947780679
0 0.8461666666666666 0.41726501305483027 0.23099999999999998 0.06298955613577023
0 0.8611666666666666 0.5 0.22566666666666665 0.0587467362924282
0 0.8583333333333333 0.5923629242819843 0.22 0.0587467362924282
0 0.8616666666666667 0.6827676240208878 0.20466666666666666 0.0587467362924282
0 0.8566666666666667 0.7697454308093995 0.21666666666666665 0.054503916449086164
0 0.8604999999999999 0.8629242819843342 0.22233333333333333 0.06201044386422976
0 0.8561666666666666 0.9476174934725848 0.21566666666666667 0.05972584856396867
0 0.5276666666666666 0.14343994778067884 0.22333333333333333 0.0662532637075718
0 0.5338333333333333 0.23107049608355093 0.21766666666666665 0.0587467362924282
0 0.5278333333333333 0.31657963446475196 0.241 0.058093994778067884
0 0.5366666666666666 0.4086161879895561 0.21666666666666665 0.060704960835509136
0 0.5261666666666667 0.49445169712793735 0.21766666666666665 0.0587467362924282
0 0.5195 0.5827349869451697 0.21766666666666665 0.0564621409921671
0 0.5211666666666667 0.6713446475195822 0.20766666666666667 0.057441253263707574
0 0.5211666666666667 0.758485639686684 0.21433333333333332 0.06201044386422976
0 0.5183333333333333 0.851990861618799 0.20666666666666667 0.05319843342036554
0 0.5111666666666667 0.9384791122715405 0.21233333333333332 0.054503916449086164
0 0.19216666666666665 0.12663185378590078 0.22566666666666665 0.06527415143603134
0 0.18833333333333332 0.21360966057441252 0.222 0.06755874673629243
0 0.18783333333333332 0.3033616187989556 0.219 0.05776762402088773
0 0.19166666666666665 0.39343994778067887 0.218 0.0564621409921671
0 0.17666666666666667 0.48857702349869453 0.22333333333333333 0.0685378590078329
0 0.17283333333333334 0.5740861618798956 0.22433333333333333 0.0587467362924282
0 0.175 0.672976501305483 0.218 0.07180156657963446
0 0.16733333333333333 0.7615861618798956 0.22666666666666666 0.07734986945169713
0 0.16433333333333333 0.85411227154047 0.22999999999999998 0.06201044386422976
0 0.16 0.9454960835509139 0.23466666666666666 0.06201044386422976
