0 0.12810479755018714 0.20851326341764342 0.22354542361347396 0.06724244293645898
0 0.1357604627424294 0.2916409623689081 0.24430078257910853 0.050894509561998764
0 0.13286832255869344 0.3752313386798273 0.23579448792106159 0.059531153608883405
0 0.1315073154134059 0.4606724244293646 0.24055801292956788 0.0607649599012955
0 0.13473970738346375 0.5433374460209747 0.24430078257910853 0.05644663787785318
0 0.13525008506294658 0.6303207896360271 0.24328002722014289 0.0607649599012955
0 0.13831235113984347 0.7157618753855645 0.24191902007485538 0.059531153608883405
0 0.13644096631507316 0.7944170265268353 0.23341272541680844 0.053979025293029
0 0.1444368832936373 0.878778531770512 0.24191902007485538 0.05305367057371993
0 0.14069411364409662 0.9597470697100555 0.2371554950663491 0.058297347316471314
0 0.4792446410343654 0.20897594077729797 0.24055801292956788 0.0663170882171499
0 0.48281728479074515 0.2916409623689081 0.24293977543382103 0.05706354102405922
0 0.4792446410343654 0.3736890808143122 0.2310309629125553 0.05644663787785318
0 0.47975501871384824 0.45681677976557683 0.2415787682885335 0.05737199259716225
0 0.4834977883633889 0.5416409623689081 0.22728819326301464 0.05058605798889575
0 0.48281728479074515 0.6176742751388032 0.25791085403198366 0.05521283158544109
0 0.4743109901326982 0.7009561998766194 0.2354542361347397 0.053979025293029
0 0.49081320176930926 0.7823874151758174 0.24191902007485538 0.058297347316471314
0 0.48707043211976864 0.8672115977791487 0.2371554950663491 0.058297347316471314
0 0.48281728479074515 0.9458667489204196 0.24566178972439603 0.059531153608883405
0 0.8121810139503233 0.21560764959901296 0.25042531473290236 0.061690314620604564
0 0.8126913916298061 0.2914867365823566 0.2249064307587615 0.061690314620604564
0 0.8115005103776795 0.3687538556446638 0.2368152432800272 0.059531153608883405
0 0.8150731541340592 0.44648365206662555 0.22966995576726776 0.058297347316471314
0 0.8121810139503233 0.5296113510178903 0.24293977543382103 0.061690314620604564
0 0.8126913916298061 0.6144355336212215 0.22966995576726776 0.054904380012338064
0 0.8145627764545763 0.6937075879086984 0.23341272541680844 0.05058605798889575
0 0.8133718952024498 0.7751388032078964 0.23579448792106159 0.061690314620604564
0 0.8181354202109561 0.8550277606415793 0.2310309629125553 0.06045650832819247
0 0.8247703300442327 0.9355336212214682 0.24430078257910853 0.049352251696483655
