0 0.14983333333333332 0.15194635263330064 0.23099999999999998 0.061171082760876676
0 0.15933333333333333 0.23372587504088976 0.24333333333333332 0.06313379129865881
0 0.1615 0.32368334968923784 0.27899999999999997 0.05135754007196598
0 0.162 0.40333660451422965 0.26866666666666666 0.05364736669937848
0 0.15533333333333332 0.48462544978737326 0.2513333333333333 0.06313379129865881
0 0.1575 0.5794896957801766 0.25766666666666665 0.061171082760876676
0 0.1525 0.6683022571148185 0.24566666666666667 0.06018972849198561
0 0.15466666666666667 0.7494275433431469 0.24333333333333332 0.06542361792607132
0 0.14983333333333332 0.844946025515211 0.24233333333333332 0.06018972849198561
0 0.16366666666666665 0.9295060516846582 0.25666666666666665 0.061171082760876676
0 0.4765 0.14049721949623814 0.24433333333333332 0.06444226365718024
0 0.47866666666666663 0.22244030094864248 0.2513333333333333 0.06215243702976775
0 0.47916666666666663 0.30847235852142624 0.259 0.06215243702976775
0 0.48366666666666663 0.39515865227347075 0.2633333333333333 0.06542361792607132
0 0.48033333333333333 0.4813542688910697 0.23866666666666667 0.056591429506051685
0 0.48483333333333334 0.566895649329408 0.2523333333333333 0.0641151455675499
0 0.47966666666666663 0.6552175335296042 0.24 0.06673209028459275
0 0.487 0.7446843310435067 0.27 0.06444226365718024
0 0.48533333333333334 0.8351324828263004 0.24666666666666665 0.06673209028459275
0 0.492 0.9267255479228002 0.26666666666666666 0.06215243702976775
0 0.8075 0.13297350343473996 0.2623333333333333 0.05986261040235525
0 0.8031666666666666 0.21524370297677461 0.2623333333333333 0.06542361792607132
0 0.8146666666666667 0.30732744520772 0.2633333333333333 0.05332024860974812
0 0.8148333333333333 0.38698070003271184 0.241 0.06673209028459275
0 0.8131666666666666 0.47415767091920186 0.25566666666666665 0.06444226365718024
0 0.8181666666666666 0.5629702322538437 0.261 0.058881256133464184
0 0.8231666666666666 0.6535819430814525 0.2643333333333333 0.06084396467124632
0 0.8258333333333333 0.7435394177298005 0.27899999999999997 0.06673209028459275
0 0.8325 0.8269545305855414 0.2743333333333333 0.07392868825646058
0 0.842 0.9208374223094538 0.2866666666666667 0.06542361792607132
