0 0.17316666666666666 0.19954545454545455 0.26766666666666666 0.061515151515151516
0 0.17733333333333332 0.2822727272727273 0.262 0.05606060606060606
0 0.1655 0.36287878787878786 0.257 0.061515151515151516
0 0.17616666666666667 0.44681818181818184 0.28099999999999997 0.05848484848484849
0 0.1755 0.5306060606060606 0.2796666666666667 0.059393939393939395
0 0.17383333333333334 0.6156060606060606 0.2856666666666667 0.05848484848484849
0 0.17566666666666667 0.7006060606060606 0.2773333333333333 0.06363636363636363
0 0.17266666666666666 0.7839393939393939 0.26666666666666666 0.0703030303030303
0 0.16483333333333333 0.8687878787878788 0.2703333333333333 0.07575757575757576
0 0.16966666666666666 0.9554545454545454 0.2653333333333333 0.06727272727272728
0 0.5178333333333334 0.21181818181818182 0.24766666666666665 0.06060606060606061
0 0.5178333333333334 0.28878787878787876 0.24766666666666665 0.056363636363636366
0 0.522 0.36833333333333335 0.2633333333333333 0.057272727272727274
0 0.519 0.4493939393939394 0.25 0.05515151515151515
0 0.5208333333333334 0.5230303030303031 0.251 0.059393939393939395
0 0.5161666666666667 0.6042424242424242 0.24633333333333332 0.06606060606060606
0 0.5166666666666666 0.6903030303030303 0.24733333333333332 0.06303030303030303
0 0.5233333333333333 0.7709090909090909 0.256 0.059393939393939395
0 0.5196666666666666 0.8557575757575757 0.2633333333333333 0.06060606060606061
0 0.5196666666666666 0.9321212121212121 0.27 0.059393939393939395
0 0.8286666666666667 0.20924242424242423 0.22866666666666666 0.06393939393939393
0 0.834 0.2915151515151515 0.23466666666666666 0.05515151515151515
0 0.8356666666666667 0.3662121212121212 0.24533333333333332 0.061515151515151516
0 0.8321666666666666 0.4396969696969697 0.22833333333333333 0.05515151515151515
0 0.844 0.524090909090909 0.24266666666666667 0.04878787878787879
0 0.8488333333333333 0.6004545454545455 0.255 0.05606060606060606
0 0.85 0.685 0.2593333333333333 0.06272727272727273
0 0.8534999999999999 0.7671212121212121 0.269 0.06272727272727273
0 0.8474999999999999 0.8462121212121212 0.24766666666666665 0.06272727272727273
0 0.8518333333333333 0.9257575757575758 0.249 0.059393939393939395
