0 0.8335015136226034 0.14735213204951858 0.22267070299360914 0.06017881705639615
0 0.8314833501513623 0.23400962861072902 0.22267070299360914 0.06980742778541953
0 0.8355196770938446 0.3172283356258597 0.21661621257988564 0.06430536451169189
0 0.8335015136226034 0.40199449793672626 0.21661621257988564 0.05570839064649243
0 0.8335015136226034 0.483665749656121 0.2246888664648503 0.06017881705639615
0 0.8298015472586613 0.5766850068775791 0.24285233770602085 0.06533700137551582
0 0.8298015472586613 0.6631705639614855 0.23007063572149344 0.056052269601100414
0 0.8318197107299025 0.7481086657496562 0.24487050117726203 0.06430536451169189
0 0.8282879246552304 0.8368294360385145 0.23780692902791792 0.0656808803301238
0 0.8245879582912883 0.9276134800550206 0.24049781365623948 0.07324621733149932
0 0.5129498822737976 0.14150618982118293 0.220652539522368 0.0656808803301238
0 0.5082408341742348 0.22575653370013754 0.25563403969054826 0.058115543328748284
0 0.5020181634712412 0.31172627235213207 0.234443323242516 0.06430536451169189
0 0.5067272115708039 0.3988995873452545 0.22704339051463168 0.05364511691884457
0 0.5008409014463505 0.484353507565337 0.23208879919273462 0.0656808803301238
0 0.5023545240497813 0.5723865199449794 0.23107971745711403 0.06155433287482806
0 0.49663639421459804 0.6583562585969739 0.24520686175580222 0.058803301237964234
0 0.49882273797510934 0.7448418156808804 0.23007063572149344 0.0687757909215956
0 0.5067272115708039 0.8409559834938102 0.2250252270433905 0.06774415405777166
0 0.49663639421459804 0.9312242090784044 0.2384796501849983 0.07427785419532325
0 0.179280188361924 0.12706327372764786 0.24083417423477968 0.06017881705639615
0 0.18718466195761857 0.2173314993122421 0.22906155398587286 0.0687757909215956
0 0.17339387823747057 0.30433287482806054 0.24386141944164144 0.0687757909215956
0 0.1703666330306088 0.3939133425034388 0.25866128489741 0.0656808803301238
0 0.16918937100571813 0.47885144429160936 0.25025227043390513 0.05674002751031637
0 0.16178943827783385 0.5668844566712518 0.248234106962664 0.06980742778541953
0 0.16818028927009754 0.6535419532324622 0.2394887319206189 0.07118294360385144
0 0.15977127480659267 0.7469050894085282 0.2394887319206189 0.0687757909215956
0 0.1580894719138917 0.8373452544704264 0.24487050117726203 0.06671251719394773
0 0.15977127480659267 0.9322558459422283 0.23545240497813658 0.07634112792297111
