0 0.17250000000000001 0.5975 0.24500000000000002 0.0375
0 0.8608333333333333 0.5962500000000001 0.255 0.04
0 0.5083333333333334 0.595625 0.24666666666666667 0.04125
0 0.17250000000000001 0.543125 0.23500000000000001 0.03625
0 0.49833333333333335 0.545625 0.22666666666666668 0.043750000000000004
0 0.8450000000000001 0.5437500000000001 0.23 0.0475
0 0.8508333333333334 0.49062500000000003 0.24500000000000002 0.03625
0 0.1691666666666667 0.48875 0.225 0.04
0 0.17 0.44125000000000003 0.22333333333333336 0.0375
0 0.8416666666666667 0.435625 0.22666666666666668 0.03875
0 0.17750000000000002 0.39 0.2316666666666667 0.035
0 0.5058333333333334 0.388125 0.23833333333333334 0.03625
0 0.8516666666666667 0.38125000000000003 0.24666666666666667 0.0325
0 0.17750000000000002 0.341875 0.22833333333333336 0.03625
0 0.5025000000000001 0.335 0.22833333333333336 0.04
0 0.8525 0.32875 0.24833333333333335 0.0375
0 0.5 0.284375 0.23333333333333334 0.03625
0 0.8475 0.27187500000000003 0.24500000000000002 0.03875
0 0.4991666666666667 0.234375 0.22166666666666668 0.03625
0 0.8433333333333334 0.22375 0.24000000000000002 0.0325
0 0.17666666666666667 0.196875 0.22 0.03875
0 0.5008333333333334 0.18375 0.2316666666666667 0.0375
0 0.8408333333333334 0.17125 0.23500000000000001 0.0325
0 0.17500000000000002 0.143125 0.21333333333333335 0.03875
0 0.4941666666666667 0.12875 0.225 0.0375
0 0.8416666666666667 0.116875 0.2366666666666667 0.03875
0 0.17750000000000002 0.2425 0.225 0.0375
0 0.18416666666666667 0.29 0.23500000000000001 0.0375
0 0.51 0.439375 0.25333333333333335 0.03875
0 0.5158333333333334 0.489375 0.24833333333333335 0.04125
