0 0.8448333333333333 0.21215842800122814 0.24166666666666667 0.05587964384402825
0 0.8371666666666666 0.3004298434141848 0.257 0.059256984955480506
0 0.8503333333333333 0.3797973595333129 0.24733333333333332 0.05587964384402825
0 0.8383333333333333 0.45609456555112066 0.262 0.048203868590727665
0 0.8341666666666666 0.5362296591955787 0.2703333333333333 0.059256984955480506
0 0.8401666666666666 0.618821000921093 0.251 0.06908197727970525
0 0.8373333333333333 0.697420939514891 0.25 0.059256984955480506
0 0.8323333333333333 0.7790911882100092 0.2833333333333333 0.058028860914952414
0 0.8288333333333333 0.8596868283696654 0.257 0.05710776788455634
0 0.8283333333333333 0.9439668406509057 0.26066666666666666 0.06355541909732883
0 0.502 0.21860607921400063 0.22733333333333333 0.07123119435062941
0 0.5003333333333333 0.2921400061406202 0.22133333333333333 0.0604851089960086
0 0.5003333333333333 0.37442431685600247 0.24266666666666667 0.06478354313785693
0 0.4973333333333333 0.4517961314092724 0.24866666666666665 0.059256984955480506
0 0.4945 0.5290144304574762 0.23566666666666666 0.058335891925084433
0 0.49866666666666665 0.6020878108688977 0.22733333333333333 0.06140620202640467
0 0.495 0.6819158735032238 0.23933333333333331 0.05710776788455634
0 0.4885 0.763739637703408 0.243 0.06908197727970525
0 0.4943333333333333 0.8443352778630642 0.22133333333333333 0.06140620202640467
0 0.48733333333333334 0.9238563094872583 0.23333333333333334 0.06017807798587658
0 0.18483333333333332 0.2209088117899908 0.21433333333333332 0.058028860914952414
0 0.1825 0.2921400061406202 0.22633333333333333 0.06232729505680074
0 0.17716666666666667 0.368283696653362 0.23433333333333334 0.059256984955480506
0 0.1735 0.44396684065090575 0.23433333333333334 0.05710776788455634
0 0.17533333333333334 0.5256370893460239 0.23333333333333334 0.05587964384402825
0 0.17049999999999998 0.6002456248081056 0.23566666666666666 0.05587964384402825
0 0.1645 0.6793061099171016 0.24766666666666665 0.06478354313785693
0 0.164 0.7559103469450414 0.23666666666666666 0.05587964384402825
0 0.16466666666666666 0.8388087196806878 0.23333333333333334 0.07000307031010132
0 0.1515 0.919404359840344 0.243 0.06478354313785693
