0 0.843346911065852 0.1421138211382114 0.24202308214528173 0.05658536585365854
0 0.8377460964019009 0.22666666666666666 0.25118805159538354 0.058536585365853655
0 0.8411405295315681 0.3068292682926829 0.25594025797691783 0.04780487804878049
0 0.8360488798370672 0.38113821138211385 0.2566191446028513 0.061788617886178863
0 0.8331636116768499 0.46731707317073173 0.2556008146639511 0.05203252032520325
0 0.8348608282416836 0.547479674796748 0.24541751527494907 0.0608130081300813
0 0.8411405295315681 0.630569105691057 0.24643584521384929 0.055284552845528454
0 0.8304480651731161 0.7139837398373984 0.25695858791581805 0.06406504065040651
0 0.8287508486082824 0.8022764227642276 0.24881194840461643 0.05658536585365854
0 0.8236591989137814 0.8813008130081301 0.25899524779361843 0.058536585365853655
0 0.5174813306177868 0.13170731707317074 0.2603530210454854 0.061788617886178863
0 0.5159538357094365 0.21252032520325204 0.23421588594704684 0.0608130081300813
0 0.5108621860149355 0.29121951219512193 0.24439918533604887 0.05951219512195122
0 0.5135777325186693 0.3767479674796748 0.2701968771215207 0.06601626016260162
0 0.5027155465037338 0.45707317073170733 0.26476578411405294 0.05951219512195122
0 0.4983027834351663 0.5365853658536586 0.2803801765105227 0.058536585365853655
0 0.4927019687712152 0.6234146341463415 0.2535641547861507 0.05658536585365854
0 0.4943991853360489 0.7052032520325203 0.2725729803122878 0.053008130081300814
0 0.49541751527494904 0.7936585365853659 0.26578411405295316 0.06731707317073171
0 0.4874405974202308 0.8770731707317073 0.27494908350305497 0.06048780487804878
0 0.18499660556687034 0.11772357723577236 0.24439918533604887 0.06829268292682927
0 0.1763408010862186 0.20390243902439023 0.25695858791581805 0.058536585365853655
0 0.1763408010862186 0.2868292682926829 0.25899524779361843 0.061788617886178863
0 0.1763408010862186 0.36097560975609755 0.26578411405295316 0.058536585365853655
0 0.17073998642226748 0.4505691056910569 0.2729124236252546 0.06601626016260162
0 0.16395112016293278 0.5295934959349593 0.27970128988458925 0.0575609756097561
0 0.15936863543788188 0.6169105691056911 0.27053632043448744 0.06504065040650406
0 0.15546503733876443 0.6949593495934959 0.26272912423625255 0.06504065040650406
0 0.15953835709436523 0.7848780487804878 0.2545824847250509 0.0608130081300813
0 0.14579090291921248 0.8689430894308943 0.27053632043448744 0.06373983739837398
