0 0.17433333333333334 0.20018337408312958 0.23199999999999998 0.05990220048899755
0 0.17316666666666666 0.2869804400977995 0.24633333333333332 0.06540342298288508
0 0.17983333333333332 0.36124694376528116 0.25966666666666666 0.06540342298288508
0 0.1745 0.44147310513447435 0.24633333333333332 0.06204156479217604
0 0.17916666666666667 0.5145171149144254 0.26766666666666666 0.060207823960880195
0 0.19466666666666665 0.5970354523227384 0.2846666666666667 0.05470660146699267
0 0.18033333333333332 0.6743581907090465 0.2633333333333333 0.0632640586797066
0 0.1845 0.7562652811735942 0.24766666666666665 0.06998777506112469
0 0.17383333333333334 0.8377139364303179 0.2523333333333333 0.06234718826405868
0 0.18633333333333332 0.9199266503667481 0.268 0.061124694376528114
0 0.5041666666666667 0.2116442542787286 0.22766666666666666 0.0632640586797066
0 0.5041666666666667 0.2869804400977995 0.239 0.061124694376528114
0 0.5231666666666667 0.36124694376528116 0.24633333333333332 0.054400977995110025
0 0.5215 0.4382640586797066 0.2643333333333333 0.055623471882640586
0 0.5053333333333333 0.5129889975550123 0.23666666666666666 0.058985330073349634
0 0.5118333333333334 0.5872555012224939 0.23566666666666666 0.058985330073349634
0 0.5231666666666667 0.6667176039119804 0.25366666666666665 0.0632640586797066
0 0.5243333333333333 0.7458740831295844 0.2653333333333333 0.06448655256723716
0 0.5275 0.8271699266503667 0.28099999999999997 0.058985330073349634
0 0.5173333333333333 0.9139669926650367 0.256 0.06876528117359414
0 0.8278333333333333 0.21057457212713937 0.24166666666666667 0.07212713936430318
0 0.828 0.2914119804400978 0.23933333333333331 0.05226161369193154
0 0.8215 0.3650672371638142 0.23566666666666666 0.06448655256723716
0 0.8261666666666666 0.43765281173594134 0.23566666666666666 0.05684596577017115
0 0.8255 0.5096271393643031 0.24166666666666667 0.05470660146699267
0 0.8375 0.5860330073349633 0.239 0.05470660146699267
0 0.8403333333333333 0.6624388753056235 0.25 0.0632640586797066
0 0.8213333333333334 0.7405256723716381 0.20466666666666666 0.05990220048899755
0 0.8458333333333333 0.8152506112469438 0.2583333333333333 0.056540342298288505
0 0.8411666666666666 0.9009779951100244 0.2583333333333333 0.06662591687041565
