0 0.8335 0.1355124276472591 0.21633333333333332 0.06264896152536602
0 0.8383333333333333 0.21637725570309838 0.21066666666666667 0.061627511065713306
0 0.8381666666666666 0.2975825672454886 0.20433333333333334 0.061287027579162406
0 0.8338333333333333 0.3745318352059925 0.22366666666666665 0.05924412665985699
0 0.8366666666666667 0.45897173987061624 0.214 0.05924412665985699
0 0.8415 0.5398365679264555 0.213 0.05141300646918624
0 0.833 0.6222335716717738 0.21066666666666667 0.0602655771195097
0 0.8371666666666666 0.703438883214164 0.241 0.06264896152536602
0 0.8328333333333333 0.7892407218249914 0.22366666666666665 0.06469186244467143
0 0.8405 0.8857677902621722 0.23233333333333334 0.06707524685052775
0 0.5226666666666666 0.12631937351038475 0.24866666666666665 0.05924412665985699
0 0.534 0.20531154239019406 0.21533333333333332 0.05924412665985699
0 0.5291666666666667 0.2849846782431052 0.21633333333333332 0.05583929179434797
0 0.5221666666666667 0.36465781409601633 0.217 0.06605379639087504
0 0.5161666666666667 0.4487572352740892 0.255 0.05379639087504256
0 0.5168333333333334 0.529792305073204 0.241 0.06264896152536602
0 0.521 0.612870275791624 0.23666666666666666 0.061287027579162406
0 0.5171666666666667 0.7022471910112359 0.24166666666666667 0.07797071842015661
0 0.515 0.7941777323799795 0.24 0.061627511065713306
0 0.507 0.8835546475995913 0.254 0.07150153217568947
0 0.23399999999999999 0.11865849506298944 0.19999999999999998 0.054817841334695264
0 0.22633333333333333 0.1905005107252298 0.21066666666666667 0.058222676200204285
0 0.20166666666666666 0.2723867892407218 0.24733333333333332 0.05720122574055158
0 0.20199999999999999 0.353592100783112 0.25266666666666665 0.061627511065713306
0 0.20149999999999998 0.43496765406877763 0.2603333333333333 0.07048008171603677
0 0.19183333333333333 0.5228123935989104 0.25366666666666665 0.06367041198501872
0 0.17683333333333331 0.6057201225740552 0.271 0.06264896152536602
0 0.18433333333333332 0.691351719441607 0.24933333333333332 0.058222676200204285
0 0.195 0.7802179094313925 0.21933333333333332 0.06707524685052775
0 0.192 0.8692543411644534 0.23866666666666667 0.05583929179434797
