0 0.7777777777777778 0.25104166666666666 0.1851851851851852 0.03263888888888889
0 0.7777777777777778 0.29409722222222223 0.1851851851851852 0.03958333333333333
0 0.7805555555555556 0.3340277777777778 0.17222222222222222 0.036111111111111115
0 0.7726851851851853 0.37604166666666666 0.1824074074074074 0.03680555555555556
0 0.775 0.421875 0.17962962962962964 0.03958333333333333
0 0.7768518518518519 0.4673611111111111 0.17592592592592593 0.04027777777777778
0 0.7662037037037037 0.5135416666666667 0.18981481481481483 0.03819444444444445
0 0.7625000000000001 0.5611111111111111 0.20833333333333334 0.04583333333333334
0 0.7611111111111112 0.6100694444444444 0.20555555555555557 0.03958333333333333
0 0.7611111111111112 0.6576388888888889 0.20740740740740743 0.03888888888888889
0 0.5486111111111112 0.23854166666666668 0.1712962962962963 0.029861111111111113
0 0.5486111111111112 0.28055555555555556 0.18796296296296297 0.03194444444444445
0 0.5356481481481482 0.325 0.2064814814814815 0.0375
0 0.5333333333333333 0.3701388888888889 0.20740740740740743 0.036111111111111115
0 0.5356481481481482 0.40972222222222227 0.2064814814814815 0.030555555555555558
0 0.5328703703703704 0.45763888888888893 0.2064814814814815 0.03194444444444445
0 0.5185185185185185 0.49930555555555556 0.21481481481481482 0.03194444444444445
0 0.5203703703703704 0.5479166666666667 0.21666666666666667 0.03333333333333333
0 0.5125000000000001 0.5986111111111111 0.22685185185185186 0.036111111111111115
0 0.5106481481481482 0.6458333333333334 0.21944444444444444 0.043055555555555555
0 0.31666666666666665 0.2357638888888889 0.17407407407407408 0.029861111111111113
0 0.30972222222222223 0.27881944444444445 0.19907407407407407 0.03263888888888889
0 0.2962962962962963 0.32256944444444446 0.20370370370370372 0.03125
0 0.2962962962962963 0.3628472222222222 0.21481481481481482 0.029861111111111113
0 0.2837962962962963 0.40347222222222223 0.20462962962962963 0.036111111111111115
0 0.2837962962962963 0.44409722222222225 0.20833333333333334 0.029861111111111113
0 0.27824074074074073 0.4902777777777778 0.20462962962962963 0.029166666666666667
0 0.26805555555555555 0.5368055555555555 0.23055555555555557 0.043055555555555555
0 0.26481481481481484 0.5861111111111111 0.21481481481481482 0.036111111111111115
0 0.26203703703703707 0.6361111111111112 0.20370370370370372 0.04722222222222222
