0 0.7467592592592592 0.21493055555555557 0.17685185185185187 0.035416666666666666
0 0.7490740740740741 0.25972222222222224 0.1574074074074074 0.0375
0 0.7527777777777778 0.3013888888888889 0.17407407407407408 0.02638888888888889
0 0.7560185185185185 0.3458333333333333 0.14907407407407408 0.02777777777777778
0 0.7615740740740741 0.38784722222222223 0.17500000000000002 0.035416666666666666
0 0.7537037037037038 0.4357638888888889 0.17407407407407408 0.03125
0 0.7671296296296296 0.48506944444444444 0.19351851851851853 0.03680555555555556
0 0.7657407407407407 0.5274305555555556 0.17962962962962964 0.03819444444444445
0 0.7495370370370371 0.576388888888889 0.19907407407407407 0.036111111111111115
0 0.7425925925925926 0.6260416666666667 0.21296296296296297 0.03958333333333333
0 0.5273148148148148 0.21284722222222224 0.1824074074074074 0.035416666666666666
0 0.5212962962962964 0.2559027777777778 0.18333333333333335 0.03263888888888889
0 0.5212962962962964 0.30069444444444443 0.17777777777777778 0.03194444444444445
0 0.5143518518518518 0.3440972222222222 0.1824074074074074 0.03958333333333333
0 0.5148148148148148 0.3861111111111111 0.19074074074074074 0.03194444444444445
0 0.5055555555555555 0.4322916666666667 0.20370370370370372 0.03402777777777778
0 0.5097222222222222 0.47847222222222224 0.19722222222222224 0.03333333333333333
0 0.5032407407407408 0.5253472222222222 0.20277777777777778 0.03402777777777778
0 0.512962962962963 0.576388888888889 0.17962962962962964 0.03888888888888889
0 0.5074074074074074 0.6218750000000001 0.20185185185185187 0.03125
0 0.2972222222222222 0.21909722222222222 0.18703703703703706 0.035416666666666666
0 0.300462962962963 0.26145833333333335 0.18425925925925926 0.025694444444444447
0 0.29074074074074074 0.3045138888888889 0.19074074074074074 0.03125
0 0.287962962962963 0.3454861111111111 0.19074074074074074 0.029861111111111113
0 0.28750000000000003 0.3857638888888889 0.19166666666666668 0.035416666666666666
0 0.2902777777777778 0.4354166666666667 0.18981481481481483 0.034722222222222224
0 0.28240740740740744 0.478125 0.2 0.03263888888888889
0 0.2689814814814815 0.5277777777777778 0.21203703703703705 0.029166666666666667
0 0.27592592592592596 0.5659722222222222 0.20370370370370372 0.0375
0 0.26944444444444443 0.6173611111111111 0.1851851851851852 0.0375
