0 0.7916666666666667 0.6525 0.23333333333333334 0.05
0 0.4841666666666667 0.645625 0.21500000000000002 0.03875
0 0.19583333333333336 0.64375 0.21500000000000002 0.0425
0 0.1975 0.586875 0.21500000000000002 0.03125
0 0.7791666666666667 0.5825 0.21500000000000002 0.035
0 0.4841666666666667 0.581875 0.21833333333333335 0.04125
0 0.19 0.5275 0.2066666666666667 0.0325
0 0.7733333333333334 0.519375 0.21000000000000002 0.03375
0 0.7716666666666667 0.458125 0.21333333333333335 0.03375
0 0.18583333333333335 0.355 0.20833333333333334 0.0375
0 0.18000000000000002 0.2925 0.2 0.035
0 0.78 0.275 0.2366666666666667 0.0375
0 0.775 0.21375 0.23 0.0375
0 0.77 0.15125 0.22333333333333336 0.035
0 0.4666666666666667 0.109375 0.21000000000000002 0.03625
0 0.77 0.091875 0.22666666666666668 0.03875
0 0.19166666666666668 0.124375 0.25333333333333335 0.04125
0 0.18333333333333335 0.1775 0.21000000000000002 0.045
0 0.47750000000000004 0.17375000000000002 0.22166666666666668 0.04
0 0.19333333333333336 0.235625 0.21666666666666667 0.03875
0 0.4783333333333334 0.2225 0.23333333333333334 0.0475
0 0.4816666666666667 0.28500000000000003 0.22666666666666668 0.0525
0 0.4691666666666667 0.345625 0.20833333333333334 0.04875
0 0.785 0.33625 0.24000000000000002 0.045
0 0.7833333333333334 0.39687500000000003 0.2366666666666667 0.04625
0 0.4808333333333334 0.40125 0.22833333333333336 0.045
0 0.1925 0.41375 0.225 0.045
0 0.19166666666666668 0.469375 0.22666666666666668 0.04125
0 0.48750000000000004 0.469375 0.22833333333333336 0.04875
0 0.4708333333333334 0.52875 0.195 0.04
