0 0.76 0.638125 0.21000000000000002 0.03625
0 0.17583333333333334 0.584375 0.21833333333333335 0.03875
0 0.7683333333333334 0.5725 0.22 0.0425
0 0.4691666666666667 0.465 0.20500000000000002 0.04
0 0.4733333333333334 0.2925 0.21333333333333335 0.045
0 0.4758333333333334 0.229375 0.21833333333333335 0.03125
0 0.76 0.176875 0.21666666666666667 0.03375
0 0.4741666666666667 0.17375000000000002 0.21166666666666667 0.0375
0 0.7583333333333334 0.12687500000000002 0.21333333333333335 0.04625
0 0.4708333333333334 0.114375 0.20833333333333334 0.03625
0 0.18333333333333335 0.10625 0.21000000000000002 0.0375
0 0.18416666666666667 0.163125 0.22166666666666668 0.043750000000000004
0 0.18583333333333335 0.225 0.22833333333333336 0.0425
0 0.17916666666666667 0.28 0.21500000000000002 0.04
0 0.7666666666666667 0.234375 0.23 0.04125
0 0.7625000000000001 0.294375 0.2316666666666667 0.04875
0 0.7608333333333334 0.351875 0.22833333333333336 0.04625
0 0.765 0.405 0.23333333333333334 0.04
0 0.7658333333333334 0.46625 0.225 0.04
0 0.7641666666666667 0.51625 0.22166666666666668 0.04
0 0.18500000000000003 0.34375 0.24000000000000002 0.045
0 0.17916666666666667 0.4025 0.22833333333333336 0.0475
0 0.1691666666666667 0.465625 0.21833333333333335 0.04875
0 0.18166666666666667 0.51875 0.24000000000000002 0.04
0 0.48250000000000004 0.3525 0.2316666666666667 0.0525
0 0.4758333333333334 0.406875 0.21833333333333335 0.043750000000000004
0 0.47500000000000003 0.521875 0.21333333333333335 0.04625
0 0.48333333333333334 0.5750000000000001 0.23333333333333334 0.04
0 0.1716666666666667 0.64375 0.22666666666666668 0.05
0 0.47750000000000004 0.645 0.2316666666666667 0.0425
