0 0.2816666666666667 0.629375 0.26666666666666666 0.04125
0 0.5491666666666667 0.514375 0.2016666666666667 0.03375
0 0.8308333333333334 0.40625 0.18833333333333335 0.035
0 0.26333333333333336 0.395625 0.22 0.03125
0 0.5666666666666667 0.233125 0.17 0.03625
0 0.26416666666666666 0.224375 0.21500000000000002 0.03625
0 0.5666666666666667 0.17625 0.18333333333333335 0.0325
0 0.8425 0.129375 0.16166666666666668 0.03375
0 0.5433333333333333 0.11750000000000001 0.22333333333333336 0.035
0 0.2758333333333334 0.109375 0.21500000000000002 0.04125
0 0.26166666666666666 0.160625 0.22666666666666668 0.04125
0 0.26833333333333337 0.28500000000000003 0.2366666666666667 0.0425
0 0.26083333333333336 0.341875 0.225 0.043750000000000004
0 0.26166666666666666 0.45687500000000003 0.22666666666666668 0.05625
0 0.25583333333333336 0.51875 0.24166666666666667 0.045
0 0.26833333333333337 0.571875 0.24000000000000002 0.043750000000000004
0 0.8208333333333334 0.1875 0.22833333333333336 0.0475
0 0.8208333333333334 0.24125 0.21166666666666667 0.04
0 0.8141666666666667 0.30375 0.22833333333333336 0.05
0 0.8250000000000001 0.355 0.22333333333333336 0.05
0 0.8216666666666668 0.46125 0.22333333333333336 0.035
0 0.8258333333333334 0.51875 0.22166666666666668 0.05
0 0.8216666666666668 0.576875 0.21333333333333335 0.043750000000000004
0 0.8183333333333334 0.629375 0.23 0.03875
0 0.5516666666666667 0.285625 0.22333333333333336 0.04875
0 0.5491666666666667 0.345625 0.21166666666666667 0.04125
0 0.5533333333333333 0.4025 0.23333333333333334 0.045
0 0.5508333333333334 0.45875 0.23500000000000001 0.04
0 0.555 0.5725 0.21666666666666667 0.0425
0 0.545 0.63625 0.21666666666666667 0.05
