0 0.7975000000000001 0.664375 0.21166666666666667 0.03875
0 0.8008333333333334 0.6025 0.20833333333333334 0.0425
0 0.5075000000000001 0.48875 0.21166666666666667 0.03
0 0.24166666666666667 0.4875 0.2 0.0325
0 0.24083333333333334 0.215 0.21500000000000002 0.0375
0 0.26 0.15812500000000002 0.17666666666666667 0.03125
0 0.5008333333333334 0.161875 0.23833333333333334 0.03875
0 0.8 0.150625 0.24666666666666667 0.04875
0 0.7966666666666667 0.21375 0.24000000000000002 0.05
0 0.7975000000000001 0.26625 0.24500000000000002 0.045
0 0.7883333333333333 0.320625 0.24333333333333335 0.03875
0 0.78 0.380625 0.24666666666666667 0.051250000000000004
0 0.7833333333333334 0.433125 0.25333333333333335 0.043750000000000004
0 0.7791666666666667 0.491875 0.25833333333333336 0.04625
0 0.7766666666666667 0.545625 0.26 0.04125
0 0.51 0.21937500000000001 0.23333333333333334 0.04875
0 0.5025000000000001 0.26937500000000003 0.24166666666666667 0.04125
0 0.4991666666666667 0.323125 0.24833333333333335 0.04625
0 0.5016666666666667 0.3825 0.24000000000000002 0.045
0 0.5058333333333334 0.435 0.23500000000000001 0.0375
0 0.5125000000000001 0.548125 0.22166666666666668 0.043750000000000004
0 0.51 0.600625 0.23333333333333334 0.04125
0 0.51 0.66125 0.22 0.055
0 0.24166666666666667 0.268125 0.21666666666666667 0.043750000000000004
0 0.24250000000000002 0.32 0.21500000000000002 0.04
0 0.24500000000000002 0.37375 0.21000000000000002 0.05
0 0.2391666666666667 0.4325 0.20833333333333334 0.045
0 0.22 0.545625 0.24666666666666667 0.03875
0 0.2275 0.59875 0.2516666666666667 0.04
0 0.225 0.65 0.26 0.0475
