0 0.8358333333333334 0.473125 0.2316666666666667 0.03625
0 0.8291666666666667 0.42562500000000003 0.2316666666666667 0.03625
0 0.5008333333333334 0.37875000000000003 0.22833333333333336 0.04
0 0.8283333333333334 0.379375 0.22666666666666668 0.03875
0 0.5 0.32875 0.22 0.04
0 0.8241666666666667 0.326875 0.225 0.03375
0 0.5025000000000001 0.28 0.2316666666666667 0.0325
0 0.8183333333333334 0.280625 0.21666666666666667 0.03375
0 0.8191666666666667 0.23375 0.225 0.0325
0 0.49833333333333335 0.233125 0.22333333333333336 0.03375
0 0.18250000000000002 0.230625 0.24166666666666667 0.03625
0 0.8158333333333334 0.18812500000000001 0.21833333333333335 0.03625
0 0.49750000000000005 0.185 0.22166666666666668 0.03
0 0.17583333333333334 0.184375 0.22833333333333336 0.03625
0 0.18166666666666667 0.279375 0.23333333333333334 0.03375
0 0.18333333333333335 0.330625 0.24666666666666667 0.03375
0 0.17666666666666667 0.3775 0.2366666666666667 0.0425
0 0.16833333333333333 0.429375 0.23 0.03875
0 0.18583333333333335 0.478125 0.25833333333333336 0.03625
0 0.16833333333333333 0.53 0.23 0.0375
0 0.17416666666666666 0.583125 0.23833333333333334 0.03875
0 0.18500000000000003 0.638125 0.25333333333333335 0.04625
0 0.5083333333333334 0.42625 0.23 0.0375
0 0.5016666666666667 0.474375 0.23 0.03375
0 0.51 0.5275 0.24333333333333335 0.0375
0 0.525 0.58 0.2566666666666667 0.04
0 0.5208333333333334 0.630625 0.24833333333333335 0.03875
0 0.8383333333333334 0.525625 0.22333333333333336 0.03375
0 0.8466666666666667 0.57375 0.2366666666666667 0.04
0 0.8541666666666667 0.628125 0.24500000000000002 0.03375
