0 0.18916666666666668 0.464375 0.20833333333333334 0.03625
0 0.19416666666666668 0.40750000000000003 0.21500000000000002 0.04
0 0.2 0.35375 0.22666666666666668 0.03
0 0.20833333333333334 0.1325 0.24000000000000002 0.045
0 0.4633333333333334 0.133125 0.23333333333333334 0.043750000000000004
0 0.7558333333333334 0.11875000000000001 0.23500000000000001 0.04
0 0.7466666666666667 0.176875 0.23 0.04625
0 0.7483333333333334 0.234375 0.24000000000000002 0.04125
0 0.7733333333333334 0.294375 0.26333333333333336 0.04875
0 0.76 0.351875 0.26333333333333336 0.043750000000000004
0 0.7658333333333334 0.41250000000000003 0.265 0.0475
0 0.7608333333333334 0.471875 0.2516666666666667 0.05625
0 0.7675000000000001 0.52875 0.265 0.045
0 0.7625000000000001 0.5825 0.24833333333333335 0.045
0 0.7625000000000001 0.6431250000000001 0.24833333333333335 0.04625
0 0.20750000000000002 0.18937500000000002 0.24166666666666667 0.04875
0 0.1875 0.245 0.22833333333333336 0.0425
0 0.1925 0.296875 0.22833333333333336 0.03625
0 0.47000000000000003 0.1875 0.24333333333333335 0.0375
0 0.4708333333333334 0.24 0.2316666666666667 0.0425
0 0.4591666666666667 0.3 0.21500000000000002 0.06
0 0.455 0.36125 0.22 0.05
0 0.4608333333333334 0.414375 0.21500000000000002 0.04875
0 0.47250000000000003 0.468125 0.2516666666666667 0.043750000000000004
0 0.47750000000000004 0.525 0.24833333333333335 0.05
0 0.4766666666666667 0.58 0.26 0.0425
0 0.48333333333333334 0.63625 0.26333333333333336 0.045
0 0.19083333333333335 0.51625 0.2316666666666667 0.05
0 0.18833333333333335 0.58 0.22666666666666668 0.04
0 0.18500000000000003 0.63 0.22 0.0475
