0 0.8 0.66625 0.22333333333333336 0.0375
0 0.535 0.655 0.17333333333333334 0.0375
0 0.26083333333333336 0.645625 0.17500000000000002 0.03375
0 0.535 0.598125 0.17666666666666667 0.03375
0 0.24416666666666667 0.59 0.20833333333333334 0.0375
0 0.26416666666666666 0.5375 0.17833333333333334 0.03
0 0.5258333333333334 0.544375 0.19833333333333333 0.043750000000000004
0 0.24916666666666668 0.48625 0.21166666666666667 0.04
0 0.26333333333333336 0.4275 0.19 0.03
0 0.8175 0.215 0.2016666666666667 0.0325
0 0.5441666666666667 0.163125 0.18833333333333335 0.02875
0 0.8083333333333333 0.160625 0.23 0.03375
0 0.26333333333333336 0.16125 0.22666666666666668 0.03
0 0.5358333333333334 0.22062500000000002 0.21166666666666667 0.051250000000000004
0 0.26166666666666666 0.214375 0.2366666666666667 0.04125
0 0.26083333333333336 0.26687500000000003 0.22833333333333336 0.043750000000000004
0 0.53 0.26687500000000003 0.22 0.03625
0 0.8233333333333334 0.27 0.2066666666666667 0.05
0 0.8191666666666667 0.325 0.20500000000000002 0.0325
0 0.5241666666666667 0.33 0.22166666666666668 0.0475
0 0.26666666666666666 0.3225 0.2066666666666667 0.0425
0 0.255 0.375 0.21333333333333335 0.0425
0 0.5216666666666667 0.38375000000000004 0.22666666666666668 0.045
0 0.8158333333333334 0.3825 0.21166666666666667 0.045
0 0.8025000000000001 0.439375 0.225 0.04875
0 0.5283333333333333 0.435 0.21666666666666667 0.04
0 0.5266666666666667 0.48562500000000003 0.2 0.04125
0 0.81 0.500625 0.2066666666666667 0.03875
0 0.7991666666666667 0.555 0.24500000000000002 0.05
0 0.8 0.606875 0.24000000000000002 0.043750000000000004
