0 0.5225000000000001 0.66 0.24500000000000002 0.0375
0 0.2275 0.65625 0.2016666666666667 0.035
0 0.49833333333333335 0.6012500000000001 0.20333333333333334 0.03
0 0.23500000000000001 0.601875 0.21000000000000002 0.03125
0 0.23500000000000001 0.171875 0.2066666666666667 0.043750000000000004
0 0.505 0.166875 0.22 0.03375
0 0.23083333333333333 0.22625 0.20500000000000002 0.04
0 0.22333333333333336 0.27625 0.21000000000000002 0.045
0 0.2225 0.33 0.20500000000000002 0.0375
0 0.22583333333333336 0.385 0.21166666666666667 0.0425
0 0.23 0.44 0.20333333333333334 0.04
0 0.2341666666666667 0.496875 0.21500000000000002 0.043750000000000004
0 0.2366666666666667 0.545 0.23333333333333334 0.04
0 0.5025000000000001 0.2175 0.21833333333333335 0.0375
0 0.5033333333333334 0.27187500000000003 0.22 0.03625
0 0.48833333333333334 0.326875 0.21333333333333335 0.03375
0 0.5041666666666667 0.385 0.21833333333333335 0.05
0 0.5033333333333334 0.441875 0.23333333333333334 0.03375
0 0.49333333333333335 0.49375 0.19666666666666668 0.05
0 0.49000000000000005 0.546875 0.19666666666666668 0.03375
0 0.7716666666666667 0.15875 0.21333333333333335 0.04
0 0.7775000000000001 0.209375 0.24833333333333335 0.03875
0 0.785 0.26937500000000003 0.24666666666666667 0.04125
0 0.7791666666666667 0.320625 0.22833333333333336 0.04875
0 0.7725000000000001 0.38 0.225 0.0475
0 0.7658333333333334 0.435625 0.21166666666666667 0.04125
0 0.7808333333333334 0.49062500000000003 0.22833333333333336 0.04125
0 0.78 0.548125 0.24333333333333335 0.04625
0 0.7783333333333334 0.6075 0.22666666666666668 0.045
0 0.7841666666666667 0.6637500000000001 0.23500000000000001 0.05
