0 0.1975 0.683125 0.195 0.03625
0 0.78 0.67375 0.23333333333333334 0.05
0 0.2066666666666667 0.62125 0.21666666666666667 0.0375
0 0.48000000000000004 0.558125 0.2 0.03125
0 0.2041666666666667 0.4525 0.22166666666666668 0.03
0 0.7508333333333334 0.44125000000000003 0.195 0.0325
0 0.21083333333333334 0.400625 0.23500000000000001 0.03875
0 0.7441666666666668 0.386875 0.18500000000000003 0.03375
0 0.4633333333333334 0.336875 0.17666666666666667 0.03625
0 0.7541666666666668 0.33125 0.20833333333333334 0.0375
0 0.4691666666666667 0.28125 0.19833333333333333 0.0325
0 0.7458333333333333 0.274375 0.19833333333333333 0.03125
0 0.7516666666666667 0.21875 0.21333333333333335 0.035
0 0.7416666666666667 0.165 0.19666666666666668 0.0325
0 0.19166666666666668 0.17125 0.24000000000000002 0.045
0 0.2025 0.225625 0.24833333333333335 0.04875
0 0.1975 0.28625 0.23500000000000001 0.045
0 0.20083333333333334 0.344375 0.22833333333333336 0.04875
0 0.19833333333333333 0.51375 0.23333333333333334 0.045
0 0.19833333333333333 0.5675 0.22 0.035
0 0.4758333333333334 0.17375000000000002 0.22166666666666668 0.055
0 0.4766666666666667 0.225625 0.22333333333333336 0.03875
0 0.48250000000000004 0.395625 0.22166666666666668 0.04125
0 0.49333333333333335 0.453125 0.2366666666666667 0.04625
0 0.49083333333333334 0.505 0.24500000000000002 0.0475
0 0.4758333333333334 0.62 0.195 0.0475
0 0.4916666666666667 0.671875 0.22 0.04625
0 0.7675000000000001 0.501875 0.22833333333333336 0.05625
0 0.7716666666666667 0.5593750000000001 0.23333333333333334 0.04125
0 0.7858333333333334 0.610625 0.255 0.051250000000000004
