0 0.19166666666666668 0.865 0.05 0.155
0 0.19083333333333335 0.6525 0.21166666666666667 0.0425
0 0.18583333333333335 0.59 0.2016666666666667 0.0375
0 0.18666666666666668 0.53 0.20333333333333334 0.0375
0 0.5033333333333334 0.52875 0.26333333333333336 0.0375
0 0.4866666666666667 0.295 0.2366666666666667 0.0375
0 0.4866666666666667 0.234375 0.23333333333333334 0.043750000000000004
0 0.18333333333333335 0.184375 0.2 0.03375
0 0.1975 0.12875 0.225 0.0325
0 0.47750000000000004 0.12125 0.2316666666666667 0.045
0 0.7583333333333334 0.106875 0.22666666666666668 0.05375
0 0.7641666666666667 0.165625 0.24833333333333335 0.04875
0 0.47000000000000003 0.1825 0.23333333333333334 0.0475
0 0.18000000000000002 0.24625 0.2 0.05
0 0.7733333333333334 0.225 0.24000000000000002 0.0425
0 0.19166666666666668 0.306875 0.22 0.043750000000000004
0 0.4741666666666667 0.355625 0.225 0.04125
0 0.7866666666666667 0.286875 0.25333333333333335 0.043750000000000004
0 0.77 0.34375 0.23333333333333334 0.04
0 0.7691666666666667 0.40375 0.22166666666666668 0.05
0 0.7741666666666667 0.463125 0.21500000000000002 0.043750000000000004
0 0.18583333333333335 0.358125 0.225 0.04625
0 0.19 0.4175 0.23 0.0475
0 0.195 0.47500000000000003 0.22666666666666668 0.04
0 0.4741666666666667 0.41250000000000003 0.21500000000000002 0.0475
0 0.4841666666666667 0.469375 0.24500000000000002 0.03875
0 0.5058333333333334 0.5906250000000001 0.255 0.058750000000000004
0 0.5025000000000001 0.6525 0.26166666666666666 0.0575
0 0.78 0.52625 0.24333333333333335 0.045
0 0.7833333333333334 0.58375 0.2366666666666667 0.035
0 0.7908333333333334 0.65 0.24500000000000002 0.05
