0 0.3365740740740741 0.20833333333333334 0.18796296296296297 0.029166666666666667
0 0.33935185185185185 0.253125 0.19351851851851853 0.03125
0 0.3402777777777778 0.29791666666666666 0.19166666666666668 0.029166666666666667
0 0.33981481481481485 0.3423611111111111 0.2111111111111111 0.03194444444444445
0 0.3458333333333333 0.38680555555555557 0.2064814814814815 0.030555555555555558
0 0.3416666666666667 0.43020833333333336 0.2240740740740741 0.03402777777777778
0 0.3421296296296296 0.478125 0.2138888888888889 0.03263888888888889
0 0.34305555555555556 0.525 0.21203703703703705 0.02777777777777778
0 0.3453703703703704 0.5704861111111111 0.20740740740740743 0.02847222222222222
0 0.3416666666666667 0.6201388888888889 0.2 0.036111111111111115
0 0.5546296296296297 0.20798611111111112 0.19074074074074074 0.03402777777777778
0 0.5611111111111111 0.25104166666666666 0.18703703703703706 0.02847222222222222
0 0.5583333333333333 0.290625 0.19814814814814816 0.03680555555555556
0 0.5583333333333333 0.3371527777777778 0.1814814814814815 0.025694444444444447
0 0.5666666666666667 0.3871527777777778 0.18703703703703706 0.029861111111111113
0 0.5708333333333333 0.42638888888888893 0.18981481481481483 0.03333333333333333
0 0.5675925925925926 0.4760416666666667 0.17962962962962964 0.025694444444444447
0 0.5675925925925926 0.5194444444444445 0.17962962962962964 0.022222222222222223
0 0.5819444444444445 0.5673611111111111 0.19907407407407407 0.030555555555555558
0 0.5708333333333333 0.6142361111111111 0.17500000000000002 0.027083333333333334
0 0.763425925925926 0.2125 0.1638888888888889 0.025
0 0.7740740740740741 0.25381944444444443 0.1851851851851852 0.025694444444444447
0 0.7763888888888889 0.2965277777777778 0.18055555555555555 0.02777777777777778
0 0.7875 0.34131944444444445 0.1787037037037037 0.03263888888888889
0 0.774537037037037 0.384375 0.18611111111111112 0.029861111111111113
0 0.7875 0.43020833333333336 0.18981481481481483 0.029861111111111113
0 0.7930555555555556 0.47395833333333337 0.20092592592592592 0.025694444444444447
0 0.799537037037037 0.5170138888888889 0.20462962962962963 0.03263888888888889
0 0.8074074074074075 0.5604166666666667 0.22592592592592595 0.03194444444444445
0 0.8009259259259259 0.6128472222222222 0.2111111111111111 0.03402777777777778
