0 0.5025000000000001 0.496875 0.21166666666666667 0.03125
0 0.7941666666666667 0.49 0.24166666666666667 0.035
0 0.7825000000000001 0.438125 0.22833333333333336 0.03125
0 0.5 0.4375 0.21333333333333335 0.035
0 0.7616666666666667 0.38375000000000004 0.18666666666666668 0.03
0 0.23083333333333333 0.3825 0.24833333333333335 0.035
0 0.22666666666666668 0.320625 0.24000000000000002 0.04125
0 0.21500000000000002 0.26875 0.22333333333333336 0.035
0 0.785 0.21625 0.24000000000000002 0.035
0 0.49583333333333335 0.160625 0.21833333333333335 0.03125
0 0.77 0.16125 0.21333333333333335 0.035
0 0.7625000000000001 0.108125 0.20833333333333334 0.03375
0 0.48250000000000004 0.105 0.195 0.0325
0 0.1925 0.10125 0.18166666666666667 0.0425
0 0.21250000000000002 0.15687500000000001 0.22833333333333336 0.05375
0 0.21250000000000002 0.21 0.24166666666666667 0.0375
0 0.49833333333333335 0.22 0.22666666666666668 0.05
0 0.7716666666666667 0.2775 0.21333333333333335 0.0425
0 0.7766666666666667 0.3325 0.23 0.055
0 0.49333333333333335 0.27625 0.2 0.045
0 0.4966666666666667 0.3325 0.21666666666666667 0.0425
0 0.5075000000000001 0.3825 0.23833333333333334 0.045
0 0.22333333333333336 0.446875 0.2366666666666667 0.05375
0 0.22 0.509375 0.24000000000000002 0.04875
0 0.22 0.56 0.24333333333333335 0.04
0 0.49083333333333334 0.556875 0.20833333333333334 0.04625
0 0.7958333333333334 0.5525 0.23500000000000001 0.0425
0 0.8125 0.61 0.265 0.04
0 0.5066666666666667 0.60875 0.25 0.045
0 0.21833333333333335 0.62 0.24000000000000002 0.06
