0 0.5091666666666667 0.639375 0.23500000000000001 0.04125
0 0.22 0.639375 0.22 0.043750000000000004
0 0.20583333333333334 0.579375 0.195 0.03375
0 0.21666666666666667 0.410625 0.21000000000000002 0.03625
0 0.21416666666666667 0.3525 0.20500000000000002 0.0325
0 0.47250000000000003 0.34875 0.24500000000000002 0.035
0 0.7916666666666667 0.52375 0.22 0.04
0 0.23833333333333334 0.131875 0.24666666666666667 0.04625
0 0.5216666666666667 0.125 0.24000000000000002 0.0425
0 0.785 0.11812500000000001 0.23333333333333334 0.04625
0 0.7858333333333334 0.169375 0.21166666666666667 0.03875
0 0.7916666666666667 0.22875 0.23333333333333334 0.035
0 0.8075000000000001 0.28125 0.255 0.035
0 0.7866666666666667 0.34750000000000003 0.24333333333333335 0.0575
0 0.7966666666666667 0.40375 0.22 0.045
0 0.8008333333333334 0.4675 0.22833333333333336 0.055
0 0.2366666666666667 0.18812500000000001 0.24666666666666667 0.05375
0 0.5016666666666667 0.17375000000000002 0.22666666666666668 0.055
0 0.49833333333333335 0.23875000000000002 0.23333333333333334 0.05
0 0.22916666666666669 0.2425 0.2316666666666667 0.045
0 0.2316666666666667 0.295 0.26 0.05
0 0.5066666666666667 0.29875 0.24333333333333335 0.05
0 0.4916666666666667 0.405625 0.22666666666666668 0.04125
0 0.21666666666666667 0.47375 0.2366666666666667 0.055
0 0.22 0.5225 0.24333333333333335 0.035
0 0.5 0.4675 0.22666666666666668 0.0525
0 0.4991666666666667 0.52625 0.24166666666666667 0.04
0 0.5283333333333333 0.58125 0.29333333333333333 0.05
0 0.8200000000000001 0.584375 0.26666666666666666 0.06125
0 0.8083333333333333 0.6475 0.2866666666666667 0.0625
