0 0.8475 0.6675 0.2816666666666667 0.035
0 0.5008333333333334 0.6637500000000001 0.27166666666666667 0.04
0 0.15833333333333335 0.6575 0.25 0.0375
0 0.8383333333333334 0.61125 0.26333333333333336 0.0375
0 0.4841666666666667 0.608125 0.23500000000000001 0.04125
0 0.14833333333333334 0.605 0.22333333333333336 0.04
0 0.8391666666666667 0.558125 0.265 0.03875
0 0.165 0.555 0.24333333333333335 0.035
0 0.48750000000000004 0.5525 0.23500000000000001 0.04
0 0.8266666666666668 0.506875 0.24000000000000002 0.03875
0 0.155 0.503125 0.21333333333333335 0.03375
0 0.48500000000000004 0.503125 0.25 0.03875
0 0.48833333333333334 0.455625 0.23 0.03875
0 0.1575 0.4525 0.21166666666666667 0.0375
0 0.8391666666666667 0.450625 0.26166666666666666 0.03625
0 0.4891666666666667 0.4 0.225 0.0375
0 0.18500000000000003 0.401875 0.2566666666666667 0.04125
0 0.8325 0.39625 0.255 0.0375
0 0.18916666666666668 0.35625 0.25833333333333336 0.0375
0 0.4891666666666667 0.35125 0.225 0.035
0 0.8341666666666667 0.346875 0.2516666666666667 0.03875
0 0.1925 0.3075 0.255 0.0375
0 0.49000000000000005 0.30312500000000003 0.22666666666666668 0.03625
0 0.8341666666666667 0.29812500000000003 0.2516666666666667 0.03375
0 0.17333333333333334 0.26 0.21666666666666667 0.0375
0 0.4841666666666667 0.251875 0.21166666666666667 0.02875
0 0.8350000000000001 0.24875 0.25333333333333335 0.035
0 0.17666666666666667 0.211875 0.21333333333333335 0.03625
0 0.4866666666666667 0.2025 0.21333333333333335 0.035
0 0.8266666666666668 0.196875 0.24000000000000002 0.03375
