0 0.775 0.629375 0.21333333333333335 0.03875
0 0.48333333333333334 0.52625 0.18666666666666668 0.0325
0 0.19666666666666668 0.479375 0.18666666666666668 0.03875
0 0.7583333333333334 0.470625 0.19 0.03375
0 0.4966666666666667 0.473125 0.21000000000000002 0.03625
0 0.7608333333333334 0.419375 0.19833333333333333 0.03375
0 0.20833333333333334 0.20750000000000002 0.22 0.035
0 0.7558333333333334 0.26125 0.20500000000000002 0.04
0 0.20583333333333334 0.15125 0.21166666666666667 0.0325
0 0.49333333333333335 0.16 0.22333333333333336 0.05
0 0.7633333333333334 0.1625 0.25 0.0425
0 0.7566666666666667 0.214375 0.21000000000000002 0.03875
0 0.48833333333333334 0.213125 0.22666666666666668 0.043750000000000004
0 0.20750000000000002 0.26 0.21500000000000002 0.0325
0 0.4866666666666667 0.26937500000000003 0.21333333333333335 0.03875
0 0.21083333333333334 0.311875 0.23500000000000001 0.03625
0 0.5025000000000001 0.315 0.23500000000000001 0.0325
0 0.7625000000000001 0.318125 0.20833333333333334 0.03375
0 0.21166666666666667 0.36562500000000003 0.22 0.04125
0 0.49750000000000005 0.37125 0.21833333333333335 0.04
0 0.7666666666666667 0.368125 0.23 0.04625
0 0.21166666666666667 0.4225 0.23333333333333334 0.0375
0 0.49083333333333334 0.419375 0.22166666666666668 0.04125
0 0.21166666666666667 0.5325 0.22666666666666668 0.045
0 0.21416666666666667 0.58875 0.225 0.045
0 0.4891666666666667 0.58 0.24833333333333335 0.0475
0 0.21083333333333334 0.638125 0.23500000000000001 0.05375
0 0.5025000000000001 0.63 0.23500000000000001 0.0475
0 0.7616666666666667 0.52375 0.23333333333333334 0.04
0 0.7708333333333334 0.57375 0.21833333333333335 0.04
