0 0.48000000000000004 0.62 0.22333333333333336 0.03
0 0.7941666666666667 0.449375 0.18833333333333335 0.03375
0 0.7891666666666667 0.395 0.195 0.03
0 0.7775000000000001 0.17125 0.21166666666666667 0.0325
0 0.7825000000000001 0.11375 0.20500000000000002 0.0425
0 0.4841666666666667 0.11125 0.2316666666666667 0.04
0 0.18833333333333335 0.10625 0.2366666666666667 0.035
0 0.18250000000000002 0.1675 0.23833333333333334 0.0575
0 0.4841666666666667 0.168125 0.2316666666666667 0.04625
0 0.18583333333333335 0.22062500000000002 0.23500000000000001 0.03875
0 0.4841666666666667 0.228125 0.2316666666666667 0.043750000000000004
0 0.7883333333333333 0.226875 0.21000000000000002 0.05375
0 0.7825000000000001 0.29 0.21500000000000002 0.0425
0 0.4783333333333334 0.278125 0.2366666666666667 0.04625
0 0.18416666666666667 0.27625 0.25833333333333336 0.045
0 0.18166666666666667 0.33 0.25333333333333335 0.0425
0 0.18583333333333335 0.393125 0.2316666666666667 0.043750000000000004
0 0.1875 0.4475 0.23833333333333334 0.0375
0 0.17083333333333334 0.504375 0.27166666666666667 0.051250000000000004
0 0.17916666666666667 0.5650000000000001 0.24500000000000002 0.05
0 0.17500000000000002 0.62625 0.24333333333333335 0.055
0 0.4791666666666667 0.335625 0.24833333333333335 0.04875
0 0.7841666666666667 0.336875 0.21833333333333335 0.03625
0 0.4716666666666667 0.3925 0.26333333333333336 0.045
0 0.49000000000000005 0.45 0.22666666666666668 0.0475
0 0.48583333333333334 0.501875 0.24500000000000002 0.03625
0 0.4866666666666667 0.561875 0.22666666666666668 0.04625
0 0.7808333333333334 0.505 0.22833333333333336 0.0525
0 0.785 0.563125 0.22 0.05375
0 0.7791666666666667 0.62 0.21833333333333335 0.0475
