0 0.4941666666666667 0.640625 0.195 0.04875
0 0.49750000000000005 0.578125 0.20500000000000002 0.03375
0 0.4891666666666667 0.5275 0.19166666666666668 0.035
0 0.21166666666666667 0.42125 0.22 0.0325
0 0.21083333333333334 0.36875 0.22166666666666668 0.0325
0 0.20333333333333334 0.20750000000000002 0.21000000000000002 0.0375
0 0.48583333333333334 0.160625 0.2016666666666667 0.03625
0 0.21000000000000002 0.148125 0.22333333333333336 0.03375
0 0.76 0.165 0.21333333333333335 0.0475
0 0.7583333333333334 0.21375 0.2 0.045
0 0.48500000000000004 0.21 0.22 0.0525
0 0.7608333333333334 0.26687500000000003 0.225 0.043750000000000004
0 0.7716666666666667 0.31875000000000003 0.22 0.04
0 0.4991666666666667 0.26375 0.23833333333333334 0.04
0 0.2025 0.25625 0.23500000000000001 0.04
0 0.21000000000000002 0.31375000000000003 0.23 0.04
0 0.4991666666666667 0.3175 0.2516666666666667 0.0425
0 0.5008333333333334 0.36625 0.24166666666666667 0.045
0 0.7566666666666667 0.369375 0.20333333333333334 0.04875
0 0.7666666666666667 0.420625 0.21333333333333335 0.03875
0 0.49000000000000005 0.420625 0.24666666666666667 0.03875
0 0.5025000000000001 0.469375 0.24500000000000002 0.03875
0 0.2225 0.47500000000000003 0.24500000000000002 0.0425
0 0.21750000000000003 0.528125 0.26166666666666666 0.043750000000000004
0 0.21500000000000002 0.588125 0.26 0.03625
0 0.22 0.646875 0.25 0.05625
0 0.7783333333333334 0.51875 0.22 0.035
0 0.765 0.473125 0.22 0.05375
0 0.77 0.57375 0.21666666666666667 0.045
0 0.7841666666666667 0.6325000000000001 0.2316666666666667 0.0575
