0 0.4916666666666667 0.62 0.24333333333333335 0.0375
0 0.4916666666666667 0.558125 0.24666666666666667 0.03125
0 0.1875 0.50625 0.2316666666666667 0.045
0 0.49333333333333335 0.503125 0.24333333333333335 0.04625
0 0.17666666666666667 0.44625000000000004 0.22 0.0325
0 0.49083333333333334 0.444375 0.24500000000000002 0.03375
0 0.17 0.38875 0.2066666666666667 0.03
0 0.4841666666666667 0.38375000000000004 0.22833333333333336 0.045
0 0.17666666666666667 0.3325 0.22 0.0375
0 0.48583333333333334 0.325625 0.23833333333333334 0.03625
0 0.1625 0.275 0.18500000000000003 0.0375
0 0.48250000000000004 0.155625 0.23500000000000001 0.051250000000000004
0 0.18666666666666668 0.105625 0.23 0.043750000000000004
0 0.48583333333333334 0.09875 0.24166666666666667 0.0425
0 0.7733333333333334 0.08375 0.2366666666666667 0.04
0 0.7791666666666667 0.1475 0.21500000000000002 0.0525
0 0.17416666666666666 0.15375 0.225 0.04
0 0.165 0.2125 0.22666666666666668 0.0525
0 0.48833333333333334 0.206875 0.25333333333333335 0.043750000000000004
0 0.7883333333333333 0.204375 0.23333333333333334 0.04125
0 0.7833333333333334 0.260625 0.23 0.04125
0 0.48333333333333334 0.27 0.25 0.05
0 0.7858333333333334 0.3225 0.23833333333333334 0.0475
0 0.7933333333333333 0.379375 0.2566666666666667 0.03875
0 0.775 0.435 0.24000000000000002 0.0425
0 0.7833333333333334 0.498125 0.24666666666666667 0.04625
0 0.8008333333333334 0.56375 0.255 0.045
0 0.7966666666666667 0.6218750000000001 0.26 0.07375
0 0.18000000000000002 0.55875 0.23 0.05
0 0.17666666666666667 0.613125 0.23333333333333334 0.05625
