0 0.48833333333333334 0.64875 0.21000000000000002 0.035
0 0.76 0.64375 0.19 0.035
0 0.48583333333333334 0.593125 0.20833333333333334 0.03125
0 0.7558333333333334 0.59 0.18166666666666667 0.03
0 0.7541666666666668 0.535625 0.18166666666666667 0.03125
0 0.77 0.485 0.21000000000000002 0.035
0 0.7616666666666667 0.3225 0.2066666666666667 0.03
0 0.47500000000000003 0.27 0.2 0.0325
0 0.20083333333333334 0.26125 0.24500000000000002 0.04
0 0.18583333333333335 0.203125 0.21833333333333335 0.03625
0 0.75 0.1625 0.19333333333333336 0.03
0 0.18833333333333335 0.145 0.22333333333333336 0.04
0 0.4741666666666667 0.15625 0.24166666666666667 0.065
0 0.7575000000000001 0.21125 0.20833333333333334 0.04
0 0.7725000000000001 0.26937500000000003 0.22833333333333336 0.04125
0 0.48583333333333334 0.21937500000000001 0.24166666666666667 0.051250000000000004
0 0.18583333333333335 0.323125 0.225 0.04625
0 0.18416666666666667 0.384375 0.22166666666666668 0.04875
0 0.48333333333333334 0.325 0.25 0.0525
0 0.4783333333333334 0.375625 0.22 0.03875
0 0.7583333333333334 0.3775 0.21333333333333335 0.0525
0 0.7625000000000001 0.426875 0.20833333333333334 0.043750000000000004
0 0.48250000000000004 0.435 0.21833333333333335 0.0525
0 0.18500000000000003 0.43062500000000004 0.22 0.04125
0 0.2025 0.48562500000000003 0.24833333333333335 0.051250000000000004
0 0.49000000000000005 0.49125 0.21666666666666667 0.045
0 0.21333333333333335 0.544375 0.29000000000000004 0.04125
0 0.48833333333333334 0.5437500000000001 0.22 0.04
0 0.1991666666666667 0.6012500000000001 0.225 0.055
0 0.19833333333333333 0.661875 0.24000000000000002 0.05375
