0 0.22166666666666668 0.636875 0.22666666666666668 0.03625
0 0.21250000000000002 0.57875 0.20833333333333334 0.0325
0 0.2041666666666667 0.52375 0.19166666666666668 0.03
0 0.5033333333333334 0.47125 0.2066666666666667 0.04
0 0.20833333333333334 0.4675 0.19666666666666668 0.0325
0 0.21166666666666667 0.41250000000000003 0.2066666666666667 0.0325
0 0.5175000000000001 0.243125 0.2316666666666667 0.03625
0 0.21416666666666667 0.133125 0.20833333333333334 0.03125
0 0.51 0.13125 0.2366666666666667 0.045
0 0.8041666666666667 0.114375 0.24500000000000002 0.04875
0 0.21000000000000002 0.1925 0.21000000000000002 0.055
0 0.505 0.186875 0.22 0.043750000000000004
0 0.81 0.18 0.24333333333333335 0.0375
0 0.8150000000000001 0.2325 0.25333333333333335 0.055
0 0.8200000000000001 0.296875 0.25333333333333335 0.06625
0 0.8108333333333334 0.355 0.26166666666666666 0.0425
0 0.8158333333333334 0.411875 0.24500000000000002 0.05375
0 0.81 0.468125 0.2566666666666667 0.04625
0 0.8091666666666667 0.529375 0.23500000000000001 0.04125
0 0.81 0.58125 0.23 0.055
0 0.8133333333333334 0.644375 0.24000000000000002 0.058750000000000004
0 0.5 0.294375 0.21333333333333335 0.051250000000000004
0 0.21166666666666667 0.245 0.24666666666666667 0.05
0 0.21250000000000002 0.296875 0.24166666666666667 0.04625
0 0.21750000000000003 0.361875 0.26166666666666666 0.05625
0 0.49333333333333335 0.525625 0.22333333333333336 0.04875
0 0.5075000000000001 0.5806250000000001 0.23833333333333334 0.058750000000000004
0 0.5 0.645 0.22666666666666668 0.0525
0 0.5033333333333334 0.355 0.22333333333333336 0.05
0 0.5133333333333334 0.408125 0.2566666666666667 0.043750000000000004
