0 0.16666666666666669 0.19 0.2 0.0475
0 0.4566666666666667 0.6675 0.17666666666666667 0.0375
0 0.16333333333333333 0.668125 0.18666666666666668 0.03875
0 0.7558333333333334 0.664375 0.19833333333333333 0.03875
0 0.17250000000000001 0.61125 0.20500000000000002 0.04
0 0.7591666666666668 0.6062500000000001 0.20500000000000002 0.0325
0 0.7400000000000001 0.548125 0.16666666666666669 0.03375
0 0.755 0.32375 0.19333333333333336 0.0375
0 0.7583333333333334 0.264375 0.2 0.03375
0 0.4625 0.14250000000000002 0.17833333333333334 0.0375
0 0.18416666666666667 0.139375 0.20833333333333334 0.03875
0 0.7516666666666667 0.146875 0.23333333333333334 0.04625
0 0.7608333333333334 0.200625 0.22833333333333336 0.06125
0 0.7408333333333333 0.3775 0.21166666666666667 0.0425
0 0.7633333333333334 0.43375 0.22 0.04
0 0.745 0.48625 0.2 0.05
0 0.17250000000000001 0.25125000000000003 0.2016666666666667 0.055
0 0.45083333333333336 0.2 0.20833333333333334 0.06
0 0.4633333333333334 0.260625 0.19333333333333336 0.051250000000000004
0 0.4566666666666667 0.313125 0.2066666666666667 0.05625
0 0.16583333333333333 0.309375 0.18500000000000003 0.04875
0 0.45833333333333337 0.376875 0.2 0.04625
0 0.1691666666666667 0.369375 0.22166666666666668 0.04875
0 0.16833333333333333 0.4375 0.2 0.0625
0 0.4525 0.43625 0.19833333333333333 0.05
0 0.4566666666666667 0.496875 0.19333333333333336 0.04625
0 0.4666666666666667 0.5493750000000001 0.2 0.04875
0 0.46166666666666667 0.609375 0.2 0.04125
0 0.165 0.496875 0.2 0.043750000000000004
0 0.17 0.5525 0.19666666666666668 0.0375
