0 0.1787037037037037 0.16180555555555556 0.20555555555555557 0.034722222222222224
0 0.17500000000000002 0.21041666666666667 0.19814814814814816 0.04583333333333334
0 0.1685185185185185 0.26006944444444446 0.21296296296296297 0.04097222222222222
0 0.18055555555555555 0.3145833333333333 0.22592592592592595 0.044444444444444446
0 0.18055555555555555 0.3680555555555556 0.20370370370370372 0.030555555555555558
0 0.16805555555555557 0.4215277777777778 0.2064814814814815 0.04722222222222222
0 0.16203703703703703 0.4826388888888889 0.20370370370370372 0.04583333333333334
0 0.1685185185185185 0.5347222222222222 0.21296296296296297 0.034722222222222224
0 0.17407407407407408 0.5982638888888889 0.22777777777777777 0.05625
0 0.1615740740740741 0.6673611111111112 0.20462962962962963 0.043055555555555555
0 0.4412037037037037 0.16041666666666668 0.18611111111111112 0.05
0 0.4527777777777778 0.21006944444444445 0.2 0.04097222222222222
0 0.4462962962962963 0.25972222222222224 0.20555555555555557 0.030555555555555558
0 0.45555555555555555 0.30868055555555557 0.21481481481481482 0.03958333333333333
0 0.4537037037037037 0.3597222222222222 0.1962962962962963 0.036111111111111115
0 0.44907407407407407 0.41944444444444445 0.19074074074074074 0.03194444444444445
0 0.4564814814814815 0.47222222222222227 0.20555555555555557 0.0375
0 0.4703703703703704 0.5309027777777778 0.21666666666666667 0.03958333333333333
0 0.4601851851851852 0.59375 0.20370370370370372 0.0375
0 0.47870370370370374 0.6503472222222223 0.24629629629629632 0.043750000000000004
0 0.6939814814814815 0.16597222222222222 0.19907407407407407 0.036111111111111115
0 0.6990740740740741 0.21736111111111112 0.17777777777777778 0.03888888888888889
0 0.7125 0.2625 0.19351851851851853 0.036111111111111115
0 0.7166666666666667 0.31493055555555555 0.20925925925925926 0.025694444444444447
0 0.7277777777777779 0.36597222222222225 0.20370370370370372 0.034722222222222224
0 0.7291666666666667 0.41076388888888893 0.2064814814814815 0.04513888888888889
0 0.7435185185185186 0.4725694444444445 0.22962962962962963 0.04513888888888889
0 0.7555555555555555 0.525 0.22222222222222224 0.043055555555555555
0 0.7523148148148149 0.5822916666666667 0.2138888888888889 0.04652777777777778
0 0.7587962962962963 0.6392361111111111 0.21203703703703705 0.05347222222222223
