0 0.8091666666666667 0.61375 0.195 0.0375
0 0.49333333333333335 0.6125 0.24666666666666667 0.045
0 0.8125 0.551875 0.18833333333333335 0.03375
0 0.5208333333333334 0.546875 0.195 0.04625
0 0.51 0.48812500000000003 0.21666666666666667 0.03375
0 0.5208333333333334 0.43062500000000004 0.195 0.03375
0 0.8183333333333334 0.37875000000000003 0.18333333333333335 0.035
0 0.8141666666666667 0.32 0.19166666666666668 0.0325
0 0.7891666666666667 0.264375 0.23500000000000001 0.03875
0 0.5316666666666667 0.253125 0.18000000000000002 0.03125
0 0.5033333333333334 0.19187500000000002 0.24000000000000002 0.03875
0 0.8058333333333334 0.095625 0.2316666666666667 0.04875
0 0.525 0.07875 0.22 0.045
0 0.22 0.0625 0.22 0.0525
0 0.21583333333333335 0.1225 0.23833333333333334 0.0475
0 0.21000000000000002 0.184375 0.24000000000000002 0.03875
0 0.21083333333333334 0.245 0.2316666666666667 0.0425
0 0.21583333333333335 0.30375 0.2516666666666667 0.04
0 0.21083333333333334 0.36562500000000003 0.27166666666666667 0.04125
0 0.22 0.429375 0.25333333333333335 0.051250000000000004
0 0.2 0.48562500000000003 0.25333333333333335 0.04875
0 0.19833333333333333 0.5543750000000001 0.23 0.051250000000000004
0 0.21583333333333335 0.610625 0.21500000000000002 0.051250000000000004
0 0.8058333333333334 0.1525 0.2316666666666667 0.045
0 0.8083333333333333 0.20625000000000002 0.23 0.05
0 0.5358333333333334 0.134375 0.21500000000000002 0.06125
0 0.5108333333333334 0.3175 0.2316666666666667 0.0475
0 0.5133333333333334 0.375625 0.24000000000000002 0.051250000000000004
0 0.8208333333333334 0.42812500000000003 0.2016666666666667 0.05625
0 0.8125 0.49 0.20500000000000002 0.05
