0 0.2041666666666667 0.685625 0.19166666666666668 0.03375
0 0.5041666666666667 0.67625 0.2016666666666667 0.035
0 0.21416666666666667 0.626875 0.21500000000000002 0.03375
0 0.21250000000000002 0.56875 0.21166666666666667 0.0325
0 0.48583333333333334 0.505625 0.17500000000000002 0.03375
0 0.20500000000000002 0.39375 0.20333333333333334 0.0375
0 0.7841666666666667 0.33375 0.21166666666666667 0.03
0 0.49083333333333334 0.279375 0.195 0.03125
0 0.7716666666666667 0.28 0.19666666666666668 0.035
0 0.7725000000000001 0.22312500000000002 0.20500000000000002 0.03125
0 0.49250000000000005 0.225 0.19833333333333333 0.035
0 0.7733333333333334 0.17 0.2066666666666667 0.0325
0 0.4816666666666667 0.1675 0.18333333333333335 0.03
0 0.20500000000000002 0.164375 0.21000000000000002 0.03625
0 0.21500000000000002 0.22187500000000002 0.24000000000000002 0.06375
0 0.20916666666666667 0.278125 0.22166666666666668 0.04625
0 0.21666666666666667 0.330625 0.2366666666666667 0.051250000000000004
0 0.5041666666666667 0.33375 0.2316666666666667 0.06
0 0.79 0.388125 0.23333333333333334 0.04625
0 0.795 0.44375000000000003 0.24000000000000002 0.045
0 0.49750000000000005 0.395 0.2316666666666667 0.05
0 0.4941666666666667 0.455 0.2016666666666667 0.0475
0 0.20833333333333334 0.455 0.24000000000000002 0.06
0 0.21833333333333335 0.513125 0.26 0.04625
0 0.79 0.49875 0.23333333333333334 0.035
0 0.7983333333333333 0.553125 0.24000000000000002 0.043750000000000004
0 0.7883333333333333 0.61625 0.22 0.045
0 0.7833333333333334 0.67125 0.21666666666666667 0.055
0 0.49333333333333335 0.565625 0.21666666666666667 0.051250000000000004
0 0.5041666666666667 0.6118750000000001 0.20833333333333334 0.04625
