0 0.20833333333333334 0.8675 0.05666666666666667 0.155
0 0.5225000000000001 0.66125 0.23833333333333334 0.035
0 0.23333333333333334 0.6625 0.23 0.035
0 0.5175000000000001 0.600625 0.22166666666666668 0.03875
0 0.5191666666666667 0.540625 0.22833333333333336 0.03875
0 0.805 0.42625 0.22666666666666668 0.035
0 0.23750000000000002 0.323125 0.21833333333333335 0.03125
0 0.2341666666666667 0.15812500000000002 0.20833333333333334 0.03625
0 0.5183333333333333 0.15125 0.23 0.035
0 0.8075000000000001 0.149375 0.2516666666666667 0.04875
0 0.7975000000000001 0.19875 0.2316666666666667 0.04
0 0.8108333333333334 0.255625 0.25833333333333336 0.03875
0 0.8125 0.3175 0.2516666666666667 0.0625
0 0.8141666666666667 0.369375 0.265 0.04125
0 0.23500000000000001 0.21375 0.22 0.045
0 0.5166666666666667 0.20750000000000002 0.25 0.045
0 0.5116666666666667 0.268125 0.24000000000000002 0.04625
0 0.23500000000000001 0.273125 0.25333333333333335 0.043750000000000004
0 0.5216666666666667 0.324375 0.26666666666666666 0.051250000000000004
0 0.5158333333333334 0.378125 0.24500000000000002 0.04625
0 0.23500000000000001 0.378125 0.22666666666666668 0.04625
0 0.22 0.4375 0.2366666666666667 0.0425
0 0.5291666666666667 0.4325 0.26166666666666666 0.0575
0 0.5208333333333334 0.48625 0.23833333333333334 0.05
0 0.8083333333333333 0.4875 0.25333333333333335 0.0475
0 0.8133333333333334 0.540625 0.27666666666666667 0.04875
0 0.8166666666666668 0.605625 0.27 0.04125
0 0.81 0.658125 0.26 0.05375
0 0.2275 0.4925 0.23833333333333334 0.045
0 0.22333333333333336 0.545625 0.23333333333333334 0.03875
0 0.2366666666666667 0.59875 0.23333333333333334 0.045
