0 0.21750000000000003 0.6625 0.21166666666666667 0.0425
0 0.79 0.649375 0.21000000000000002 0.03875
0 0.23 0.6 0.2366666666666667 0.0375
0 0.7866666666666667 0.5906250000000001 0.2066666666666667 0.03125
0 0.22166666666666668 0.5425 0.21333333333333335 0.0375
0 0.7983333333333333 0.53625 0.2366666666666667 0.035
0 0.5075000000000001 0.483125 0.21500000000000002 0.03125
0 0.8008333333333334 0.476875 0.24500000000000002 0.03375
0 0.7883333333333333 0.316875 0.22333333333333336 0.03375
0 0.2225 0.315 0.22833333333333336 0.03
0 0.5141666666666667 0.265 0.23833333333333334 0.035
0 0.785 0.26125 0.22 0.035
0 0.21750000000000003 0.261875 0.21500000000000002 0.03625
0 0.51 0.209375 0.23 0.03375
0 0.7833333333333334 0.20375000000000001 0.22 0.0325
0 0.7808333333333334 0.151875 0.21166666666666667 0.02875
0 0.5066666666666667 0.15375 0.22666666666666668 0.0325
0 0.22666666666666668 0.146875 0.2366666666666667 0.05625
0 0.23333333333333334 0.208125 0.2366666666666667 0.043750000000000004
0 0.5183333333333333 0.318125 0.25333333333333335 0.043750000000000004
0 0.5191666666666667 0.365 0.24166666666666667 0.0375
0 0.7933333333333333 0.3725 0.24000000000000002 0.0425
0 0.7908333333333334 0.425 0.2316666666666667 0.04
0 0.21666666666666667 0.374375 0.2366666666666667 0.04125
0 0.5108333333333334 0.42125 0.22166666666666668 0.045
0 0.22666666666666668 0.43 0.25 0.0425
0 0.22166666666666668 0.483125 0.22666666666666668 0.04625
0 0.5141666666666667 0.533125 0.2516666666666667 0.04625
0 0.5191666666666667 0.595625 0.2516666666666667 0.04875
0 0.5133333333333334 0.65 0.24000000000000002 0.05
