0 0.5275000000000001 0.650625 0.18166666666666667 0.04875
0 0.8041666666666667 0.64875 0.19166666666666668 0.0475
0 0.2341666666666667 0.64625 0.20500000000000002 0.0425
0 0.5133333333333334 0.480625 0.21666666666666667 0.03625
0 0.5216666666666667 0.429375 0.20333333333333334 0.03375
0 0.7925000000000001 0.17 0.195 0.0375
0 0.2316666666666667 0.21125 0.24666666666666667 0.04
0 0.5225000000000001 0.166875 0.19833333333333333 0.043750000000000004
0 0.23083333333333333 0.16 0.22166666666666668 0.0525
0 0.7858333333333334 0.22375 0.23500000000000001 0.045
0 0.51 0.2225 0.22 0.0475
0 0.2366666666666667 0.2675 0.23333333333333334 0.0425
0 0.5166666666666667 0.2725 0.22666666666666668 0.045
0 0.7925000000000001 0.27125 0.20833333333333334 0.045
0 0.7958333333333334 0.33125 0.21500000000000002 0.05
0 0.795 0.3775 0.21333333333333335 0.0375
0 0.5233333333333333 0.325625 0.2066666666666667 0.03875
0 0.24083333333333334 0.32125 0.21166666666666667 0.05
0 0.24000000000000002 0.376875 0.2066666666666667 0.04625
0 0.5233333333333333 0.374375 0.22 0.04875
0 0.2366666666666667 0.43 0.24000000000000002 0.0525
0 0.21833333333333335 0.491875 0.22 0.05625
0 0.23333333333333334 0.5437500000000001 0.23333333333333334 0.045
0 0.22583333333333336 0.59 0.24833333333333335 0.0425
0 0.7825000000000001 0.4275 0.21500000000000002 0.045
0 0.7841666666666667 0.4875 0.24833333333333335 0.0475
0 0.7833333333333334 0.5437500000000001 0.23333333333333334 0.05
0 0.5141666666666667 0.54625 0.21500000000000002 0.055
0 0.5116666666666667 0.5975 0.25 0.0475
0 0.7816666666666667 0.593125 0.25333333333333335 0.043750000000000004
