0 0.22583333333333336 0.65625 0.225 0.0325
0 0.7383333333333334 0.4375 0.19333333333333336 0.03
0 0.2025 0.196875 0.23500000000000001 0.03875
0 0.7200000000000001 0.19062500000000002 0.17666666666666667 0.03125
0 0.4691666666666667 0.19187500000000002 0.19833333333333333 0.03375
0 0.7575000000000001 0.065 0.14166666666666666 0.035
0 0.2 0.249375 0.21333333333333335 0.04875
0 0.4766666666666667 0.238125 0.22 0.03375
0 0.7216666666666667 0.245 0.21333333333333335 0.0325
0 0.7300000000000001 0.286875 0.19 0.03375
0 0.7400000000000001 0.340625 0.20333333333333334 0.03875
0 0.7466666666666667 0.385 0.22333333333333336 0.0375
0 0.745 0.484375 0.2066666666666667 0.04125
0 0.7541666666666668 0.538125 0.225 0.03375
0 0.7466666666666667 0.5906250000000001 0.20333333333333334 0.04875
0 0.7458333333333333 0.644375 0.21166666666666667 0.04125
0 0.48250000000000004 0.646875 0.20833333333333334 0.04625
0 0.4841666666666667 0.6 0.20500000000000002 0.0425
0 0.4866666666666667 0.541875 0.22333333333333336 0.043750000000000004
0 0.4716666666666667 0.495 0.2 0.0525
0 0.4791666666666667 0.443125 0.19833333333333333 0.043750000000000004
0 0.4766666666666667 0.39125 0.2066666666666667 0.045
0 0.4716666666666667 0.3425 0.2066666666666667 0.045
0 0.4783333333333334 0.29125 0.22666666666666668 0.045
0 0.20500000000000002 0.2975 0.2066666666666667 0.045
0 0.21000000000000002 0.34875 0.21666666666666667 0.055
0 0.21583333333333335 0.39625 0.24833333333333335 0.04
0 0.21083333333333334 0.45375 0.22166666666666668 0.035
0 0.21333333333333335 0.49562500000000004 0.25 0.03125
0 0.21583333333333335 0.548125 0.24500000000000002 0.03625
0 0.2041666666666667 0.605 0.20833333333333334 0.05
