0 0.21250000000000002 0.15875 0.21500000000000002 0.045
0 0.48250000000000004 0.145625 0.22166666666666668 0.04875
0 0.7891666666666667 0.145 0.26166666666666666 0.0575
0 0.7716666666666667 0.198125 0.24666666666666667 0.04625
0 0.7758333333333334 0.25375000000000003 0.275 0.05
0 0.785 0.305625 0.26666666666666666 0.04125
0 0.775 0.36 0.28 0.05
0 0.7816666666666667 0.421875 0.2733333333333334 0.05375
0 0.7858333333333334 0.475625 0.2783333333333334 0.04125
0 0.7875000000000001 0.5275 0.255 0.0525
0 0.7691666666666667 0.57875 0.2316666666666667 0.05
0 0.7833333333333334 0.62875 0.2733333333333334 0.04
0 0.5033333333333334 0.63125 0.24333333333333335 0.05
0 0.49500000000000005 0.5750000000000001 0.25333333333333335 0.0425
0 0.49750000000000005 0.520625 0.26166666666666666 0.04875
0 0.48250000000000004 0.46375 0.24500000000000002 0.045
0 0.48250000000000004 0.41000000000000003 0.24500000000000002 0.0425
0 0.49250000000000005 0.3625 0.255 0.045
0 0.48333333333333334 0.306875 0.26 0.043750000000000004
0 0.48583333333333334 0.255625 0.22833333333333336 0.051250000000000004
0 0.48750000000000004 0.203125 0.23833333333333334 0.043750000000000004
0 0.22333333333333336 0.21375 0.23333333333333334 0.045
0 0.21666666666666667 0.265625 0.23333333333333334 0.04125
0 0.21250000000000002 0.315625 0.22833333333333336 0.04875
0 0.23 0.3675 0.26 0.0375
0 0.21583333333333335 0.41625 0.2316666666666667 0.04
0 0.21583333333333335 0.4675 0.24833333333333335 0.045
0 0.21833333333333335 0.528125 0.22666666666666668 0.04625
0 0.21666666666666667 0.5825 0.25 0.0375
0 0.21000000000000002 0.633125 0.24666666666666667 0.04625
