0 0.18916666666666668 0.62875 0.225 0.035
0 0.7558333333333334 0.623125 0.21500000000000002 0.03625
0 0.7533333333333334 0.568125 0.22 0.03375
0 0.18250000000000002 0.465625 0.21166666666666667 0.03625
0 0.2 0.411875 0.2366666666666667 0.03125
0 0.7341666666666667 0.3625 0.19833333333333333 0.035
0 0.18333333333333335 0.1525 0.22 0.045
0 0.4758333333333334 0.163125 0.2316666666666667 0.04625
0 0.7383333333333334 0.164375 0.24666666666666667 0.051250000000000004
0 0.7475 0.205625 0.2516666666666667 0.03125
0 0.7475 0.25875 0.24166666666666667 0.04
0 0.7466666666666667 0.30875 0.24000000000000002 0.045
0 0.7325 0.41500000000000004 0.22833333333333336 0.0575
0 0.7483333333333334 0.464375 0.26 0.03875
0 0.7466666666666667 0.511875 0.22666666666666668 0.043750000000000004
0 0.4683333333333334 0.2125 0.22666666666666668 0.0475
0 0.4808333333333334 0.261875 0.26833333333333337 0.04625
0 0.4866666666666667 0.31375000000000003 0.26333333333333336 0.045
0 0.4633333333333334 0.35875 0.23 0.04
0 0.4716666666666667 0.410625 0.25333333333333335 0.04125
0 0.47750000000000004 0.460625 0.24500000000000002 0.051250000000000004
0 0.4733333333333334 0.52375 0.25 0.055
0 0.4766666666666667 0.5725 0.25 0.0425
0 0.4733333333333334 0.628125 0.22666666666666668 0.05375
0 0.18666666666666668 0.19875 0.22333333333333336 0.045
0 0.18666666666666668 0.2575 0.2566666666666667 0.0575
0 0.18833333333333335 0.3075 0.25333333333333335 0.045
0 0.1975 0.35125 0.24833333333333335 0.045
0 0.19333333333333336 0.521875 0.23 0.05625
0 0.18666666666666668 0.5750000000000001 0.25333333333333335 0.05
