0 0.4766666666666667 0.534375 0.2 0.03375
0 0.20583333333333334 0.26687500000000003 0.2016666666666667 0.03125
0 0.4816666666666667 0.265625 0.24666666666666667 0.051250000000000004
0 0.765 0.263125 0.23333333333333334 0.043750000000000004
0 0.20500000000000002 0.160625 0.22 0.04875
0 0.49583333333333335 0.155625 0.2316666666666667 0.04125
0 0.75 0.15375 0.18333333333333335 0.045
0 0.7533333333333334 0.21125 0.19666666666666668 0.05
0 0.7791666666666667 0.31375000000000003 0.24166666666666667 0.045
0 0.7783333333333334 0.370625 0.25333333333333335 0.04125
0 0.785 0.435625 0.2733333333333334 0.04875
0 0.7775000000000001 0.479375 0.275 0.03875
0 0.7925000000000001 0.535 0.26833333333333337 0.0475
0 0.7583333333333334 0.5925 0.21333333333333335 0.045
0 0.7608333333333334 0.641875 0.23833333333333334 0.05375
0 0.4766666666666667 0.210625 0.20333333333333334 0.04125
0 0.20500000000000002 0.21625 0.2066666666666667 0.04
0 0.19833333333333333 0.32 0.23333333333333334 0.04
0 0.4816666666666667 0.320625 0.21333333333333335 0.04125
0 0.4866666666666667 0.37125 0.22333333333333336 0.05
0 0.19166666666666668 0.371875 0.23333333333333334 0.04625
0 0.20333333333333334 0.42375 0.23 0.05
0 0.48333333333333334 0.4275 0.23333333333333334 0.035
0 0.48583333333333334 0.47125 0.24166666666666667 0.05
0 0.19583333333333336 0.48125 0.20500000000000002 0.04
0 0.19333333333333336 0.52875 0.21333333333333335 0.045
0 0.2016666666666667 0.581875 0.22 0.05625
0 0.19666666666666668 0.64375 0.23 0.055
0 0.4766666666666667 0.58875 0.2066666666666667 0.06
0 0.4766666666666667 0.6525 0.2066666666666667 0.0475
