0 0.27314814814814814 0.165625 0.20370370370370372 0.035416666666666666
0 0.27546296296296297 0.21423611111111113 0.19351851851851853 0.03680555555555556
0 0.2689814814814815 0.2659722222222222 0.2175925925925926 0.03333333333333333
0 0.26296296296296295 0.315625 0.19074074074074074 0.03402777777777778
0 0.26944444444444443 0.3770833333333333 0.22222222222222224 0.05
0 0.2712962962962963 0.42673611111111115 0.2 0.03402777777777778
0 0.2689814814814815 0.4822916666666667 0.2212962962962963 0.04513888888888889
0 0.26666666666666666 0.5326388888888889 0.2111111111111111 0.04027777777777778
0 0.2675925925925926 0.5871527777777777 0.22037037037037038 0.04513888888888889
0 0.25972222222222224 0.6444444444444445 0.23055555555555557 0.04583333333333334
0 0.5361111111111111 0.15069444444444444 0.1962962962962963 0.029166666666666667
0 0.5435185185185185 0.20555555555555557 0.20370370370370372 0.03888888888888889
0 0.5546296296296297 0.25833333333333336 0.2388888888888889 0.0375
0 0.5527777777777778 0.31736111111111115 0.24074074074074076 0.030555555555555558
0 0.5375 0.37430555555555556 0.24166666666666667 0.036111111111111115
0 0.5402777777777777 0.42847222222222225 0.24166666666666667 0.04166666666666667
0 0.5375 0.4795138888888889 0.23611111111111113 0.03958333333333333
0 0.5347222222222222 0.5402777777777777 0.24166666666666667 0.036111111111111115
0 0.5333333333333333 0.5934027777777778 0.21296296296296297 0.03680555555555556
0 0.5324074074074074 0.6538194444444445 0.22037037037037038 0.03680555555555556
0 0.8189814814814815 0.140625 0.20092592592592592 0.03819444444444445
0 0.8152777777777778 0.1996527777777778 0.2138888888888889 0.03958333333333333
0 0.8231481481481482 0.2534722222222222 0.22592592592592595 0.03194444444444445
0 0.8162037037037038 0.3125 0.22314814814814815 0.034722222222222224
0 0.8194444444444445 0.371875 0.23333333333333334 0.035416666666666666
0 0.8106481481481482 0.42986111111111114 0.21203703703703705 0.036111111111111115
0 0.825925925925926 0.4871527777777778 0.26666666666666666 0.035416666666666666
0 0.8157407407407408 0.5475694444444444 0.2351851851851852 0.04097222222222222
0 0.8060185185185186 0.6069444444444445 0.23240740740740742 0.04583333333333334
0 0.8337962962962964 0.6645833333333333 0.2675925925925926 0.04583333333333334
