0 0.28055555555555556 0.20416666666666666 0.15555555555555556 0.03333333333333333
0 0.2916666666666667 0.24618055555555557 0.1814814814814815 0.029861111111111113
0 0.3143518518518519 0.2916666666666667 0.2175925925925926 0.030555555555555558
0 0.30324074074074076 0.33611111111111114 0.24351851851851852 0.03194444444444445
0 0.2962962962962963 0.3819444444444445 0.18333333333333335 0.034722222222222224
0 0.2925925925925926 0.42534722222222227 0.1962962962962963 0.03125
0 0.28611111111111115 0.47881944444444446 0.21851851851851853 0.03125
0 0.28564814814814815 0.5277777777777778 0.20833333333333334 0.025
0 0.28750000000000003 0.5722222222222223 0.2064814814814815 0.02777777777777778
0 0.2828703703703704 0.6322916666666667 0.2138888888888889 0.03958333333333333
0 0.525462962962963 0.19930555555555557 0.18981481481481483 0.03888888888888889
0 0.5300925925925926 0.24756944444444445 0.2064814814814815 0.03402777777777778
0 0.5342592592592593 0.2954861111111111 0.1925925925925926 0.03680555555555556
0 0.5388888888888889 0.3402777777777778 0.20740740740740743 0.02777777777777778
0 0.5467592592592593 0.38333333333333336 0.21574074074074076 0.0375
0 0.5546296296296297 0.4326388888888889 0.22222222222222224 0.0375
0 0.5407407407407407 0.48159722222222223 0.22222222222222224 0.029861111111111113
0 0.538425925925926 0.5298611111111111 0.1953703703703704 0.034722222222222224
0 0.5356481481481482 0.5774305555555556 0.18981481481481483 0.03402777777777778
0 0.5560185185185186 0.6260416666666667 0.2138888888888889 0.035416666666666666
0 0.7291666666666667 0.2138888888888889 0.1638888888888889 0.03333333333333333
0 0.7412037037037037 0.25972222222222224 0.17685185185185187 0.03333333333333333
0 0.7402777777777778 0.30347222222222225 0.17500000000000002 0.029166666666666667
0 0.7495370370370371 0.3472222222222222 0.1824074074074074 0.034722222222222224
0 0.7597222222222223 0.3888888888888889 0.19166666666666668 0.029166666666666667
0 0.7597222222222223 0.43645833333333334 0.17685185185185187 0.03402777777777778
0 0.7546296296296297 0.4760416666666667 0.16666666666666669 0.04236111111111111
0 0.7587962962962963 0.5302083333333334 0.18055555555555555 0.03402777777777778
0 0.7574074074074074 0.5784722222222223 0.18333333333333335 0.036111111111111115
0 0.7564814814814815 0.6263888888888889 0.16111111111111112 0.036111111111111115
