0 0.6925925925925926 0.18541666666666667 0.17037037037037037 0.04027777777777778
0 0.6828703703703703 0.23194444444444445 0.1824074074074074 0.030555555555555558
0 0.6805555555555556 0.28368055555555555 0.23148148148148148 0.03819444444444445
0 0.6773148148148148 0.33090277777777777 0.23055555555555557 0.03958333333333333
0 0.7060185185185186 0.3784722222222222 0.1953703703703704 0.04583333333333334
0 0.701388888888889 0.4239583333333333 0.18796296296296297 0.03958333333333333
0 0.7046296296296296 0.4798611111111111 0.1925925925925926 0.04166666666666667
0 0.6949074074074074 0.5288194444444445 0.21574074074074076 0.050694444444444445
0 0.7083333333333334 0.5770833333333334 0.1962962962962963 0.05694444444444444
0 0.7305555555555556 0.6243055555555556 0.18703703703703706 0.04027777777777778
0 0.44537037037037036 0.17500000000000002 0.19814814814814816 0.04166666666666667
0 0.45 0.22430555555555556 0.1814814814814815 0.0375
0 0.4518518518518519 0.27881944444444445 0.19074074074074074 0.03680555555555556
0 0.45833333333333337 0.32916666666666666 0.17777777777777778 0.030555555555555558
0 0.4398148148148148 0.37430555555555556 0.21851851851851853 0.04027777777777778
0 0.4671296296296297 0.4288194444444445 0.18981481481481483 0.04097222222222222
0 0.45787037037037037 0.47500000000000003 0.20833333333333334 0.044444444444444446
0 0.4518518518518519 0.5315972222222223 0.21666666666666667 0.04513888888888889
0 0.4467592592592593 0.5875 0.22685185185185186 0.05
0 0.47500000000000003 0.640625 0.1851851851851852 0.04513888888888889
0 0.20416666666666666 0.16770833333333335 0.17685185185185187 0.03680555555555556
0 0.2101851851851852 0.215625 0.16666666666666669 0.035416666666666666
0 0.20833333333333334 0.2677083333333333 0.17407407407407408 0.03402777777777778
0 0.20277777777777778 0.32430555555555557 0.1962962962962963 0.043055555555555555
0 0.20833333333333334 0.37395833333333334 0.19444444444444445 0.035416666666666666
0 0.19444444444444445 0.4305555555555556 0.20370370370370372 0.03888888888888889
0 0.20787037037037037 0.4826388888888889 0.20092592592592592 0.0375
0 0.19814814814814816 0.5368055555555555 0.22222222222222224 0.04027777777777778
0 0.20092592592592592 0.5923611111111111 0.20370370370370372 0.03888888888888889
0 0.20555555555555557 0.6506944444444445 0.20740740740740743 0.05277777777777778
