0 0.165 0.386875 0.26 0.03125
0 0.16833333333333333 0.339375 0.2566666666666667 0.03125
0 0.18500000000000003 0.2925 0.23333333333333334 0.0325
0 0.4891666666666667 0.286875 0.24166666666666667 0.03375
0 0.8258333333333334 0.28750000000000003 0.20500000000000002 0.035
0 0.17416666666666666 0.248125 0.2516666666666667 0.03375
0 0.5 0.244375 0.22 0.03375
0 0.7958333333333334 0.23875000000000002 0.26166666666666666 0.035
0 0.1925 0.204375 0.21833333333333335 0.03125
0 0.5033333333333334 0.2 0.21333333333333335 0.035
0 0.8058333333333334 0.194375 0.23833333333333334 0.03625
0 0.8066666666666668 0.33187500000000003 0.24000000000000002 0.03375
0 0.8041666666666667 0.38375000000000004 0.26166666666666666 0.035
0 0.8025000000000001 0.43 0.25833333333333336 0.035
0 0.8125 0.478125 0.2516666666666667 0.03125
0 0.805 0.52875 0.2733333333333334 0.0425
0 0.8083333333333333 0.578125 0.2833333333333333 0.03875
0 0.8233333333333334 0.63125 0.25 0.04
0 0.49250000000000005 0.33437500000000003 0.22833333333333336 0.03625
0 0.49500000000000005 0.383125 0.23333333333333334 0.03375
0 0.4808333333333334 0.43 0.25833333333333336 0.035
0 0.49333333333333335 0.47875 0.24333333333333335 0.0375
0 0.5 0.533125 0.23 0.04125
0 0.4816666666666667 0.5806250000000001 0.27 0.03375
0 0.48833333333333334 0.631875 0.25333333333333335 0.03625
0 0.16666666666666669 0.43125 0.2566666666666667 0.0325
0 0.16666666666666669 0.48 0.2566666666666667 0.0325
0 0.16333333333333333 0.53 0.26 0.0375
0 0.16166666666666668 0.58125 0.26333333333333336 0.0325
0 0.15166666666666667 0.6325000000000001 0.26333333333333336 0.0375
