0 0.4808333333333334 0.691875 0.255 0.04125
0 0.75 0.68125 0.24666666666666667 0.0375
0 0.4783333333333334 0.63625 0.25 0.0375
0 0.7466666666666667 0.63 0.24000000000000002 0.0375
0 0.4666666666666667 0.576875 0.23333333333333334 0.04125
0 0.7458333333333333 0.573125 0.23833333333333334 0.03625
0 0.19083333333333335 0.53 0.23500000000000001 0.04
0 0.4633333333333334 0.52625 0.22 0.035
0 0.7458333333333333 0.51875 0.24833333333333335 0.0425
0 0.19166666666666668 0.47375 0.2366666666666667 0.035
0 0.4666666666666667 0.47125 0.23 0.0375
0 0.7433333333333334 0.46875 0.24666666666666667 0.035
0 0.7433333333333334 0.41375 0.24000000000000002 0.035
0 0.19333333333333336 0.41375 0.24333333333333335 0.0375
0 0.4658333333333334 0.415625 0.225 0.04125
0 0.7416666666666667 0.356875 0.24000000000000002 0.03625
0 0.4575 0.358125 0.21833333333333335 0.04125
0 0.19333333333333336 0.35625 0.23 0.0375
0 0.7350000000000001 0.305625 0.23333333333333334 0.03375
0 0.4675 0.30312500000000003 0.24166666666666667 0.03875
0 0.19333333333333336 0.30125 0.24000000000000002 0.0325
0 0.7316666666666667 0.255 0.2366666666666667 0.035
0 0.46166666666666667 0.250625 0.23 0.03875
0 0.18916666666666668 0.25375000000000003 0.2316666666666667 0.0475
0 0.7250000000000001 0.199375 0.22333333333333336 0.03375
0 0.46166666666666667 0.19375 0.23333333333333334 0.04
0 0.18833333333333335 0.1925 0.22666666666666668 0.045
0 0.19166666666666668 0.583125 0.23333333333333334 0.03625
0 0.19333333333333336 0.63625 0.23333333333333334 0.04
0 0.195 0.696875 0.24000000000000002 0.03625
