0 0.7726851851851853 0.20972222222222223 0.2138888888888889 0.03194444444444445
0 0.7740740740740741 0.2604166666666667 0.21666666666666667 0.0375
0 0.7759259259259259 0.309375 0.21481481481481482 0.03819444444444445
0 0.7652777777777778 0.36944444444444446 0.21944444444444444 0.04166666666666667
0 0.7671296296296296 0.42256944444444444 0.2564814814814815 0.04236111111111111
0 0.7791666666666667 0.4809027777777778 0.23240740740740742 0.03958333333333333
0 0.7722222222222223 0.5305555555555556 0.24074074074074076 0.043055555555555555
0 0.7620370370370371 0.5857638888888889 0.26666666666666666 0.043750000000000004
0 0.7856481481481482 0.6479166666666667 0.24351851851851852 0.044444444444444446
0 0.7921296296296296 0.7045138888888889 0.23796296296296296 0.03402777777777778
0 0.500462962962963 0.1954861111111111 0.21944444444444444 0.024305555555555556
0 0.4981481481481482 0.2555555555555556 0.22592592592592595 0.03333333333333333
0 0.4912037037037037 0.3090277777777778 0.25462962962962965 0.0375
0 0.4990740740740741 0.36562500000000003 0.23333333333333334 0.043750000000000004
0 0.48842592592592593 0.4173611111111111 0.24351851851851852 0.03194444444444445
0 0.48379629629629634 0.47500000000000003 0.28055555555555556 0.043055555555555555
0 0.48379629629629634 0.5277777777777778 0.2638888888888889 0.034722222222222224
0 0.4953703703703704 0.5833333333333334 0.22592592592592595 0.034722222222222224
0 0.48194444444444445 0.646875 0.27314814814814814 0.04513888888888889
0 0.48194444444444445 0.7045138888888889 0.2898148148148148 0.04930555555555556
0 0.24166666666666667 0.18680555555555556 0.18703703703703706 0.03333333333333333
0 0.2240740740740741 0.24027777777777778 0.22777777777777777 0.0375
0 0.23611111111111113 0.296875 0.23148148148148148 0.035416666666666666
0 0.23055555555555557 0.35347222222222224 0.21481481481481482 0.03333333333333333
0 0.2212962962962963 0.41111111111111115 0.22777777777777777 0.03333333333333333
0 0.21481481481481482 0.46770833333333334 0.24074074074074076 0.03958333333333333
0 0.2162037037037037 0.5326388888888889 0.22685185185185186 0.03888888888888889
0 0.21064814814814817 0.5902777777777778 0.23796296296296296 0.04027777777777778
0 0.21064814814814817 0.6447916666666667 0.22314814814814815 0.03263888888888889
0 0.21203703703703705 0.7104166666666667 0.21481481481481482 0.04166666666666667
