0 0.2953703703703704 0.20798611111111112 0.2 0.03819444444444445
0 0.2962962962962963 0.2520833333333333 0.17777777777777778 0.030555555555555558
0 0.28750000000000003 0.290625 0.16018518518518518 0.024305555555555556
0 0.2986111111111111 0.33819444444444446 0.1824074074074074 0.034722222222222224
0 0.29305555555555557 0.3819444444444445 0.15833333333333333 0.030555555555555558
0 0.27870370370370373 0.42812500000000003 0.1925925925925926 0.03958333333333333
0 0.28935185185185186 0.46979166666666666 0.17685185185185187 0.025694444444444447
0 0.2884259259259259 0.5177083333333333 0.17685185185185187 0.03819444444444445
0 0.2925925925925926 0.5663194444444445 0.2 0.035416666666666666
0 0.28611111111111115 0.6131944444444445 0.18888888888888888 0.030555555555555558
0 0.525462962962963 0.20034722222222223 0.17500000000000002 0.02291666666666667
0 0.5268518518518519 0.24340277777777777 0.1925925925925926 0.03125
0 0.5240740740740741 0.28506944444444443 0.17222222222222222 0.024305555555555556
0 0.5388888888888889 0.33298611111111115 0.21666666666666667 0.04513888888888889
0 0.5143518518518518 0.3732638888888889 0.17500000000000002 0.029861111111111113
0 0.5402777777777777 0.42291666666666666 0.2101851851851852 0.0375
0 0.5217592592592593 0.4666666666666667 0.18796296296296297 0.0375
0 0.5125000000000001 0.515625 0.1787037037037037 0.029861111111111113
0 0.5333333333333333 0.5593750000000001 0.1962962962962963 0.04097222222222222
0 0.5324074074074074 0.6180555555555556 0.22962962962962963 0.03888888888888889
0 0.75 0.18888888888888888 0.1685185185185185 0.03333333333333333
0 0.7550925925925926 0.23368055555555556 0.18796296296296297 0.029861111111111113
0 0.7546296296296297 0.2763888888888889 0.18703703703703706 0.02777777777777778
0 0.763888888888889 0.32430555555555557 0.1851851851851852 0.034722222222222224
0 0.7583333333333334 0.3680555555555556 0.1851851851851852 0.03194444444444445
0 0.7620370370370371 0.4166666666666667 0.18703703703703706 0.029166666666666667
0 0.7606481481481482 0.46631944444444445 0.17500000000000002 0.03402777777777778
0 0.7699074074074075 0.5166666666666667 0.19907407407407407 0.04027777777777778
0 0.775462962962963 0.5670138888888889 0.19166666666666668 0.043750000000000004
0 0.7791666666666667 0.6142361111111111 0.1953703703703704 0.03958333333333333
