0 0.3092592592592593 0.27187500000000003 0.21666666666666667 0.03819444444444445
0 0.30185185185185187 0.31701388888888893 0.1925925925925926 0.029861111111111113
0 0.3060185185185185 0.35868055555555556 0.21203703703703705 0.029861111111111113
0 0.3013888888888889 0.40625 0.2064814814814815 0.02777777777777778
0 0.2986111111111111 0.45034722222222223 0.2064814814814815 0.029861111111111113
0 0.2939814814814815 0.49895833333333334 0.22870370370370371 0.035416666666666666
0 0.287962962962963 0.5430555555555556 0.20370370370370372 0.036111111111111115
0 0.28611111111111115 0.5895833333333333 0.2 0.03333333333333333
0 0.2796296296296296 0.6378472222222222 0.1962962962962963 0.03263888888888889
0 0.2777777777777778 0.6923611111111111 0.22962962962962963 0.034722222222222224
0 0.5462962962962963 0.27569444444444446 0.22222222222222224 0.0375
0 0.5356481481481482 0.3194444444444445 0.20092592592592592 0.02638888888888889
0 0.5310185185185186 0.36319444444444443 0.20092592592592592 0.02638888888888889
0 0.5458333333333334 0.409375 0.21944444444444444 0.035416666666666666
0 0.5361111111111111 0.453125 0.1962962962962963 0.03125
0 0.5361111111111111 0.49895833333333334 0.20555555555555557 0.03125
0 0.5347222222222222 0.5458333333333334 0.20462962962962963 0.03333333333333333
0 0.5282407407407408 0.5958333333333333 0.2101851851851852 0.036111111111111115
0 0.5282407407407408 0.6458333333333334 0.2101851851851852 0.030555555555555558
0 0.5356481481481482 0.6965277777777779 0.23240740740740742 0.04166666666666667
0 0.7652777777777778 0.2746527777777778 0.20462962962962963 0.03263888888888889
0 0.7689814814814815 0.31701388888888893 0.2101851851851852 0.029861111111111113
0 0.7689814814814815 0.36423611111111115 0.2175925925925926 0.03263888888888889
0 0.7722222222222223 0.40902777777777777 0.20925925925925926 0.03333333333333333
0 0.7675925925925926 0.4590277777777778 0.22037037037037038 0.03194444444444445
0 0.7689814814814815 0.4979166666666667 0.21574074074074076 0.034722222222222224
0 0.7726851851851853 0.5437500000000001 0.21944444444444444 0.02638888888888889
0 0.7759259259259259 0.5958333333333333 0.2240740740740741 0.036111111111111115
0 0.7810185185185186 0.6461805555555555 0.23425925925925928 0.035416666666666666
0 0.7819444444444444 0.6993055555555556 0.22314814814814815 0.03888888888888889
