0 0.28564814814814815 0.2170138888888889 0.1824074074074074 0.03125
0 0.29120370370370374 0.2569444444444445 0.1824074074074074 0.02777777777777778
0 0.3037037037037037 0.30104166666666665 0.2111111111111111 0.03958333333333333
0 0.2865740740740741 0.3472222222222222 0.20833333333333334 0.03333333333333333
0 0.28425925925925927 0.3902777777777778 0.1851851851851852 0.036111111111111115
0 0.2833333333333333 0.43680555555555556 0.21296296296296297 0.0375
0 0.28055555555555556 0.4840277777777778 0.21851851851851853 0.04166666666666667
0 0.26435185185185184 0.5267361111111112 0.20092592592592592 0.03958333333333333
0 0.26435185185185184 0.5760416666666667 0.1824074074074074 0.03958333333333333
0 0.2675925925925926 0.6243055555555556 0.21296296296296297 0.036111111111111115
0 0.5106481481481482 0.20486111111111113 0.1712962962962963 0.02777777777777778
0 0.5097222222222222 0.2503472222222222 0.17500000000000002 0.03402777777777778
0 0.5050925925925926 0.29583333333333334 0.17685185185185187 0.030555555555555558
0 0.5083333333333333 0.34305555555555556 0.1925925925925926 0.03333333333333333
0 0.5018518518518519 0.3885416666666667 0.17407407407407408 0.025694444444444447
0 0.49768518518518523 0.4340277777777778 0.18796296296296297 0.03194444444444445
0 0.5120370370370371 0.4829861111111111 0.20740740740740743 0.03958333333333333
0 0.49583333333333335 0.5302083333333334 0.18796296296296297 0.03402777777777778
0 0.49768518518518523 0.5774305555555556 0.17685185185185187 0.03263888888888889
0 0.49444444444444446 0.6253472222222223 0.19814814814814816 0.03402777777777778
0 0.7476851851851852 0.19270833333333334 0.18611111111111112 0.03819444444444445
0 0.7425925925925926 0.24097222222222223 0.20740740740740743 0.036111111111111115
0 0.7421296296296297 0.28645833333333337 0.1953703703703704 0.03125
0 0.7555555555555555 0.33437500000000003 0.20740740740740743 0.03680555555555556
0 0.737037037037037 0.3840277777777778 0.2111111111111111 0.03194444444444445
0 0.7541666666666667 0.43680555555555556 0.23055555555555557 0.0375
0 0.7449074074074075 0.484375 0.19166666666666668 0.03402777777777778
0 0.7449074074074075 0.5340277777777778 0.21203703703703705 0.04166666666666667
0 0.7416666666666667 0.5833333333333334 0.1851851851851852 0.030555555555555558
0 0.7384259259259259 0.6340277777777779 0.1824074074074074 0.034722222222222224
