0 0.1865740740740741 0.20972222222222223 0.23240740740740742 0.036111111111111115
0 0.18425925925925926 0.25277777777777777 0.22777777777777777 0.03888888888888889
0 0.19166666666666668 0.2986111111111111 0.23333333333333334 0.036111111111111115
0 0.18935185185185185 0.3479166666666667 0.23240740740740742 0.04722222222222222
0 0.19166666666666668 0.39375 0.24074074074074076 0.04722222222222222
0 0.18888888888888888 0.44062500000000004 0.2351851851851852 0.04236111111111111
0 0.19490740740740742 0.49270833333333336 0.24351851851851852 0.043750000000000004
0 0.18472222222222223 0.5447916666666667 0.23240740740740742 0.043750000000000004
0 0.18842592592592594 0.5982638888888889 0.23611111111111113 0.04652777777777778
0 0.1865740740740741 0.6527777777777778 0.2490740740740741 0.05277777777777778
0 0.4217592592592593 0.1996527777777778 0.2064814814814815 0.035416666666666666
0 0.4314814814814815 0.2465277777777778 0.21851851851851853 0.0375
0 0.43703703703703706 0.28923611111111114 0.22962962962962963 0.029861111111111113
0 0.44351851851851853 0.33645833333333336 0.2425925925925926 0.035416666666666666
0 0.44212962962962965 0.384375 0.23611111111111113 0.03958333333333333
0 0.44583333333333336 0.43472222222222223 0.23240740740740742 0.029166666666666667
0 0.4486111111111111 0.4826388888888889 0.22685185185185186 0.03194444444444445
0 0.4527777777777778 0.5326388888888889 0.2351851851851852 0.036111111111111115
0 0.45 0.5861111111111111 0.22592592592592595 0.04027777777777778
0 0.46111111111111114 0.6420138888888889 0.2351851851851852 0.050694444444444445
0 0.649537037037037 0.20069444444444445 0.1953703703703704 0.029166666666666667
0 0.6518518518518519 0.24479166666666669 0.19074074074074074 0.03125
0 0.6699074074074074 0.28541666666666665 0.20833333333333334 0.0375
0 0.6620370370370371 0.3315972222222222 0.18703703703703706 0.029861111111111113
0 0.6800925925925926 0.3770833333333333 0.20277777777777778 0.030555555555555558
0 0.6870370370370371 0.4260416666666667 0.21296296296296297 0.035416666666666666
0 0.700462962962963 0.4760416666666667 0.2175925925925926 0.03819444444444445
0 0.7087962962962964 0.5236111111111111 0.23055555555555557 0.04166666666666667
0 0.7268518518518519 0.5743055555555556 0.24444444444444446 0.03888888888888889
0 0.7240740740740741 0.6295138888888889 0.23703703703703705 0.03958333333333333
