0 0.27222222222222225 0.21493055555555557 0.22222222222222224 0.043750000000000004
0 0.27592592592592596 0.2652777777777778 0.22962962962962963 0.04166666666666667
0 0.27546296296296297 0.31145833333333334 0.225 0.03680555555555556
0 0.27175925925925926 0.35833333333333334 0.23240740740740742 0.036111111111111115
0 0.2689814814814815 0.4017361111111111 0.23240740740740742 0.03958333333333333
0 0.26851851851851855 0.4513888888888889 0.2425925925925926 0.03888888888888889
0 0.26203703703703707 0.5048611111111111 0.24629629629629632 0.036111111111111115
0 0.24814814814814815 0.5552083333333333 0.23333333333333334 0.03819444444444445
0 0.250462962962963 0.6059027777777778 0.24722222222222223 0.03958333333333333
0 0.24629629629629632 0.6600694444444445 0.24629629629629632 0.043750000000000004
0 0.5291666666666667 0.21458333333333335 0.23981481481481481 0.03333333333333333
0 0.5212962962962964 0.26319444444444445 0.22962962962962963 0.03194444444444445
0 0.5203703703703704 0.309375 0.23148148148148148 0.04097222222222222
0 0.5115740740740741 0.35868055555555556 0.21944444444444444 0.03402777777777778
0 0.5087962962962963 0.40520833333333334 0.225 0.03958333333333333
0 0.5143518518518518 0.45381944444444444 0.225 0.035416666666666666
0 0.5175925925925926 0.5020833333333333 0.2425925925925926 0.0375
0 0.5148148148148148 0.5527777777777778 0.2388888888888889 0.036111111111111115
0 0.512962962962963 0.6083333333333334 0.24629629629629632 0.04027777777777778
0 0.5055555555555555 0.6628472222222223 0.22037037037037038 0.03819444444444445
0 0.750462962962963 0.20729166666666668 0.2175925925925926 0.03125
0 0.7546296296296297 0.25625000000000003 0.21481481481481482 0.02638888888888889
0 0.7532407407407408 0.3024305555555556 0.2212962962962963 0.035416666666666666
0 0.7555555555555555 0.3541666666666667 0.22222222222222224 0.03194444444444445
0 0.7625000000000001 0.40069444444444446 0.23055555555555557 0.04166666666666667
0 0.7597222222222223 0.44722222222222224 0.225 0.04027777777777778
0 0.7597222222222223 0.5013888888888889 0.225 0.04722222222222222
0 0.7648148148148148 0.5548611111111111 0.24074074074074076 0.04027777777777778
0 0.7648148148148148 0.6038194444444445 0.2351851851851852 0.043750000000000004
0 0.7717592592592593 0.6649305555555556 0.24351851851851852 0.04513888888888889
