0 0.3282407407407408 0.18888888888888888 0.21944444444444444 0.04166666666666667
0 0.3199074074074074 0.23402777777777778 0.2064814814814815 0.034722222222222224
0 0.32962962962962966 0.2847222222222222 0.23333333333333334 0.03888888888888889
0 0.31527777777777777 0.3277777777777778 0.21574074074074076 0.03333333333333333
0 0.30462962962962964 0.3736111111111111 0.19444444444444445 0.03194444444444445
0 0.3055555555555556 0.42256944444444444 0.2111111111111111 0.03819444444444445
0 0.30185185185185187 0.4729166666666667 0.21296296296296297 0.043055555555555555
0 0.3175925925925926 0.525 0.2611111111111111 0.044444444444444446
0 0.2986111111111111 0.5725694444444445 0.23796296296296296 0.035416666666666666
0 0.29120370370370374 0.6201388888888889 0.23055555555555557 0.044444444444444446
0 0.5652777777777778 0.17847222222222223 0.2212962962962963 0.029166666666666667
0 0.5587962962962963 0.22743055555555555 0.2101851851851852 0.024305555555555556
0 0.5717592592592593 0.27881944444444445 0.23425925925925928 0.03125
0 0.5643518518518519 0.32534722222222223 0.225 0.03402777777777778
0 0.5703703703703704 0.37604166666666666 0.2388888888888889 0.03958333333333333
0 0.5587962962962963 0.4236111111111111 0.23055555555555557 0.03888888888888889
0 0.5615740740740741 0.4729166666666667 0.23055555555555557 0.043055555555555555
0 0.5601851851851852 0.5239583333333333 0.22222222222222224 0.03680555555555556
0 0.5601851851851852 0.5715277777777777 0.22777777777777777 0.03333333333333333
0 0.5587962962962963 0.623263888888889 0.23981481481481481 0.04236111111111111
0 0.7912037037037037 0.17500000000000002 0.19907407407407407 0.04166666666666667
0 0.7912037037037037 0.2232638888888889 0.19351851851851853 0.03680555555555556
0 0.7925925925925926 0.2715277777777778 0.19444444444444445 0.0375
0 0.8032407407407408 0.32222222222222224 0.21203703703703705 0.036111111111111115
0 0.8106481481481482 0.375 0.225 0.03888888888888889
0 0.8078703703703703 0.42291666666666666 0.21944444444444444 0.03333333333333333
0 0.8055555555555556 0.4725694444444445 0.2111111111111111 0.03819444444444445
0 0.8064814814814815 0.5222222222222223 0.2111111111111111 0.04166666666666667
0 0.8120370370370371 0.5743055555555556 0.21481481481481482 0.036111111111111115
0 0.8166666666666667 0.6302083333333334 0.22777777777777777 0.03958333333333333
