0 0.3199074074074074 0.27569444444444446 0.1824074074074074 0.034722222222222224
0 0.31712962962962965 0.3211805555555556 0.1824074074074074 0.03402777777777778
0 0.3101851851851852 0.3652777777777778 0.17777777777777778 0.03333333333333333
0 0.3148148148148148 0.4118055555555556 0.19814814814814816 0.034722222222222224
0 0.3037037037037037 0.45034722222222223 0.1962962962962963 0.03402777777777778
0 0.3050925925925926 0.49930555555555556 0.19907407407407407 0.04027777777777778
0 0.2976851851851852 0.5472222222222223 0.20092592592592592 0.0375
0 0.2847222222222222 0.5951388888888889 0.2064814814814815 0.03333333333333333
0 0.28750000000000003 0.6413194444444444 0.2064814814814815 0.03402777777777778
0 0.28055555555555556 0.6951388888888889 0.18888888888888888 0.04027777777777778
0 0.5592592592592592 0.26944444444444443 0.22222222222222224 0.02777777777777778
0 0.5560185185185186 0.3194444444444445 0.225 0.0375
0 0.5569444444444445 0.36597222222222225 0.2175925925925926 0.03194444444444445
0 0.5527777777777778 0.41423611111111114 0.21481481481481482 0.029861111111111113
0 0.5444444444444445 0.4607638888888889 0.22222222222222224 0.03958333333333333
0 0.5347222222222222 0.5072916666666667 0.20833333333333334 0.03125
0 0.5361111111111111 0.5545138888888889 0.20740740740740743 0.027083333333333334
0 0.5407407407407407 0.6010416666666667 0.21666666666666667 0.03680555555555556
0 0.5347222222222222 0.6496527777777779 0.19722222222222224 0.03263888888888889
0 0.524537037037037 0.7048611111111112 0.20277777777777778 0.04166666666666667
0 0.7763888888888889 0.2690972222222222 0.1953703703703704 0.03125
0 0.7828703703703704 0.31701388888888893 0.19351851851851853 0.03402777777777778
0 0.7828703703703704 0.3670138888888889 0.21944444444444444 0.03263888888888889
0 0.7768518518518519 0.4135416666666667 0.20555555555555557 0.03125
0 0.7768518518518519 0.46111111111111114 0.19444444444444445 0.03194444444444445
0 0.7712962962962964 0.5100694444444445 0.2 0.03819444444444445
0 0.7731481481481481 0.5614583333333334 0.19814814814814816 0.03402777777777778
0 0.7606481481481482 0.6107638888888889 0.18425925925925926 0.03819444444444445
0 0.7648148148148148 0.6614583333333334 0.18333333333333335 0.043750000000000004
0 0.7699074074074075 0.7166666666666667 0.2138888888888889 0.04166666666666667
