0 0.7425925925925926 0.18645833333333334 0.18888888888888888 0.03680555555555556
0 0.7518518518518519 0.2357638888888889 0.17777777777777778 0.03402777777777778
0 0.7490740740740741 0.28645833333333337 0.18703703703703706 0.03958333333333333
0 0.7555555555555555 0.3350694444444445 0.20555555555555557 0.03402777777777778
0 0.7537037037037038 0.3888888888888889 0.21666666666666667 0.04166666666666667
0 0.7569444444444444 0.4357638888888889 0.20462962962962963 0.03958333333333333
0 0.7689814814814815 0.48680555555555555 0.1953703703703704 0.04027777777777778
0 0.7740740740740741 0.5423611111111112 0.21666666666666667 0.04027777777777778
0 0.7777777777777778 0.5916666666666667 0.21481481481481482 0.0375
0 0.7837962962962963 0.6517361111111112 0.225 0.050694444444444445
0 0.5018518518518519 0.17083333333333334 0.18888888888888888 0.0375
0 0.5106481481481482 0.22222222222222224 0.17685185185185187 0.034722222222222224
0 0.5018518518518519 0.2729166666666667 0.20185185185185187 0.03888888888888889
0 0.4962962962962963 0.3277777777777778 0.22777777777777777 0.0375
0 0.4967592592592593 0.378125 0.22870370370370371 0.03958333333333333
0 0.500925925925926 0.4340277777777778 0.22037037037037038 0.0375
0 0.5125000000000001 0.4864583333333333 0.2175925925925926 0.03819444444444445
0 0.5148148148148148 0.540625 0.2111111111111111 0.03680555555555556
0 0.5097222222222222 0.5979166666666667 0.22314814814814815 0.04027777777777778
0 0.513888888888889 0.6548611111111111 0.23148148148148148 0.0375
0 0.23472222222222222 0.1638888888888889 0.1953703703703704 0.03888888888888889
0 0.23611111111111113 0.2138888888888889 0.19814814814814816 0.03333333333333333
0 0.23194444444444445 0.26840277777777777 0.21203703703703705 0.035416666666666666
0 0.2439814814814815 0.3211805555555556 0.20833333333333334 0.04513888888888889
0 0.23564814814814816 0.3753472222222222 0.21944444444444444 0.03819444444444445
0 0.24212962962962964 0.4329861111111111 0.23240740740740742 0.03402777777777778
0 0.2388888888888889 0.48958333333333337 0.2240740740740741 0.03194444444444445
0 0.23194444444444445 0.5465277777777778 0.2212962962962963 0.044444444444444446
0 0.23425925925925928 0.6038194444444445 0.23333333333333334 0.043750000000000004
0 0.2388888888888889 0.6625 0.22037037037037038 0.0375
