0 0.21805555555555556 0.20416666666666666 0.18796296296296297 0.029166666666666667
0 0.23333333333333334 0.2559027777777778 0.1925925925925926 0.03263888888888889
0 0.2212962962962963 0.2951388888888889 0.19444444444444445 0.02777777777777778
0 0.19768518518518519 0.34479166666666666 0.15833333333333333 0.025694444444444447
0 0.2064814814814815 0.38645833333333335 0.18333333333333335 0.029861111111111113
0 0.2101851851851852 0.43645833333333334 0.20370370370370372 0.029861111111111113
0 0.20833333333333334 0.47881944444444446 0.1962962962962963 0.035416666666666666
0 0.1875 0.5298611111111111 0.18796296296296297 0.034722222222222224
0 0.19351851851851853 0.5746527777777778 0.20370370370370372 0.035416666666666666
0 0.2 0.6243055555555556 0.21666666666666667 0.03194444444444445
0 0.45092592592592595 0.19444444444444445 0.19074074074074074 0.03888888888888889
0 0.4476851851851852 0.24791666666666667 0.18796296296296297 0.03333333333333333
0 0.4564814814814815 0.29583333333333334 0.2111111111111111 0.02638888888888889
0 0.4388888888888889 0.33645833333333336 0.1851851851851852 0.03125
0 0.4291666666666667 0.3871527777777778 0.19722222222222224 0.03402777777777778
0 0.4342592592592593 0.44270833333333337 0.1925925925925926 0.04513888888888889
0 0.4305555555555556 0.4847222222222222 0.17962962962962964 0.03194444444444445
0 0.4342592592592593 0.5309027777777778 0.17777777777777778 0.03125
0 0.4328703703703704 0.5774305555555556 0.19166666666666668 0.03680555555555556
0 0.42824074074074076 0.6267361111111112 0.1953703703703704 0.03402777777777778
0 0.674537037037037 0.19444444444444445 0.18796296296296297 0.0375
0 0.6666666666666667 0.2420138888888889 0.17222222222222222 0.03263888888888889
0 0.6689814814814815 0.2888888888888889 0.17500000000000002 0.03194444444444445
0 0.6736111111111112 0.3392361111111111 0.18611111111111112 0.03263888888888889
0 0.6949074074074074 0.3892361111111111 0.23240740740740742 0.03402777777777778
0 0.687962962962963 0.43854166666666666 0.24074074074074076 0.03819444444444445
0 0.6736111111111112 0.4864583333333333 0.21203703703703705 0.03402777777777778
0 0.6791666666666667 0.5399305555555556 0.22870370370370371 0.03402777777777778
0 0.6824074074074075 0.5871527777777777 0.22962962962962963 0.04097222222222222
0 0.6680555555555556 0.638888888888889 0.21203703703703705 0.044444444444444446
