0 0.7421296296296297 0.23368055555555556 0.17500000000000002 0.029861111111111113
0 0.7291666666666667 0.27569444444444446 0.17500000000000002 0.034722222222222224
0 0.7490740740740741 0.3194444444444445 0.20925925925925926 0.030555555555555558
0 0.7402777777777778 0.3652777777777778 0.18981481481481483 0.030555555555555558
0 0.7564814814814815 0.4065972222222222 0.16111111111111112 0.03680555555555556
0 0.7546296296296297 0.45416666666666666 0.20370370370370372 0.03333333333333333
0 0.7476851851851852 0.5010416666666667 0.1953703703703704 0.03125
0 0.7467592592592592 0.5513888888888889 0.17314814814814816 0.030555555555555558
0 0.7416666666666667 0.6013888888888889 0.20370370370370372 0.03333333333333333
0 0.7393518518518519 0.6493055555555556 0.20092592592592592 0.03194444444444445
0 0.5231481481481481 0.22743055555555555 0.19074074074074074 0.035416666666666666
0 0.5212962962962964 0.2725694444444445 0.18333333333333335 0.027083333333333334
0 0.5263888888888889 0.31354166666666666 0.18796296296296297 0.03402777777777778
0 0.513425925925926 0.36006944444444444 0.18796296296296297 0.03125
0 0.5231481481481481 0.40381944444444445 0.1851851851851852 0.03263888888888889
0 0.5106481481481482 0.45069444444444445 0.1824074074074074 0.02638888888888889
0 0.5083333333333333 0.49895833333333334 0.19444444444444445 0.03125
0 0.49768518518518523 0.5437500000000001 0.2138888888888889 0.03333333333333333
0 0.4953703703703704 0.5944444444444444 0.20925925925925926 0.02777777777777778
0 0.4962962962962963 0.6465277777777778 0.20185185185185187 0.0375
0 0.30972222222222223 0.2267361111111111 0.16574074074074074 0.025694444444444447
0 0.29583333333333334 0.26979166666666665 0.18981481481481483 0.029861111111111113
0 0.28611111111111115 0.3128472222222222 0.17592592592592593 0.03125
0 0.2888888888888889 0.35694444444444445 0.19444444444444445 0.025
0 0.29120370370370374 0.40381944444444445 0.19351851851851853 0.035416666666666666
0 0.2865740740740741 0.4465277777777778 0.19907407407407407 0.034722222222222224
0 0.28240740740740744 0.49062500000000003 0.19074074074074074 0.025694444444444447
0 0.2638888888888889 0.5395833333333333 0.19074074074074074 0.025
0 0.26990740740740743 0.5895833333333333 0.19351851851851853 0.029166666666666667
0 0.25601851851851853 0.6378472222222222 0.1953703703703704 0.035416666666666666
