0 0.30462962962962964 0.2611111111111111 0.17222222222222222 0.03194444444444445
0 0.29814814814814816 0.30659722222222224 0.1574074074074074 0.027083333333333334
0 0.29305555555555557 0.34270833333333334 0.18425925925925926 0.029861111111111113
0 0.30972222222222223 0.38645833333333335 0.19722222222222224 0.029861111111111113
0 0.3 0.4288194444444445 0.19814814814814816 0.03402777777777778
0 0.2847222222222222 0.46944444444444444 0.18425925925925926 0.036111111111111115
0 0.2675925925925926 0.5128472222222222 0.15185185185185185 0.03263888888888889
0 0.2847222222222222 0.5534722222222223 0.1953703703703704 0.034722222222222224
0 0.2657407407407408 0.5989583333333334 0.17407407407407408 0.04097222222222222
0 0.2652777777777778 0.6451388888888889 0.1824074074074074 0.029166666666666667
0 0.5078703703703704 0.25972222222222224 0.1564814814814815 0.03333333333333333
0 0.5018518518518519 0.30069444444444443 0.1537037037037037 0.02777777777777778
0 0.49953703703703706 0.34375 0.16944444444444445 0.02777777777777778
0 0.49953703703703706 0.3854166666666667 0.15833333333333333 0.02777777777777778
0 0.4953703703703704 0.4277777777777778 0.15555555555555556 0.02777777777777778
0 0.4902777777777778 0.4701388888888889 0.16203703703703703 0.029166666666666667
0 0.48750000000000004 0.5118055555555556 0.1675925925925926 0.03333333333333333
0 0.48750000000000004 0.5593750000000001 0.16203703703703703 0.04097222222222222
0 0.48333333333333334 0.6052083333333333 0.16481481481481483 0.03263888888888889
0 0.49768518518518523 0.6503472222222223 0.19722222222222224 0.029861111111111113
0 0.7185185185185186 0.2520833333333333 0.16296296296296298 0.02638888888888889
0 0.7171296296296297 0.29375 0.17685185185185187 0.025
0 0.7222222222222222 0.33819444444444446 0.18703703703703706 0.02777777777777778
0 0.7148148148148148 0.38020833333333337 0.18888888888888888 0.03125
0 0.7171296296296297 0.42812500000000003 0.18796296296296297 0.03402777777777778
0 0.7203703703703704 0.47361111111111115 0.1925925925925926 0.03194444444444445
0 0.7134259259259259 0.5208333333333334 0.18055555555555555 0.030555555555555558
0 0.7134259259259259 0.5649305555555556 0.17500000000000002 0.035416666666666666
0 0.7185185185185186 0.6131944444444445 0.20555555555555557 0.03333333333333333
0 0.7138888888888889 0.6586805555555556 0.1851851851851852 0.03402777777777778
