0 0.6833333333333333 0.2482638888888889 0.19814814814814816 0.03402777777777778
0 0.6828703703703703 0.2947916666666667 0.21944444444444444 0.03125
0 0.6768518518518519 0.3375 0.22777777777777777 0.03333333333333333
0 0.6699074074074074 0.3909722222222222 0.22870370370370371 0.034722222222222224
0 0.6819444444444445 0.4388888888888889 0.2175925925925926 0.0375
0 0.6814814814814815 0.4885416666666667 0.22777777777777777 0.029861111111111113
0 0.687962962962963 0.5427083333333333 0.22037037037037038 0.03263888888888889
0 0.6990740740740741 0.5951388888888889 0.21481481481481482 0.04583333333333334
0 0.7032407407407407 0.6496527777777779 0.22314814814814815 0.043750000000000004
0 0.6939814814814815 0.7045138888888889 0.23981481481481481 0.03819444444444445
0 0.42962962962962964 0.23402777777777778 0.20925925925925926 0.034722222222222224
0 0.42453703703703705 0.28958333333333336 0.21203703703703705 0.034722222222222224
0 0.4240740740740741 0.3375 0.2240740740740741 0.04166666666666667
0 0.4388888888888889 0.38680555555555557 0.1851851851851852 0.04166666666666667
0 0.4439814814814815 0.4395833333333333 0.18425925925925926 0.036111111111111115
0 0.4388888888888889 0.49062500000000003 0.1851851851851852 0.03958333333333333
0 0.43194444444444446 0.5434027777777778 0.21944444444444444 0.03819444444444445
0 0.4356481481481482 0.5972222222222222 0.21203703703703705 0.044444444444444446
0 0.43194444444444446 0.6534722222222222 0.23425925925925928 0.043055555555555555
0 0.42685185185185187 0.7090277777777778 0.22962962962962963 0.036111111111111115
0 0.17500000000000002 0.22118055555555557 0.20370370370370372 0.03263888888888889
0 0.16620370370370371 0.2743055555555556 0.2175925925925926 0.03194444444444445
0 0.18472222222222223 0.32743055555555556 0.2064814814814815 0.03680555555555556
0 0.18101851851851852 0.3784722222222222 0.20092592592592592 0.0375
0 0.17592592592592593 0.43125 0.22777777777777777 0.04027777777777778
0 0.16944444444444445 0.4857638888888889 0.2240740740740741 0.03819444444444445
0 0.16574074074074074 0.5427083333333333 0.20555555555555557 0.035416666666666666
0 0.17037037037037037 0.6 0.21481481481481482 0.04027777777777778
0 0.16203703703703703 0.654513888888889 0.22962962962962963 0.03819444444444445
0 0.16064814814814815 0.7135416666666667 0.22870370370370371 0.043750000000000004
