0 0.3078703703703704 0.2170138888888889 0.2064814814814815 0.03125
0 0.30972222222222223 0.265625 0.19907407407407407 0.03402777777777778
0 0.3013888888888889 0.3125 0.1824074074074074 0.030555555555555558
0 0.3074074074074074 0.3597222222222222 0.19444444444444445 0.036111111111111115
0 0.312962962962963 0.40069444444444446 0.19814814814814816 0.034722222222222224
0 0.2990740740740741 0.4465277777777778 0.19814814814814816 0.0375
0 0.2976851851851852 0.4954861111111111 0.18981481481481483 0.03958333333333333
0 0.2976851851851852 0.5447916666666667 0.2175925925925926 0.035416666666666666
0 0.3092592592592593 0.5947916666666667 0.20925925925925926 0.03958333333333333
0 0.2902777777777778 0.646875 0.18611111111111112 0.03402777777777778
0 0.5152777777777778 0.21944444444444444 0.16944444444444445 0.03194444444444445
0 0.5314814814814816 0.2690972222222222 0.19074074074074074 0.035416666666666666
0 0.5273148148148148 0.3125 0.1824074074074074 0.03194444444444445
0 0.5365740740740741 0.3628472222222222 0.1953703703703704 0.04236111111111111
0 0.525462962962963 0.4017361111111111 0.15833333333333333 0.027083333333333334
0 0.5347222222222222 0.44895833333333335 0.17685185185185187 0.029861111111111113
0 0.5268518518518519 0.49444444444444446 0.17592592592592593 0.03333333333333333
0 0.5300925925925926 0.540625 0.16944444444444445 0.02847222222222222
0 0.5398148148148149 0.5916666666666667 0.18703703703703706 0.03333333333333333
0 0.5439814814814815 0.638888888888889 0.19166666666666668 0.029166666666666667
0 0.737962962962963 0.23402777777777778 0.16666666666666669 0.029166666666666667
0 0.7513888888888889 0.2746527777777778 0.18796296296296297 0.027083333333333334
0 0.7393518518518519 0.3201388888888889 0.17500000000000002 0.02777777777777778
0 0.7546296296296297 0.3628472222222222 0.17777777777777778 0.025694444444444447
0 0.763888888888889 0.40694444444444444 0.2 0.029166666666666667
0 0.7680555555555556 0.4496527777777778 0.19351851851851853 0.03125
0 0.7699074074074075 0.49409722222222224 0.2138888888888889 0.029861111111111113
0 0.7657407407407407 0.5427083333333333 0.20370370370370372 0.03958333333333333
0 0.7782407407407408 0.5868055555555556 0.20462962962962963 0.03194444444444445
0 0.7837962962962963 0.6329861111111111 0.20833333333333334 0.04097222222222222
