0 0.31203703703703706 0.25 0.14074074074074075 0.029166666666666667
0 0.32083333333333336 0.28506944444444443 0.16203703703703703 0.024305555555555556
0 0.32037037037037036 0.32430555555555557 0.1574074074074074 0.02777777777777778
0 0.31851851851851853 0.3572916666666667 0.17222222222222222 0.025694444444444447
0 0.3226851851851852 0.39583333333333337 0.1712962962962963 0.03194444444444445
0 0.3212962962962963 0.4305555555555556 0.17962962962962964 0.02638888888888889
0 0.3138888888888889 0.46805555555555556 0.1537037037037037 0.022222222222222223
0 0.325 0.5107638888888889 0.1851851851851852 0.035416666666666666
0 0.32407407407407407 0.546875 0.17962962962962964 0.02847222222222222
0 0.32037037037037036 0.5902777777777778 0.18703703703703706 0.02777777777777778
0 0.5060185185185185 0.24895833333333334 0.16203703703703703 0.03958333333333333
0 0.5050925925925926 0.2881944444444445 0.1564814814814815 0.02777777777777778
0 0.500462962962963 0.32256944444444446 0.15462962962962964 0.024305555555555556
0 0.5069444444444444 0.3576388888888889 0.1527777777777778 0.02361111111111111
0 0.5078703703703704 0.3940972222222222 0.15092592592592594 0.02847222222222222
0 0.512962962962963 0.42847222222222225 0.1537037037037037 0.020833333333333336
0 0.5180555555555556 0.46597222222222223 0.1527777777777778 0.02638888888888889
0 0.5175925925925926 0.5086805555555556 0.16481481481481483 0.027083333333333334
0 0.5240740740740741 0.5447916666666667 0.1574074074074074 0.024305555555555556
0 0.5268518518518519 0.5850694444444444 0.16296296296296298 0.021527777777777778
0 0.6796296296296297 0.2534722222222222 0.1537037037037037 0.03194444444444445
0 0.6875 0.2902777777777778 0.15833333333333333 0.02777777777777778
0 0.6907407407407408 0.32743055555555556 0.15185185185185185 0.02291666666666667
0 0.7000000000000001 0.36006944444444444 0.16296296296296298 0.027083333333333334
0 0.6921296296296297 0.3947916666666667 0.15462962962962964 0.025694444444444447
0 0.7041666666666667 0.4295138888888889 0.1712962962962963 0.027083333333333334
0 0.7018518518518518 0.4701388888888889 0.16111111111111112 0.029166666666666667
0 0.7069444444444445 0.5048611111111111 0.1675925925925926 0.020833333333333336
0 0.7060185185185186 0.5413194444444445 0.16944444444444445 0.03402777777777778
0 0.7157407407407408 0.5805555555555556 0.1685185185185185 0.036111111111111115
