0 0.20231481481481484 0.20625000000000002 0.2175925925925926 0.03333333333333333
0 0.19768518518518519 0.2503472222222222 0.18055555555555555 0.03402777777777778
0 0.20462962962962963 0.29097222222222224 0.19814814814814816 0.04027777777777778
0 0.21342592592592594 0.3340277777777778 0.21203703703703705 0.043055555555555555
0 0.20462962962962963 0.38125000000000003 0.19814814814814816 0.0375
0 0.20972222222222223 0.42465277777777777 0.20833333333333334 0.03819444444444445
0 0.1962962962962963 0.47222222222222227 0.18703703703703706 0.03333333333333333
0 0.21666666666666667 0.5208333333333334 0.22777777777777777 0.044444444444444446
0 0.2125 0.5722222222222223 0.20833333333333334 0.036111111111111115
0 0.21851851851851853 0.6190972222222223 0.2111111111111111 0.04236111111111111
0 0.4101851851851852 0.1954861111111111 0.16111111111111112 0.03958333333333333
0 0.43703703703703706 0.2371527777777778 0.21481481481481482 0.02847222222222222
0 0.4305555555555556 0.2857638888888889 0.19074074074074074 0.03263888888888889
0 0.42685185185185187 0.32569444444444445 0.17777777777777778 0.029166666666666667
0 0.4444444444444445 0.3663194444444445 0.1925925925925926 0.035416666666666666
0 0.44351851851851853 0.4138888888888889 0.17962962962962964 0.03194444444444445
0 0.4550925925925926 0.4621527777777778 0.20833333333333334 0.04097222222222222
0 0.45416666666666666 0.5100694444444445 0.2064814814814815 0.03819444444444445
0 0.4620370370370371 0.5590277777777778 0.20740740740740743 0.03194444444444445
0 0.4564814814814815 0.6034722222222223 0.17962962962962964 0.03333333333333333
0 0.6337962962962963 0.19444444444444445 0.18055555555555555 0.029166666666666667
0 0.6425925925925926 0.23645833333333335 0.16666666666666669 0.029861111111111113
0 0.6587962962962963 0.27847222222222223 0.20833333333333334 0.02777777777777778
0 0.6592592592592593 0.3194444444444445 0.20370370370370372 0.030555555555555558
0 0.6643518518518519 0.36041666666666666 0.20277777777777778 0.036111111111111115
0 0.6726851851851852 0.40381944444444445 0.19351851851851853 0.03263888888888889
0 0.687962962962963 0.44756944444444446 0.1925925925925926 0.03263888888888889
0 0.6893518518518519 0.4930555555555556 0.21574074074074076 0.04027777777777778
0 0.6865740740740741 0.5440972222222222 0.20092592592592592 0.03958333333333333
0 0.7027777777777778 0.5892361111111112 0.21296296296296297 0.03263888888888889
