0 0.29953703703703705 0.24895833333333334 0.18796296296296297 0.02847222222222222
0 0.30694444444444446 0.2899305555555556 0.19907407407407407 0.029861111111111113
0 0.30324074074074076 0.32916666666666666 0.1953703703703704 0.030555555555555558
0 0.3055555555555556 0.3684027777777778 0.20555555555555557 0.03125
0 0.30648148148148147 0.40729166666666666 0.2111111111111111 0.025694444444444447
0 0.3050925925925926 0.4482638888888889 0.21944444444444444 0.03680555555555556
0 0.3074074074074074 0.49444444444444446 0.21481481481481482 0.0375
0 0.30185185185185187 0.5364583333333334 0.20925925925925926 0.043750000000000004
0 0.3060185185185185 0.5822916666666667 0.2212962962962963 0.035416666666666666
0 0.2990740740740741 0.6298611111111111 0.22592592592592595 0.043055555555555555
0 0.5152777777777778 0.25 0.1953703703703704 0.03888888888888889
0 0.5120370370370371 0.28506944444444443 0.19074074074074074 0.03958333333333333
0 0.5199074074074074 0.3263888888888889 0.18611111111111112 0.044444444444444446
0 0.5175925925925926 0.3649305555555556 0.19444444444444445 0.03819444444444445
0 0.5194444444444445 0.40555555555555556 0.19814814814814816 0.03194444444444445
0 0.5236111111111111 0.4496527777777778 0.20092592592592592 0.03958333333333333
0 0.5203703703703704 0.49097222222222225 0.1962962962962963 0.03194444444444445
0 0.5171296296296296 0.5350694444444445 0.18981481481481483 0.035416666666666666
0 0.5222222222222223 0.5777777777777778 0.20370370370370372 0.03333333333333333
0 0.5157407407407407 0.6256944444444444 0.1851851851851852 0.03194444444444445
0 0.7125 0.2569444444444445 0.18796296296296297 0.030555555555555558
0 0.7134259259259259 0.2947916666666667 0.1787037037037037 0.027083333333333334
0 0.725925925925926 0.33263888888888893 0.19074074074074074 0.03194444444444445
0 0.725925925925926 0.3732638888888889 0.19814814814814816 0.029861111111111113
0 0.7337962962962963 0.40729166666666666 0.20092592592592592 0.025694444444444447
0 0.7416666666666667 0.4513888888888889 0.20925925925925926 0.034722222222222224
0 0.7435185185185186 0.49409722222222224 0.21851851851851853 0.03402777777777778
0 0.7481481481481482 0.5378472222222223 0.22777777777777777 0.03680555555555556
0 0.750462962962963 0.5798611111111112 0.2212962962962963 0.03194444444444445
0 0.7527777777777778 0.625 0.21666666666666667 0.030555555555555558
