0 0.7916666666666667 0.2076388888888889 0.19814814814814816 0.036111111111111115
0 0.7972222222222223 0.24895833333333334 0.18703703703703706 0.03680555555555556
0 0.7949074074074074 0.2954861111111111 0.1824074074074074 0.03402777777777778
0 0.7930555555555556 0.3371527777777778 0.18981481481481483 0.03819444444444445
0 0.7916666666666667 0.38680555555555557 0.21296296296296297 0.0375
0 0.788888888888889 0.4322916666666667 0.1925925925925926 0.04236111111111111
0 0.7981481481481482 0.48020833333333335 0.17962962962962964 0.04097222222222222
0 0.8013888888888889 0.5305555555555556 0.20092592592592592 0.03888888888888889
0 0.7953703703703704 0.5795138888888889 0.20185185185185187 0.03819444444444445
0 0.8009259259259259 0.6309027777777778 0.21296296296296297 0.03680555555555556
0 0.5750000000000001 0.2013888888888889 0.17222222222222222 0.03194444444444445
0 0.5587962962962963 0.24340277777777777 0.1824074074074074 0.03125
0 0.55 0.28784722222222225 0.1962962962962963 0.03402777777777778
0 0.5574074074074075 0.32881944444444444 0.19444444444444445 0.03958333333333333
0 0.5430555555555556 0.37604166666666666 0.19907407407407407 0.035416666666666666
0 0.5425925925925926 0.42256944444444444 0.19814814814814816 0.03402777777777778
0 0.5458333333333334 0.4743055555555556 0.19907407407407407 0.030555555555555558
0 0.549537037037037 0.51875 0.18055555555555555 0.034722222222222224
0 0.5421296296296296 0.5711805555555556 0.1953703703703704 0.03402777777777778
0 0.5342592592592593 0.6225694444444445 0.19814814814814816 0.03402777777777778
0 0.3375 0.20625000000000002 0.18611111111111112 0.030555555555555558
0 0.3314814814814815 0.24965277777777778 0.1925925925925926 0.029861111111111113
0 0.33240740740740743 0.290625 0.17962962962962964 0.035416666666666666
0 0.32453703703703707 0.33298611111111115 0.1787037037037037 0.029861111111111113
0 0.31666666666666665 0.3770833333333333 0.19444444444444445 0.030555555555555558
0 0.3060185185185185 0.42256944444444444 0.2064814814814815 0.03402777777777778
0 0.30092592592592593 0.4701388888888889 0.20740740740740743 0.0375
0 0.2888888888888889 0.513888888888889 0.20740740740740743 0.034722222222222224
0 0.28425925925925927 0.5614583333333334 0.21666666666666667 0.03263888888888889
0 0.2898148148148148 0.6142361111111111 0.19074074074074074 0.03958333333333333
