0 0.3111111111111111 0.26875 0.2 0.034722222222222224
0 0.32453703703703707 0.31180555555555556 0.19722222222222224 0.0375
0 0.32546296296296295 0.3597222222222222 0.19907407407407407 0.03194444444444445
0 0.31666666666666665 0.40381944444444445 0.20185185185185187 0.03263888888888889
0 0.32037037037037036 0.45 0.18888888888888888 0.03333333333333333
0 0.3189814814814815 0.5010416666666667 0.18611111111111112 0.03680555555555556
0 0.3087962962962963 0.5486111111111112 0.20092592592592592 0.036111111111111115
0 0.3199074074074074 0.6020833333333333 0.2138888888888889 0.03888888888888889
0 0.30972222222222223 0.6524305555555556 0.18796296296296297 0.03402777777777778
0 0.3087962962962963 0.7000000000000001 0.18425925925925926 0.0375
0 0.5398148148148149 0.26805555555555555 0.16666666666666669 0.03333333333333333
0 0.5472222222222223 0.3104166666666667 0.1851851851851852 0.02777777777777778
0 0.5546296296296297 0.3579861111111111 0.18888888888888888 0.03125
0 0.5597222222222222 0.3965277777777778 0.19166666666666668 0.03333333333333333
0 0.5527777777777778 0.44548611111111114 0.1851851851851852 0.02847222222222222
0 0.5560185185185186 0.49062500000000003 0.19166666666666668 0.035416666666666666
0 0.5652777777777778 0.540625 0.20092592592592592 0.03263888888888889
0 0.5615740740740741 0.5892361111111112 0.19351851851851853 0.02291666666666667
0 0.5680555555555555 0.6444444444444445 0.18611111111111112 0.02777777777777778
0 0.5731481481481482 0.6934027777777778 0.20555555555555557 0.03125
0 0.7620370370370371 0.2690972222222222 0.18333333333333335 0.02847222222222222
0 0.775462962962963 0.3128472222222222 0.1824074074074074 0.03125
0 0.7703703703703704 0.3572916666666667 0.18333333333333335 0.029861111111111113
0 0.7791666666666667 0.3996527777777778 0.18981481481481483 0.035416666666666666
0 0.7861111111111111 0.446875 0.20370370370370372 0.029861111111111113
0 0.7828703703703704 0.49236111111111114 0.19351851851851853 0.02638888888888889
0 0.7990740740740742 0.5364583333333334 0.22962962962962963 0.035416666666666666
0 0.8111111111111111 0.5833333333333334 0.21296296296296297 0.03888888888888889
0 0.8078703703703703 0.6347222222222223 0.225 0.03333333333333333
0 0.8083333333333333 0.6881944444444444 0.20555555555555557 0.029166666666666667
