0 0.7608333333333334 0.7156250000000001 0.2516666666666667 0.043750000000000004
0 0.48250000000000004 0.70625 0.23500000000000001 0.0375
0 0.22 0.70125 0.24666666666666667 0.0375
0 0.7558333333333334 0.660625 0.24166666666666667 0.03875
0 0.21500000000000002 0.6481250000000001 0.2366666666666667 0.03875
0 0.49083333333333334 0.6475 0.24833333333333335 0.0425
0 0.7641666666666667 0.603125 0.25833333333333336 0.03875
0 0.7658333333333334 0.54875 0.255 0.035
0 0.7658333333333334 0.49312500000000004 0.255 0.03875
0 0.22083333333333335 0.48562500000000003 0.24166666666666667 0.03625
0 0.49000000000000005 0.48562500000000003 0.24666666666666667 0.04875
0 0.22 0.426875 0.24333333333333335 0.03625
0 0.7666666666666667 0.4325 0.25333333333333335 0.035
0 0.49083333333333334 0.42625 0.24833333333333335 0.045
0 0.4866666666666667 0.373125 0.23333333333333334 0.03125
0 0.7725000000000001 0.37625000000000003 0.25833333333333336 0.04
0 0.22416666666666668 0.37 0.2516666666666667 0.035
0 0.4941666666666667 0.320625 0.24833333333333335 0.03625
0 0.7741666666666667 0.313125 0.255 0.03875
0 0.21500000000000002 0.31875000000000003 0.2366666666666667 0.04
0 0.21083333333333334 0.2625 0.225 0.0325
0 0.7758333333333334 0.255625 0.255 0.04125
0 0.49083333333333334 0.258125 0.2516666666666667 0.03875
0 0.49000000000000005 0.2025 0.24666666666666667 0.0375
0 0.2066666666666667 0.2025 0.21666666666666667 0.04
0 0.7775000000000001 0.198125 0.255 0.03875
0 0.4941666666666667 0.538125 0.24166666666666667 0.03875
0 0.49083333333333334 0.595 0.24833333333333335 0.035
0 0.2225 0.538125 0.24166666666666667 0.03625
0 0.22083333333333335 0.593125 0.24166666666666667 0.03625
