0 0.26435185185185184 0.27881944444444445 0.17685185185185187 0.03125
0 0.2689814814814815 0.3236111111111111 0.1527777777777778 0.030555555555555558
0 0.27037037037037037 0.3684027777777778 0.17592592592592593 0.035416666666666666
0 0.26851851851851855 0.4152777777777778 0.17407407407407408 0.03194444444444445
0 0.27175925925925926 0.4600694444444445 0.18611111111111112 0.04097222222222222
0 0.25972222222222224 0.5065972222222223 0.1675925925925926 0.03125
0 0.2611111111111111 0.5486111111111112 0.1537037037037037 0.03888888888888889
0 0.27361111111111114 0.6027777777777777 0.2064814814814815 0.04166666666666667
0 0.2662037037037037 0.6586805555555556 0.18611111111111112 0.03680555555555556
0 0.26342592592592595 0.7076388888888889 0.17500000000000002 0.036111111111111115
0 0.4949074074074074 0.2777777777777778 0.1675925925925926 0.0375
0 0.5046296296296297 0.321875 0.15925925925925927 0.025694444444444447
0 0.500462962962963 0.36875 0.17685185185185187 0.03333333333333333
0 0.5087962962962963 0.40972222222222227 0.19907407407407407 0.034722222222222224
0 0.5203703703703704 0.45659722222222227 0.20555555555555557 0.03402777777777778
0 0.5199074074074074 0.5010416666666667 0.18611111111111112 0.03125
0 0.513425925925926 0.5440972222222222 0.19907407407407407 0.043750000000000004
0 0.5189814814814815 0.5982638888888889 0.20833333333333334 0.03958333333333333
0 0.5222222222222223 0.6513888888888889 0.19074074074074074 0.036111111111111115
0 0.5194444444444445 0.7000000000000001 0.20370370370370372 0.0375
0 0.7226851851851852 0.28055555555555556 0.18796296296296297 0.036111111111111115
0 0.7305555555555556 0.32708333333333334 0.18333333333333335 0.02638888888888889
0 0.7268518518518519 0.3652777777777778 0.17962962962962964 0.030555555555555558
0 0.7319444444444445 0.41145833333333337 0.18425925925925926 0.02847222222222222
0 0.7319444444444445 0.4513888888888889 0.18425925925925926 0.02777777777777778
0 0.7435185185185186 0.49895833333333334 0.18703703703703706 0.035416666666666666
0 0.7532407407407408 0.546875 0.1787037037037037 0.035416666666666666
0 0.750925925925926 0.5951388888888889 0.20370370370370372 0.030555555555555558
0 0.7555555555555555 0.6420138888888889 0.1851851851851852 0.02847222222222222
0 0.7597222222222223 0.6875 0.20277777777777778 0.05555555555555556
