0 0.7611111111111112 0.23993055555555556 0.25 0.03819444444444445
0 0.7458333333333333 0.28368055555555555 0.2490740740740741 0.04930555555555556
0 0.75 0.3295138888888889 0.24814814814814815 0.04097222222222222
0 0.7518518518518519 0.37222222222222223 0.22037037037037038 0.03888888888888889
0 0.7555555555555555 0.4204861111111111 0.2425925925925926 0.04236111111111111
0 0.7564814814814815 0.47326388888888893 0.24074074074074076 0.04652777777777778
0 0.7569444444444444 0.5246527777777777 0.23611111111111113 0.035416666666666666
0 0.7578703703703704 0.5739583333333333 0.24351851851851852 0.043750000000000004
0 0.7537037037037038 0.6329861111111111 0.24814814814814815 0.04652777777777778
0 0.7532407407407408 0.6895833333333333 0.25833333333333336 0.04027777777777778
0 0.5282407407407408 0.23298611111111112 0.20092592592592592 0.035416666666666666
0 0.5143518518518518 0.27743055555555557 0.225 0.03819444444444445
0 0.5148148148148148 0.3232638888888889 0.22777777777777777 0.03402777777777778
0 0.5055555555555555 0.3684027777777778 0.22592592592592595 0.035416666666666666
0 0.5069444444444444 0.4173611111111111 0.22685185185185186 0.04027777777777778
0 0.5055555555555555 0.4666666666666667 0.2240740740740741 0.0375
0 0.4930555555555556 0.5170138888888889 0.24537037037037038 0.043750000000000004
0 0.49074074074074076 0.5701388888888889 0.23333333333333334 0.036111111111111115
0 0.4935185185185185 0.6170138888888889 0.2388888888888889 0.050694444444444445
0 0.48564814814814816 0.6756944444444445 0.23796296296296296 0.03888888888888889
0 0.2962962962962963 0.2371527777777778 0.20925925925925926 0.03680555555555556
0 0.2888888888888889 0.2833333333333333 0.21296296296296297 0.03333333333333333
0 0.2675925925925926 0.32708333333333334 0.24074074074074076 0.0375
0 0.274537037037037 0.36770833333333336 0.21574074074074076 0.035416666666666666
0 0.26435185185185184 0.41284722222222225 0.21944444444444444 0.04097222222222222
0 0.2569444444444445 0.4569444444444445 0.23611111111111113 0.04722222222222222
0 0.2550925925925926 0.5079861111111111 0.21944444444444444 0.03402777777777778
0 0.24537037037037038 0.5590277777777778 0.21296296296296297 0.04166666666666667
0 0.23750000000000002 0.607638888888889 0.22870370370370371 0.04583333333333334
0 0.21851851851851853 0.6625 0.2537037037037037 0.04583333333333334
