0 0.2984375 0.7673611111111112 0.059375 0.2263888888888889
0 0.3614583333333333 0.7597222222222223 0.05416666666666667 0.24722222222222223
0 0.42135416666666664 0.7569444444444444 0.05520833333333333 0.24444444444444446
0 0.4848958333333333 0.76875 0.05520833333333333 0.24861111111111112
0 0.5395833333333333 0.7590277777777779 0.052083333333333336 0.24583333333333335
0 0.5973958333333333 0.7541666666666667 0.053125 0.2555555555555556
0 0.6630208333333333 0.7618055555555556 0.053125 0.27083333333333337
0 0.71875 0.7645833333333334 0.05 0.23750000000000002
0 0.7739583333333333 0.7708333333333334 0.04583333333333333 0.22222222222222224
0 0.8322916666666667 0.7756944444444445 0.05 0.23472222222222222
0 0.29270833333333335 0.45208333333333334 0.0625 0.2513888888888889
0 0.35833333333333334 0.45416666666666666 0.06041666666666667 0.2611111111111111
0 0.4223958333333333 0.45416666666666666 0.059375 0.26666666666666666
0 0.48593749999999997 0.46319444444444446 0.057291666666666664 0.27361111111111114
0 0.5479166666666666 0.4701388888888889 0.05 0.24305555555555555
0 0.6109375 0.4569444444444445 0.053125 0.26944444444444443
0 0.6708333333333333 0.4638888888888889 0.05625 0.2611111111111111
0 0.728125 0.48333333333333334 0.04583333333333333 0.23333333333333334
0 0.78125 0.4826388888888889 0.05 0.22361111111111112
0 0.8427083333333333 0.48333333333333334 0.052083333333333336 0.23055555555555557
0 0.29322916666666665 0.15486111111111112 0.04895833333333333 0.23472222222222222
0 0.36302083333333335 0.15694444444444444 0.057291666666666664 0.25277777777777777
0 0.43072916666666666 0.1527777777777778 0.05520833333333333 0.26666666666666666
0 0.49895833333333334 0.1625 0.052083333333333336 0.26944444444444443
0 0.5588541666666667 0.1736111111111111 0.05520833333333333 0.25833333333333336
0 0.6244791666666667 0.16458333333333333 0.04895833333333333 0.25416666666666665
0 0.6864583333333333 0.17569444444444446 0.05625 0.24583333333333335
0 0.7505208333333333 0.18680555555555556 0.046875 0.2263888888888889
0 0.8078124999999999 0.16944444444444445 0.046875 0.2638888888888889
0 0.8729166666666667 0.19097222222222224 0.06875 0.2763888888888889
