0 0.7692708333333333 0.7513888888888889 0.059375 0.23055555555555557
0 0.5276041666666667 0.7569444444444444 0.059375 0.23055555555555557
0 0.5901041666666667 0.7541666666666667 0.059375 0.23055555555555557
0 0.6421875 0.7611111111111112 0.059375 0.23055555555555557
0 0.7723958333333333 0.47361111111111115 0.05520833333333333 0.25277777777777777
0 0.5296875 0.47222222222222227 0.05520833333333333 0.25277777777777777
0 0.5890625 0.4708333333333333 0.05520833333333333 0.25277777777777777
0 0.6494791666666666 0.47222222222222227 0.05520833333333333 0.25277777777777777
0 0.7130208333333333 0.46805555555555556 0.05520833333333333 0.25277777777777777
0 0.2796875 0.48333333333333334 0.05520833333333333 0.25277777777777777
0 0.34010416666666665 0.4777777777777778 0.05520833333333333 0.25277777777777777
0 0.4067708333333333 0.48333333333333334 0.05520833333333333 0.25277777777777777
0 0.4671875 0.4777777777777778 0.05520833333333333 0.25277777777777777
0 0.40572916666666664 0.2125 0.05520833333333333 0.25277777777777777
0 0.3494791666666667 0.2125 0.05520833333333333 0.25277777777777777
0 0.2973958333333333 0.22222222222222224 0.05520833333333333 0.25277777777777777
0 0.24010416666666667 0.22916666666666669 0.05520833333333333 0.25277777777777777
0 0.5848958333333333 0.20416666666666666 0.05520833333333333 0.25277777777777777
0 0.5296875 0.20833333333333334 0.05520833333333333 0.25277777777777777
0 0.4671875 0.2138888888888889 0.05520833333333333 0.25277777777777777
0 0.21822916666666667 0.48055555555555557 0.05520833333333333 0.25277777777777777
0 0.6838541666666667 0.2 0.05520833333333333 0.25277777777777777
0 0.7442708333333333 0.20833333333333334 0.05520833333333333 0.25277777777777777
0 0.6369791666666667 0.20416666666666666 0.05520833333333333 0.25277777777777777
0 0.2890625 0.7569444444444444 0.05520833333333333 0.25277777777777777
0 0.3453125 0.7486111111111111 0.05520833333333333 0.25277777777777777
0 0.40260416666666665 0.7430555555555556 0.05520833333333333 0.25277777777777777
0 0.47031249999999997 0.7513888888888889 0.05520833333333333 0.25277777777777777
0 0.7067708333333333 0.7444444444444445 0.05520833333333333 0.25277777777777777
0 0.22447916666666667 0.7555555555555555 0.05520833333333333 0.25277777777777777
