0 0.290625 0.7631944444444445 0.04583333333333333 0.2625
0 0.3458333333333333 0.7652777777777778 0.05625 0.2611111111111111
0 0.40520833333333334 0.763888888888889 0.041666666666666664 0.24444444444444446
0 0.46249999999999997 0.7611111111111112 0.04791666666666666 0.24166666666666667
0 0.5208333333333334 0.7673611111111112 0.041666666666666664 0.23750000000000002
0 0.571875 0.7631944444444445 0.052083333333333336 0.23750000000000002
0 0.6328125 0.7506944444444444 0.053125 0.2569444444444445
0 0.6869791666666667 0.7625000000000001 0.051041666666666666 0.24444444444444446
0 0.7385416666666667 0.763888888888889 0.04583333333333333 0.26666666666666666
0 0.7963541666666667 0.7534722222222222 0.057291666666666664 0.2625
0 0.796875 0.4777777777777778 0.05 0.25277777777777777
0 0.74375 0.47222222222222227 0.04375 0.27222222222222225
0 0.6927083333333334 0.4777777777777778 0.04375 0.28055555555555556
0 0.6338541666666666 0.4756944444444445 0.046875 0.25416666666666665
0 0.5796875 0.4701388888888889 0.053125 0.26805555555555555
0 0.525 0.47708333333333336 0.04791666666666666 0.25972222222222224
0 0.465625 0.4847222222222222 0.06041666666666667 0.25833333333333336
0 0.4109375 0.47361111111111115 0.05520833333333333 0.2611111111111111
0 0.35104166666666664 0.47847222222222224 0.04583333333333333 0.25972222222222224
0 0.2942708333333333 0.48541666666666666 0.059375 0.2263888888888889
0 0.28802083333333334 0.18472222222222223 0.05520833333333333 0.2777777777777778
0 0.35 0.1763888888888889 0.05625 0.27222222222222225
0 0.4088541666666667 0.18680555555555556 0.04895833333333333 0.27361111111111114
0 0.46770833333333334 0.18333333333333335 0.05 0.2833333333333333
0 0.5276041666666667 0.1826388888888889 0.053125 0.28194444444444444
0 0.5859375 0.18888888888888888 0.04895833333333333 0.2777777777777778
0 0.65 0.19930555555555557 0.04791666666666666 0.24861111111111112
0 0.703125 0.19791666666666669 0.041666666666666664 0.2569444444444445
0 0.7572916666666667 0.19722222222222224 0.041666666666666664 0.25833333333333336
0 0.8239583333333333 0.20069444444444445 0.05 0.25972222222222224
