0 0.2375 0.7763888888888889 0.06458333333333333 0.25277777777777777
0 0.3 0.7736111111111111 0.06458333333333333 0.25277777777777777
0 0.42291666666666666 0.7736111111111111 0.06458333333333333 0.25277777777777777
0 0.35833333333333334 0.775 0.06458333333333333 0.25277777777777777
0 0.6166666666666667 0.7694444444444445 0.06458333333333333 0.25277777777777777
0 0.5520833333333334 0.7694444444444445 0.06458333333333333 0.25277777777777777
0 0.48541666666666666 0.7722222222222223 0.06458333333333333 0.25277777777777777
0 0.7447916666666666 0.7652777777777778 0.06458333333333333 0.25277777777777777
0 0.6791666666666667 0.7694444444444445 0.06458333333333333 0.25277777777777777
0 0.8156249999999999 0.7666666666666667 0.06458333333333333 0.25277777777777777
0 0.23489583333333333 0.4881944444444445 0.046875 0.2847222222222222
0 0.4265625 0.49375 0.046875 0.2847222222222222
0 0.3651041666666667 0.48125 0.046875 0.2847222222222222
0 0.29635416666666664 0.4826388888888889 0.046875 0.2847222222222222
0 0.6859375 0.4840277777777778 0.046875 0.2847222222222222
0 0.6192708333333333 0.5006944444444444 0.046875 0.2847222222222222
0 0.5546875 0.4798611111111111 0.046875 0.2847222222222222
0 0.48802083333333335 0.4826388888888889 0.046875 0.2847222222222222
0 0.8151041666666666 0.47847222222222224 0.06770833333333333 0.2791666666666667
0 0.7515625 0.47847222222222224 0.046875 0.2847222222222222
0 0.3734375 0.1951388888888889 0.046875 0.2847222222222222
0 0.31197916666666664 0.20069444444444445 0.046875 0.2847222222222222
0 0.25364583333333335 0.19652777777777777 0.046875 0.2847222222222222
0 0.5515625 0.18819444444444444 0.046875 0.2847222222222222
0 0.4890625 0.1951388888888889 0.046875 0.2847222222222222
0 0.43072916666666666 0.18680555555555556 0.046875 0.2847222222222222
0 0.6671875 0.18819444444444444 0.046875 0.2847222222222222
0 0.6078125 0.19097222222222224 0.046875 0.2847222222222222
0 0.790625 0.1798611111111111 0.06875 0.2847222222222222
0 0.7317708333333334 0.18958333333333335 0.051041666666666666 0.28194444444444444
