0 0.32685185185185184 0.209375 0.17962962962962964 0.02847222222222222
0 0.33935185185185185 0.25277777777777777 0.20833333333333334 0.036111111111111115
0 0.32731481481481484 0.2951388888888889 0.18981481481481483 0.03194444444444445
0 0.3351851851851852 0.3392361111111111 0.2111111111111111 0.03263888888888889
0 0.32916666666666666 0.38506944444444446 0.2064814814814815 0.03680555555555556
0 0.32592592592592595 0.4305555555555556 0.19444444444444445 0.029166666666666667
0 0.3231481481481482 0.4756944444444445 0.20740740740740743 0.03194444444444445
0 0.31527777777777777 0.5211805555555555 0.19351851851851853 0.03125
0 0.3194444444444445 0.5715277777777777 0.20740740740740743 0.0375
0 0.3199074074074074 0.6211805555555556 0.2138888888888889 0.03680555555555556
0 0.562962962962963 0.20520833333333335 0.1962962962962963 0.02847222222222222
0 0.563425925925926 0.24965277777777778 0.19351851851851853 0.029861111111111113
0 0.5717592592592593 0.2916666666666667 0.21944444444444444 0.03333333333333333
0 0.5685185185185185 0.33993055555555557 0.20925925925925926 0.035416666666666666
0 0.5731481481481482 0.3819444444444445 0.21296296296296297 0.03194444444444445
0 0.5708333333333333 0.43333333333333335 0.21203703703703705 0.036111111111111115
0 0.5638888888888889 0.47326388888888893 0.20925925925925926 0.03125
0 0.5662037037037038 0.5232638888888889 0.20833333333333334 0.035416666666666666
0 0.5699074074074074 0.5708333333333333 0.21203703703703705 0.03194444444444445
0 0.5768518518518518 0.6222222222222222 0.21481481481481482 0.04027777777777778
0 0.7796296296296297 0.19305555555555556 0.19074074074074074 0.02777777777777778
0 0.7893518518518519 0.23611111111111113 0.18796296296296297 0.030555555555555558
0 0.7939814814814815 0.2815972222222222 0.19722222222222224 0.025694444444444447
0 0.7949074074074074 0.328125 0.2064814814814815 0.03125
0 0.7958333333333334 0.371875 0.20092592592592592 0.03263888888888889
0 0.7976851851851852 0.4201388888888889 0.2064814814814815 0.03194444444444445
0 0.7902777777777779 0.4708333333333333 0.18611111111111112 0.03194444444444445
0 0.7907407407407407 0.5229166666666667 0.19814814814814816 0.03888888888888889
0 0.7972222222222223 0.5708333333333333 0.19814814814814816 0.02777777777777778
0 0.8171296296296297 0.6208333333333333 0.21944444444444444 0.0375
