0 0.2989583333333333 0.7833333333333333 0.04375 0.24166666666666667
0 0.3572916666666667 0.7708333333333334 0.05 0.275
0 0.41822916666666665 0.7805555555555556 0.046875 0.26944444444444443
0 0.47760416666666666 0.795138888888889 0.042708333333333334 0.2625
0 0.5333333333333333 0.7986111111111112 0.04583333333333333 0.2638888888888889
0 0.5880208333333333 0.7666666666666667 0.046875 0.28611111111111115
0 0.6453125 0.7854166666666667 0.04895833333333333 0.28194444444444444
0 0.6994791666666667 0.7902777777777779 0.051041666666666666 0.25277777777777777
0 0.7536458333333333 0.7861111111111111 0.04479166666666667 0.2638888888888889
0 0.8114583333333333 0.7868055555555555 0.05625 0.2763888888888889
0 0.8239583333333333 0.5118055555555556 0.04583333333333333 0.27361111111111114
0 0.7651041666666667 0.5069444444444444 0.040625 0.26666666666666666
0 0.715625 0.49236111111111114 0.04375 0.27361111111111114
0 0.6578125 0.4902777777777778 0.059375 0.29444444444444445
0 0.6015625 0.4861111111111111 0.057291666666666664 0.2777777777777778
0 0.5447916666666667 0.48541666666666666 0.04583333333333333 0.28194444444444444
0 0.48541666666666666 0.5 0.058333333333333334 0.26944444444444443
0 0.42135416666666664 0.4930555555555556 0.065625 0.28611111111111115
0 0.3625 0.49236111111111114 0.05 0.28750000000000003
0 0.3020833333333333 0.4847222222222222 0.0625 0.2833333333333333
0 0.29791666666666666 0.17569444444444446 0.05 0.2847222222222222
0 0.3640625 0.1840277777777778 0.053125 0.28750000000000003
0 0.42916666666666664 0.18194444444444446 0.05 0.2916666666666667
0 0.490625 0.18819444444444444 0.05 0.2902777777777778
0 0.5515625 0.19305555555555556 0.04479166666666667 0.28055555555555556
0 0.6151041666666667 0.19930555555555557 0.042708333333333334 0.25972222222222224
0 0.6703125 0.19305555555555556 0.053125 0.26666666666666666
0 0.734375 0.20347222222222222 0.04583333333333333 0.28194444444444444
0 0.79375 0.19722222222222224 0.041666666666666664 0.28611111111111115
0 0.8520833333333333 0.20555555555555557 0.052083333333333336 0.2972222222222222
