0 0.7786458333333334 0.7694444444444445 0.057291666666666664 0.275
0 0.6505208333333333 0.7680555555555556 0.057291666666666664 0.275
0 0.7192708333333333 0.7611111111111112 0.057291666666666664 0.275
0 0.45468749999999997 0.7652777777777778 0.057291666666666664 0.275
0 0.5234375 0.7597222222222223 0.057291666666666664 0.275
0 0.5932291666666667 0.7625000000000001 0.057291666666666664 0.275
0 0.32760416666666664 0.7583333333333334 0.057291666666666664 0.275
0 0.3932291666666667 0.7583333333333334 0.057291666666666664 0.275
0 0.19947916666666665 0.763888888888889 0.059375 0.28055555555555556
0 0.2671875 0.7666666666666667 0.057291666666666664 0.275
0 0.6307291666666667 0.44583333333333336 0.057291666666666664 0.275
0 0.7005208333333334 0.4388888888888889 0.057291666666666664 0.275
0 0.7661458333333333 0.4430555555555556 0.057291666666666664 0.275
0 0.45260416666666664 0.4513888888888889 0.057291666666666664 0.275
0 0.5109375 0.4486111111111111 0.057291666666666664 0.275
0 0.5786458333333333 0.4430555555555556 0.057291666666666664 0.275
0 0.32760416666666664 0.44722222222222224 0.057291666666666664 0.275
0 0.39010416666666664 0.4486111111111111 0.057291666666666664 0.275
0 0.20677083333333332 0.4513888888888889 0.057291666666666664 0.275
0 0.2682291666666667 0.44583333333333336 0.057291666666666664 0.275
0 0.33177083333333335 0.16805555555555557 0.057291666666666664 0.275
0 0.27447916666666666 0.1638888888888889 0.057291666666666664 0.275
0 0.22135416666666666 0.1763888888888889 0.057291666666666664 0.275
0 0.5005208333333333 0.15833333333333333 0.057291666666666664 0.275
0 0.4473958333333333 0.15416666666666667 0.057291666666666664 0.275
0 0.3880208333333333 0.16666666666666669 0.057291666666666664 0.275
0 0.6796875 0.1513888888888889 0.057291666666666664 0.275
0 0.6255208333333333 0.15 0.057291666666666664 0.275
0 0.5651041666666666 0.1513888888888889 0.057291666666666664 0.275
0 0.7359375 0.1486111111111111 0.057291666666666664 0.275
