0 0.2557291666666667 0.7840277777777778 0.046875 0.24305555555555555
0 0.3203125 0.7854166666666667 0.040625 0.24027777777777778
0 0.3802083333333333 0.7854166666666667 0.05 0.23472222222222222
0 0.43645833333333334 0.7875 0.04791666666666666 0.21944444444444444
0 0.49374999999999997 0.7708333333333334 0.05416666666666667 0.2555555555555556
0 0.5552083333333333 0.7763888888888889 0.04375 0.2638888888888889
0 0.6046875 0.7791666666666667 0.046875 0.25
0 0.6583333333333333 0.7736111111111111 0.05625 0.2638888888888889
0 0.7197916666666666 0.7770833333333333 0.05 0.24583333333333335
0 0.7703125 0.7819444444444444 0.051041666666666666 0.275
0 0.7994791666666666 0.4826388888888889 0.06770833333333333 0.26805555555555555
0 0.7380208333333333 0.49236111111111114 0.042708333333333334 0.2902777777777778
0 0.43854166666666666 0.4673611111111111 0.058333333333333334 0.2986111111111111
0 0.375 0.48750000000000004 0.06041666666666667 0.27222222222222225
0 0.31145833333333334 0.48888888888888893 0.052083333333333336 0.25833333333333336
0 0.25 0.49236111111111114 0.05416666666666667 0.2513888888888889
0 0.24947916666666667 0.18194444444444446 0.046875 0.25
0 0.3098958333333333 0.18333333333333335 0.06145833333333333 0.25833333333333336
0 0.37916666666666665 0.18680555555555556 0.052083333333333336 0.2625
0 0.44114583333333335 0.18333333333333335 0.04895833333333333 0.2611111111111111
0 0.5036458333333333 0.18888888888888888 0.057291666666666664 0.25833333333333336
0 0.5671875 0.1826388888888889 0.04479166666666667 0.2513888888888889
0 0.63125 0.1840277777777778 0.052083333333333336 0.27083333333333337
0 0.6802083333333333 0.19097222222222224 0.0625 0.25972222222222224
0 0.75 0.1902777777777778 0.041666666666666664 0.2638888888888889
0 0.8114583333333333 0.20416666666666666 0.05 0.28055555555555556
