0 0.7666666666666667 0.659375 0.24666666666666667 0.03625
0 0.20833333333333334 0.66 0.22666666666666668 0.0475
0 0.49333333333333335 0.659375 0.27 0.043750000000000004
0 0.7608333333333334 0.6012500000000001 0.23500000000000001 0.0325
0 0.48500000000000004 0.6025 0.25 0.0425
0 0.21250000000000002 0.595625 0.22833333333333336 0.03875
0 0.7666666666666667 0.5475 0.24666666666666667 0.0425
0 0.49000000000000005 0.54125 0.2566666666666667 0.0325
0 0.21250000000000002 0.538125 0.2316666666666667 0.04125
0 0.765 0.49 0.24333333333333335 0.04
0 0.4758333333333334 0.483125 0.24166666666666667 0.03625
0 0.21750000000000003 0.479375 0.23500000000000001 0.04125
0 0.7666666666666667 0.435625 0.24000000000000002 0.03875
0 0.48333333333333334 0.43 0.2366666666666667 0.0425
0 0.22083333333333335 0.42312500000000003 0.23833333333333334 0.04625
0 0.7708333333333334 0.37875000000000003 0.2516666666666667 0.0425
0 0.49083333333333334 0.374375 0.24500000000000002 0.04125
0 0.21583333333333335 0.3675 0.21833333333333335 0.0375
0 0.7591666666666668 0.32625 0.22833333333333336 0.04
0 0.49583333333333335 0.3125 0.255 0.035
0 0.22083333333333335 0.30625 0.22833333333333336 0.04
0 0.7566666666666667 0.27 0.22333333333333336 0.035
0 0.48833333333333334 0.2575 0.2366666666666667 0.0375
0 0.22416666666666668 0.25125000000000003 0.2316666666666667 0.0375
0 0.17666666666666667 0.198125 0.13333333333333333 0.03375
0 0.49000000000000005 0.200625 0.2366666666666667 0.03875
0 0.21916666666666668 0.14250000000000002 0.21500000000000002 0.0375
0 0.4916666666666667 0.146875 0.2366666666666667 0.04125
0 0.7625000000000001 0.1675 0.225 0.0475
0 0.7666666666666667 0.21875 0.23 0.0375
