0 0.24375 0.22777777777777777 0.052083333333333336 0.20555555555555557
0 0.21770833333333334 0.5083333333333333 0.058333333333333334 0.2611111111111111
0 0.20833333333333334 0.7909722222222223 0.05625 0.24583333333333335
0 0.2791666666666667 0.5006944444444444 0.05416666666666667 0.27083333333333337
0 0.5229166666666667 0.5131944444444445 0.05416666666666667 0.27083333333333337
0 0.4614583333333333 0.5076388888888889 0.05416666666666667 0.27083333333333337
0 0.39479166666666665 0.5090277777777777 0.05416666666666667 0.27083333333333337
0 0.33958333333333335 0.50625 0.05416666666666667 0.27083333333333337
0 0.3958333333333333 0.7840277777777778 0.05416666666666667 0.27083333333333337
0 0.33958333333333335 0.7881944444444444 0.05416666666666667 0.27083333333333337
0 0.26666666666666666 0.7965277777777778 0.05416666666666667 0.27083333333333337
0 0.41354166666666664 0.22708333333333333 0.05416666666666667 0.27083333333333337
0 0.35833333333333334 0.22430555555555556 0.05416666666666667 0.27083333333333337
0 0.29791666666666666 0.22430555555555556 0.05416666666666667 0.27083333333333337
0 0.578125 0.2326388888888889 0.05416666666666667 0.27083333333333337
0 0.525 0.22847222222222224 0.05416666666666667 0.27083333333333337
0 0.46770833333333334 0.22569444444444445 0.05416666666666667 0.27083333333333337
0 0.51875 0.7868055555555555 0.05416666666666667 0.27083333333333337
0 0.45416666666666666 0.7854166666666667 0.05416666666666667 0.27083333333333337
0 0.58125 0.5145833333333334 0.05416666666666667 0.27083333333333337
0 0.6895833333333333 0.22986111111111113 0.05416666666666667 0.27083333333333337
0 0.6375 0.22986111111111113 0.05416666666666667 0.27083333333333337
0 0.7479166666666667 0.2215277777777778 0.05416666666666667 0.27083333333333337
0 0.7083333333333334 0.5131944444444445 0.05416666666666667 0.27083333333333337
0 0.6458333333333334 0.5173611111111112 0.05416666666666667 0.27083333333333337
0 0.5864583333333333 0.7881944444444444 0.05416666666666667 0.27083333333333337
0 0.7666666666666666 0.5048611111111111 0.05416666666666667 0.27083333333333337
0 0.7083333333333334 0.7895833333333334 0.05416666666666667 0.27083333333333337
0 0.6520833333333333 0.7840277777777778 0.05416666666666667 0.27083333333333337
0 0.7739583333333333 0.7868055555555555 0.05416666666666667 0.27083333333333337
