0 0.2817708333333333 0.7854166666666667 0.05520833333333333 0.2652777777777778
0 0.3453125 0.8 0.05520833333333333 0.2388888888888889
0 0.40208333333333335 0.7986111111111112 0.041666666666666664 0.22222222222222224
0 0.45989583333333334 0.7875 0.04479166666666667 0.22777777777777777
0 0.5161458333333333 0.7909722222222223 0.042708333333333334 0.22916666666666669
0 0.5708333333333333 0.7895833333333334 0.04375 0.24861111111111112
0 0.6229166666666667 0.7909722222222223 0.05 0.24861111111111112
0 0.6822916666666666 0.7895833333333334 0.04583333333333333 0.25416666666666665
0 0.7354166666666666 0.7937500000000001 0.052083333333333336 0.2513888888888889
0 0.7973958333333333 0.7993055555555556 0.046875 0.23472222222222222
0 0.8125 0.5145833333333334 0.04375 0.24861111111111112
0 0.753125 0.5069444444444444 0.0375 0.2555555555555556
0 0.7020833333333333 0.513888888888889 0.05 0.25
0 0.6369791666666667 0.5027777777777778 0.053125 0.2555555555555556
0 0.5796875 0.5006944444444444 0.053125 0.2513888888888889
0 0.5182291666666666 0.4979166666666667 0.053125 0.24861111111111112
0 0.46249999999999997 0.4986111111111111 0.052083333333333336 0.24722222222222223
0 0.403125 0.49375 0.06041666666666667 0.2652777777777778
0 0.3364583333333333 0.4951388888888889 0.05625 0.2847222222222222
0 0.26666666666666666 0.5083333333333333 0.06458333333333333 0.2638888888888889
0 0.2708333333333333 0.19861111111111113 0.04583333333333333 0.2611111111111111
0 0.3385416666666667 0.18958333333333335 0.052083333333333336 0.26805555555555555
0 0.40208333333333335 0.19166666666666668 0.04791666666666666 0.2555555555555556
0 0.4671875 0.19444444444444445 0.04479166666666667 0.25277777777777777
0 0.5239583333333333 0.19236111111111112 0.05416666666666667 0.25972222222222224
0 0.5916666666666667 0.19652777777777777 0.04583333333333333 0.25972222222222224
0 0.6494791666666666 0.20069444444444445 0.04895833333333333 0.27083333333333337
0 0.7125 0.2013888888888889 0.05625 0.26944444444444443
0 0.7697916666666667 0.20416666666666666 0.05 0.28611111111111115
0 0.8385416666666666 0.21319444444444446 0.06041666666666667 0.2763888888888889
