0 0.2171875 0.7847222222222222 0.06979166666666667 0.23611111111111113
0 0.28072916666666664 0.7868055555555555 0.059375 0.23472222222222222
0 0.3458333333333333 0.7847222222222222 0.0625 0.22777777777777777
0 0.40520833333333334 0.7805555555555556 0.06666666666666667 0.22777777777777777
0 0.471875 0.7770833333333333 0.07708333333333334 0.24583333333333335
0 0.5421875 0.7770833333333333 0.06145833333333333 0.24861111111111112
0 0.6088541666666667 0.7916666666666667 0.057291666666666664 0.23055555555555557
0 0.6713541666666667 0.7826388888888889 0.04895833333333333 0.24027777777777778
0 0.7354166666666666 0.7833333333333333 0.05625 0.26944444444444443
0 0.8010416666666667 0.7854166666666667 0.06041666666666667 0.25972222222222224
0 0.22604166666666667 0.4604166666666667 0.052083333333333336 0.26805555555555555
0 0.2921875 0.46875 0.051041666666666666 0.27083333333333337
0 0.35520833333333335 0.45833333333333337 0.05416666666666667 0.2638888888888889
0 0.41770833333333335 0.46944444444444444 0.04791666666666666 0.25833333333333336
0 0.48125 0.4638888888888889 0.058333333333333334 0.275
0 0.5484375 0.46875 0.051041666666666666 0.2652777777777778
0 0.6119791666666666 0.4743055555555556 0.059375 0.25416666666666665
0 0.6729166666666666 0.4840277777777778 0.06875 0.2513888888888889
0 0.7375 0.47222222222222227 0.0625 0.2638888888888889
0 0.7979166666666666 0.47222222222222227 0.07291666666666667 0.27222222222222225
0 0.2515625 0.1798611111111111 0.040625 0.22361111111111112
0 0.30625 0.18541666666666667 0.05 0.22916666666666669
0 0.3729166666666667 0.19166666666666668 0.05 0.225
0 0.4270833333333333 0.18055555555555555 0.05 0.2388888888888889
0 0.49166666666666664 0.1875 0.04791666666666666 0.23333333333333334
0 0.54375 0.19375 0.052083333333333336 0.23750000000000002
0 0.6010416666666667 0.18888888888888888 0.06875 0.22777777777777777
0 0.6578125 0.19722222222222224 0.065625 0.23055555555555557
0 0.7197916666666666 0.19583333333333333 0.0625 0.2388888888888889
0 0.7791666666666667 0.19652777777777777 0.075 0.22361111111111112
