0 0.6942708333333333 0.7541666666666667 0.057291666666666664 0.25833333333333336
0 0.6411458333333333 0.7569444444444444 0.05520833333333333 0.25833333333333336
0 0.5734375 0.7451388888888889 0.057291666666666664 0.27361111111111114
0 0.5265625 0.7465277777777778 0.059375 0.2625
0 0.46458333333333335 0.7451388888888889 0.04791666666666666 0.27361111111111114
0 0.4083333333333333 0.7402777777777778 0.052083333333333336 0.27222222222222225
0 0.359375 0.7395833333333334 0.05625 0.28194444444444444
0 0.2973958333333333 0.7541666666666667 0.053125 0.27222222222222225
0 0.24270833333333333 0.7416666666666667 0.05625 0.2638888888888889
0 0.18489583333333334 0.7513888888888889 0.06354166666666666 0.26944444444444443
0 0.696875 0.4756944444444445 0.052083333333333336 0.2625
0 0.63125 0.4673611111111111 0.058333333333333334 0.27083333333333337
0 0.575 0.46111111111111114 0.0625 0.2777777777777778
0 0.5177083333333333 0.4701388888888889 0.06041666666666667 0.2652777777777778
0 0.4578125 0.45972222222222225 0.04895833333333333 0.2638888888888889
0 0.3984375 0.4618055555555556 0.06354166666666666 0.26805555555555555
0 0.340625 0.45972222222222225 0.04791666666666666 0.2833333333333333
0 0.2890625 0.47708333333333336 0.06354166666666666 0.26805555555555555
0 0.22864583333333333 0.45 0.042708333333333334 0.30833333333333335
0 0.16614583333333333 0.4743055555555556 0.06145833333333333 0.28194444444444444
0 0.6963541666666666 0.17777777777777778 0.06145833333333333 0.25277777777777777
0 0.6328125 0.17152777777777778 0.05520833333333333 0.24861111111111112
0 0.5723958333333333 0.17152777777777778 0.06770833333333333 0.27083333333333337
0 0.5072916666666667 0.18125 0.07083333333333333 0.2791666666666667
0 0.4421875 0.17916666666666667 0.04479166666666667 0.2888888888888889
0 0.3885416666666667 0.1798611111111111 0.0625 0.27361111111111114
0 0.3255208333333333 0.1826388888888889 0.06354166666666666 0.28194444444444444
0 0.26145833333333335 0.18472222222222223 0.052083333333333336 0.275
0 0.20260416666666667 0.18888888888888888 0.06145833333333333 0.26666666666666666
0 0.14947916666666666 0.1902777777777778 0.084375 0.26944444444444443
