0 0.2375 0.763888888888889 0.07083333333333333 0.2555555555555556
0 0.3 0.7590277777777779 0.06666666666666667 0.2652777777777778
0 0.3671875 0.7569444444444444 0.06979166666666667 0.2888888888888889
0 0.4322916666666667 0.7673611111111112 0.06458333333333333 0.2847222222222222
0 0.496875 0.7666666666666667 0.06666666666666667 0.2777777777777778
0 0.559375 0.7631944444444445 0.06041666666666667 0.2763888888888889
0 0.63125 0.7673611111111112 0.06875 0.2902777777777778
0 0.6859375 0.7631944444444445 0.06354166666666666 0.2791666666666667
0 0.7463541666666667 0.7625000000000001 0.06145833333333333 0.28611111111111115
0 0.8276041666666667 0.7680555555555556 0.07395833333333333 0.2916666666666667
0 0.24166666666666667 0.46111111111111114 0.058333333333333334 0.29444444444444445
0 0.3078125 0.46111111111111114 0.06979166666666667 0.2916666666666667
0 0.36666666666666664 0.46805555555555556 0.07083333333333333 0.2888888888888889
0 0.4354166666666667 0.46458333333333335 0.08125 0.29305555555555557
0 0.4984375 0.46805555555555556 0.08645833333333333 0.2833333333333333
0 0.5666666666666667 0.4763888888888889 0.075 0.2833333333333333
0 0.6270833333333333 0.4777777777777778 0.07916666666666666 0.3
0 0.6942708333333333 0.4666666666666667 0.06770833333333333 0.3027777777777778
0 0.7541666666666667 0.4708333333333333 0.06666666666666667 0.2916666666666667
0 0.8203125 0.4777777777777778 0.071875 0.2833333333333333
0 0.265625 0.17847222222222223 0.05 0.27083333333333337
0 0.3260416666666667 0.17777777777777778 0.06458333333333333 0.2611111111111111
0 0.3833333333333333 0.19236111111111112 0.058333333333333334 0.24305555555555555
0 0.44114583333333335 0.1951388888888889 0.06354166666666666 0.23750000000000002
0 0.50625 0.19375 0.05625 0.25416666666666665
0 0.5614583333333333 0.18888888888888888 0.052083333333333336 0.27222222222222225
0 0.6239583333333333 0.19236111111111112 0.052083333333333336 0.25972222222222224
0 0.6796875 0.19444444444444445 0.057291666666666664 0.2611111111111111
0 0.7479166666666667 0.19236111111111112 0.06458333333333333 0.24583333333333335
0 0.803125 0.19930555555555557 0.06458333333333333 0.23750000000000002
