0 0.28125 0.7652777777777778 0.06458333333333333 0.25
0 0.3380208333333333 0.7694444444444445 0.06770833333333333 0.24166666666666667
0 0.396875 0.763888888888889 0.0625 0.2388888888888889
0 0.45468749999999997 0.7590277777777779 0.051041666666666666 0.2652777777777778
0 0.5114583333333333 0.75 0.058333333333333334 0.2777777777777778
0 0.5640625 0.7694444444444445 0.05520833333333333 0.26944444444444443
0 0.6265625 0.7548611111111111 0.053125 0.2625
0 0.6828125 0.7513888888888889 0.046875 0.26666666666666666
0 0.7369791666666666 0.7520833333333333 0.057291666666666664 0.2763888888888889
0 0.7953125 0.7458333333333333 0.078125 0.2638888888888889
0 0.278125 0.4826388888888889 0.0625 0.24305555555555555
0 0.3328125 0.4756944444444445 0.06354166666666666 0.2625
0 0.3963541666666667 0.47361111111111115 0.057291666666666664 0.275
0 0.4557291666666667 0.47222222222222227 0.071875 0.27222222222222225
0 0.5166666666666666 0.46597222222222223 0.06458333333333333 0.27083333333333337
0 0.5807291666666666 0.47500000000000003 0.06979166666666667 0.28611111111111115
0 0.6359375 0.46597222222222223 0.06145833333333333 0.2791666666666667
0 0.6916666666666667 0.4638888888888889 0.04791666666666666 0.2888888888888889
0 0.7458333333333333 0.4708333333333333 0.05625 0.275
0 0.8036458333333333 0.48333333333333334 0.07604166666666666 0.26944444444444443
0 0.275 0.17708333333333334 0.06666666666666667 0.24583333333333335
0 0.34270833333333334 0.17500000000000002 0.06041666666666667 0.28055555555555556
0 0.4036458333333333 0.17291666666666666 0.059375 0.2513888888888889
0 0.4578125 0.17708333333333334 0.06145833333333333 0.2569444444444445
0 0.5229166666666667 0.17916666666666667 0.07291666666666667 0.25833333333333336
0 0.5848958333333333 0.18472222222222223 0.06354166666666666 0.27222222222222225
0 0.6432291666666666 0.19097222222222224 0.06979166666666667 0.25972222222222224
0 0.7026041666666667 0.18472222222222223 0.07395833333333333 0.2638888888888889
0 0.7614583333333333 0.19236111111111112 0.08125 0.2625
0 0.8265625 0.19861111111111113 0.06770833333333333 0.2916666666666667
