0 0.23697916666666666 0.7652777777777778 0.08020833333333333 0.28611111111111115
0 0.31875 0.7611111111111112 0.06875 0.2972222222222222
0 0.375 0.7763888888888889 0.0625 0.28055555555555556
0 0.44375 0.763888888888889 0.058333333333333334 0.275
0 0.515625 0.7791666666666667 0.04791666666666666 0.25277777777777777
0 0.25364583333333335 0.4666666666666667 0.053125 0.2833333333333333
0 0.5135416666666667 0.47361111111111115 0.04791666666666666 0.25277777777777777
0 0.6375 0.4777777777777778 0.04791666666666666 0.25277777777777777
0 0.6239583333333333 0.19722222222222224 0.04791666666666666 0.25277777777777777
0 0.5697916666666667 0.2 0.04791666666666666 0.25277777777777777
0 0.5114583333333333 0.20416666666666666 0.04791666666666666 0.25277777777777777
0 0.45416666666666666 0.18888888888888888 0.04791666666666666 0.25277777777777777
0 0.3885416666666667 0.18055555555555555 0.04791666666666666 0.25277777777777777
0 0.33125 0.18194444444444446 0.04791666666666666 0.25277777777777777
0 0.2677083333333333 0.16944444444444445 0.04791666666666666 0.25277777777777777
0 0.45416666666666666 0.4652777777777778 0.04791666666666666 0.25277777777777777
0 0.38958333333333334 0.45972222222222225 0.04791666666666666 0.25277777777777777
0 0.321875 0.4652777777777778 0.04791666666666666 0.25277777777777777
0 0.5760416666666667 0.48750000000000004 0.04791666666666666 0.25277777777777777
0 0.7979166666666666 0.2125 0.04791666666666666 0.25277777777777777
0 0.734375 0.22222222222222224 0.04791666666666666 0.25277777777777777
0 0.6822916666666666 0.2138888888888889 0.04791666666666666 0.25277777777777777
0 0.8104166666666667 0.4777777777777778 0.04791666666666666 0.25277777777777777
0 0.7479166666666667 0.48194444444444445 0.04791666666666666 0.25277777777777777
0 0.6927083333333334 0.4861111111111111 0.04791666666666666 0.25277777777777777
0 0.70625 0.7805555555555556 0.04791666666666666 0.25277777777777777
0 0.64375 0.7777777777777778 0.04791666666666666 0.25277777777777777
0 0.575 0.7791666666666667 0.04791666666666666 0.25277777777777777
0 0.8302083333333333 0.7819444444444444 0.04791666666666666 0.25277777777777777
0 0.7708333333333334 0.7770833333333333 0.052083333333333336 0.27083333333333337
