0 0.2476851851851852 0.19479166666666667 0.18981481481481483 0.04513888888888889
0 0.25787037037037036 0.24409722222222224 0.1953703703703704 0.03680555555555556
0 0.2587962962962963 0.28750000000000003 0.1953703703703704 0.04583333333333334
0 0.2606481481481482 0.33611111111111114 0.21203703703703705 0.04027777777777778
0 0.26435185185185184 0.3920138888888889 0.225 0.03958333333333333
0 0.26296296296296295 0.44722222222222224 0.2351851851851852 0.044444444444444446
0 0.25416666666666665 0.5 0.20462962962962963 0.0375
0 0.2662037037037037 0.5506944444444445 0.21203703703703705 0.04027777777777778
0 0.2662037037037037 0.6069444444444445 0.22685185185185186 0.05
0 0.25972222222222224 0.6604166666666667 0.225 0.04166666666666667
0 0.5064814814814815 0.18958333333333335 0.20370370370370372 0.044444444444444446
0 0.5083333333333333 0.2388888888888889 0.20925925925925926 0.036111111111111115
0 0.500925925925926 0.2902777777777778 0.20925925925925926 0.036111111111111115
0 0.5199074074074074 0.3392361111111111 0.22685185185185186 0.04236111111111111
0 0.5268518518518519 0.38819444444444445 0.22592592592592595 0.036111111111111115
0 0.525462962962963 0.43854166666666666 0.22685185185185186 0.03819444444444445
0 0.5439814814814815 0.4951388888888889 0.25277777777777777 0.043055555555555555
0 0.5388888888888889 0.5447916666666667 0.23703703703703705 0.03958333333333333
0 0.5425925925925926 0.5982638888888889 0.25 0.03680555555555556
0 0.5324074074074074 0.6517361111111112 0.24629629629629632 0.043750000000000004
0 0.7462962962962963 0.1951388888888889 0.20370370370370372 0.036111111111111115
0 0.7518518518518519 0.24375000000000002 0.21296296296296297 0.029166666666666667
0 0.7625000000000001 0.29131944444444446 0.21944444444444444 0.03402777777777778
0 0.7680555555555556 0.3392361111111111 0.21944444444444444 0.03680555555555556
0 0.7703703703703704 0.3854166666666667 0.21296296296296297 0.03194444444444445
0 0.7740740740740741 0.4392361111111111 0.21666666666666667 0.02847222222222222
0 0.7837962962962963 0.4916666666666667 0.20833333333333334 0.0375
0 0.7847222222222222 0.5427083333333333 0.21203703703703705 0.02847222222222222
0 0.7902777777777779 0.5930555555555556 0.2212962962962963 0.03333333333333333
0 0.7902777777777779 0.6458333333333334 0.21574074074074076 0.043055555555555555
