0 0.703125 0.8277777777777778 0.07291666666666667 0.19722222222222224
0 0.6348958333333333 0.8298611111111112 0.053125 0.21805555555555556
0 0.58125 0.7993055555555556 0.07083333333333333 0.27083333333333337
0 0.5135416666666667 0.8138888888888889 0.0625 0.2388888888888889
0 0.4552083333333333 0.8027777777777778 0.05625 0.26944444444444443
0 0.39739583333333334 0.7937500000000001 0.059375 0.2513888888888889
0 0.3442708333333333 0.788888888888889 0.053125 0.2777777777777778
0 0.2859375 0.7861111111111111 0.059375 0.24722222222222223
0 0.23385416666666667 0.7930555555555556 0.06145833333333333 0.26944444444444443
0 0.17916666666666667 0.7819444444444444 0.05416666666666667 0.24722222222222223
0 0.15364583333333334 0.5125000000000001 0.05520833333333333 0.23611111111111113
0 0.21458333333333332 0.4916666666666667 0.05 0.2777777777777778
0 0.26197916666666665 0.49097222222222225 0.05520833333333333 0.2791666666666667
0 0.3307291666666667 0.4965277777777778 0.06770833333333333 0.28750000000000003
0 0.3911458333333333 0.49375 0.08020833333333333 0.27361111111111114
0 0.44427083333333334 0.5041666666666667 0.06145833333333333 0.3027777777777778
0 0.5104166666666666 0.49375 0.05625 0.2763888888888889
0 0.5697916666666667 0.5083333333333333 0.0625 0.2555555555555556
0 0.634375 0.5069444444444444 0.052083333333333336 0.26944444444444443
0 0.7026041666666667 0.5020833333333333 0.06145833333333333 0.2791666666666667
0 0.7036458333333333 0.19652777777777777 0.046875 0.24305555555555555
0 0.6427083333333333 0.18888888888888888 0.06875 0.24444444444444446
0 0.5703125 0.19305555555555556 0.06145833333333333 0.25833333333333336
0 0.5046875 0.19097222222222224 0.071875 0.25416666666666665
0 0.4421875 0.19652777777777777 0.053125 0.2625
0 0.38229166666666664 0.19305555555555556 0.058333333333333334 0.24722222222222223
0 0.31666666666666665 0.20208333333333334 0.052083333333333336 0.2625
0 0.2578125 0.19722222222222224 0.059375 0.23611111111111113
0 0.19479166666666667 0.20277777777777778 0.05 0.23611111111111113
0 0.13333333333333333 0.20416666666666666 0.05625 0.26666666666666666
