0 0.2760416666666667 0.7451388888888889 0.07083333333333333 0.2263888888888889
0 0.34010416666666665 0.7416666666666667 0.06145833333333333 0.225
0 0.396875 0.7465277777777778 0.06458333333333333 0.22083333333333335
0 0.4630208333333333 0.7569444444444444 0.06354166666666666 0.23055555555555557
0 0.5260416666666666 0.7541666666666667 0.06041666666666667 0.21944444444444444
0 0.5838541666666667 0.7569444444444444 0.05520833333333333 0.23333333333333334
0 0.6489583333333333 0.7520833333333333 0.0625 0.2513888888888889
0 0.7109375 0.7534722222222222 0.051041666666666666 0.23472222222222222
0 0.775 0.7520833333333333 0.03958333333333333 0.25972222222222224
0 0.8354166666666667 0.7534722222222222 0.04791666666666666 0.22916666666666669
0 0.8322916666666667 0.4652777777777778 0.07291666666666667 0.25833333333333336
0 0.778125 0.4743055555555556 0.06041666666666667 0.24861111111111112
0 0.7114583333333333 0.45 0.075 0.2638888888888889
0 0.6515625 0.4604166666666667 0.05520833333333333 0.23750000000000002
0 0.5921875 0.4638888888888889 0.04895833333333333 0.25277777777777777
0 0.528125 0.46319444444444446 0.0625 0.25416666666666665
0 0.46770833333333334 0.45416666666666666 0.052083333333333336 0.25
0 0.39947916666666666 0.45625000000000004 0.065625 0.25416666666666665
0 0.3416666666666667 0.4534722222222222 0.058333333333333334 0.25416666666666665
0 0.27760416666666665 0.4548611111111111 0.04895833333333333 0.2652777777777778
0 0.2942708333333333 0.18055555555555555 0.053125 0.21944444444444444
0 0.3536458333333333 0.18888888888888888 0.05520833333333333 0.24722222222222223
0 0.41302083333333334 0.18541666666666667 0.04479166666666667 0.23194444444444445
0 0.47291666666666665 0.19722222222222224 0.05625 0.20833333333333334
0 0.521875 0.20069444444444445 0.05416666666666667 0.2152777777777778
0 0.5854166666666667 0.19583333333333333 0.052083333333333336 0.20833333333333334
0 0.6380208333333334 0.20347222222222222 0.046875 0.2152777777777778
0 0.6947916666666667 0.19930555555555557 0.06041666666666667 0.20694444444444446
0 0.8119791666666667 0.20486111111111113 0.06770833333333333 0.2263888888888889
0 0.7546875 0.19444444444444445 0.059375 0.23333333333333334
