0 0.23833333333333334 0.708125 0.24333333333333335 0.03625
0 0.51 0.700625 0.24333333333333335 0.03625
0 0.7725000000000001 0.690625 0.24166666666666667 0.03625
0 0.2366666666666667 0.64875 0.24000000000000002 0.0375
0 0.5058333333333334 0.64375 0.24833333333333335 0.0325
0 0.78 0.6375000000000001 0.23 0.0325
0 0.2316666666666667 0.598125 0.24666666666666667 0.04125
0 0.51 0.593125 0.24000000000000002 0.043750000000000004
0 0.7725000000000001 0.588125 0.24500000000000002 0.043750000000000004
0 0.23083333333333333 0.540625 0.24500000000000002 0.03875
0 0.5066666666666667 0.5337500000000001 0.24333333333333335 0.0325
0 0.775 0.530625 0.2366666666666667 0.03625
0 0.22583333333333336 0.48375 0.2516666666666667 0.035
0 0.5016666666666667 0.479375 0.24666666666666667 0.03375
0 0.775 0.47500000000000003 0.23 0.045
0 0.22833333333333336 0.42562500000000003 0.2366666666666667 0.03625
0 0.5008333333333334 0.424375 0.24833333333333335 0.03625
0 0.775 0.420625 0.23333333333333334 0.03875
0 0.5066666666666667 0.3675 0.24000000000000002 0.0375
0 0.22666666666666668 0.36375 0.24333333333333335 0.04
0 0.7783333333333334 0.364375 0.22333333333333336 0.03625
0 0.22416666666666668 0.30875 0.24500000000000002 0.035
0 0.7758333333333334 0.306875 0.22833333333333336 0.03875
0 0.5033333333333334 0.31125 0.24000000000000002 0.04
0 0.785 0.25625 0.2066666666666667 0.0375
0 0.22833333333333336 0.255 0.23 0.0375
0 0.49750000000000005 0.251875 0.2516666666666667 0.03375
0 0.7775000000000001 0.201875 0.21500000000000002 0.04125
0 0.2275 0.194375 0.225 0.03875
0 0.5033333333333334 0.199375 0.2366666666666667 0.043750000000000004
