0 0.48750000000000004 0.574375 0.2916666666666667 0.04125
0 0.8166666666666668 0.521875 0.2866666666666667 0.03375
0 0.4916666666666667 0.52125 0.29333333333333333 0.035
0 0.8108333333333334 0.47125 0.2816666666666667 0.0325
0 0.48750000000000004 0.471875 0.2816666666666667 0.03625
0 0.16166666666666668 0.47000000000000003 0.2866666666666667 0.0375
0 0.8033333333333333 0.42562500000000003 0.27 0.03625
0 0.48583333333333334 0.42625 0.2816666666666667 0.04
0 0.155 0.420625 0.26333333333333336 0.03875
0 0.8058333333333334 0.37625000000000003 0.275 0.0325
0 0.48750000000000004 0.375 0.2783333333333334 0.0325
0 0.16833333333333333 0.371875 0.2866666666666667 0.03625
0 0.805 0.32875 0.27666666666666667 0.03
0 0.4866666666666667 0.326875 0.2733333333333334 0.03875
0 0.8041666666666667 0.28 0.275 0.0325
0 0.49250000000000005 0.278125 0.28833333333333333 0.03375
0 0.48833333333333334 0.233125 0.27666666666666667 0.02875
0 0.7941666666666667 0.18937500000000002 0.26166666666666666 0.03125
0 0.48750000000000004 0.18625 0.27166666666666667 0.0325
0 0.17 0.186875 0.26666666666666666 0.03125
0 0.7875000000000001 0.14375000000000002 0.2516666666666667 0.035
0 0.48583333333333334 0.14125000000000001 0.26833333333333337 0.03
0 0.17750000000000002 0.141875 0.26833333333333337 0.02625
0 0.17083333333333334 0.23375 0.2816666666666667 0.035
0 0.18083333333333335 0.281875 0.2816666666666667 0.04125
0 0.16583333333333333 0.326875 0.2783333333333334 0.03125
0 0.16333333333333333 0.52 0.29333333333333333 0.04
0 0.1625 0.574375 0.28833333333333333 0.04125
0 0.8283333333333334 0.571875 0.31 0.04125
0 0.8091666666666667 0.233125 0.28500000000000003 0.03125
