0 0.30885416666666665 0.7756944444444445 0.04895833333333333 0.2152777777777778
0 0.309375 0.4881944444444445 0.058333333333333334 0.2569444444444445
0 0.7239583333333334 0.49375 0.058333333333333334 0.2569444444444445
0 0.6666666666666666 0.49375 0.058333333333333334 0.2569444444444445
0 0.6104166666666666 0.49097222222222225 0.058333333333333334 0.2569444444444445
0 0.4302083333333333 0.4965277777777778 0.058333333333333334 0.2569444444444445
0 0.359375 0.48958333333333337 0.058333333333333334 0.2569444444444445
0 0.48020833333333335 0.49097222222222225 0.058333333333333334 0.2569444444444445
0 0.546875 0.48958333333333337 0.058333333333333334 0.2569444444444445
0 0.8364583333333333 0.5006944444444444 0.058333333333333334 0.2569444444444445
0 0.740625 0.22291666666666668 0.058333333333333334 0.2569444444444445
0 0.6833333333333333 0.22013888888888888 0.058333333333333334 0.2569444444444445
0 0.6177083333333333 0.21319444444444446 0.058333333333333334 0.2569444444444445
0 0.5614583333333333 0.20902777777777778 0.058333333333333334 0.2569444444444445
0 0.49583333333333335 0.21180555555555555 0.058333333333333334 0.2569444444444445
0 0.43645833333333334 0.20208333333333334 0.058333333333333334 0.2569444444444445
0 0.365625 0.20069444444444445 0.058333333333333334 0.2569444444444445
0 0.30625 0.20208333333333334 0.058333333333333334 0.2569444444444445
0 0.8177083333333334 0.78125 0.058333333333333334 0.2569444444444445
0 0.8541666666666666 0.20902777777777778 0.058333333333333334 0.2569444444444445
0 0.7979166666666666 0.20486111111111113 0.058333333333333334 0.2569444444444445
0 0.5979166666666667 0.7673611111111112 0.058333333333333334 0.2569444444444445
0 0.5395833333333333 0.7743055555555556 0.058333333333333334 0.2569444444444445
0 0.48125 0.7756944444444445 0.058333333333333334 0.2569444444444445
0 0.4239583333333333 0.7743055555555556 0.058333333333333334 0.2569444444444445
0 0.3677083333333333 0.7798611111111111 0.058333333333333334 0.2569444444444445
0 0.7104166666666667 0.7673611111111112 0.058333333333333334 0.2569444444444445
0 0.65 0.7631944444444445 0.058333333333333334 0.2569444444444445
0 0.7630208333333334 0.7722222222222223 0.042708333333333334 0.23611111111111113
0 0.7822916666666666 0.49375 0.058333333333333334 0.2569444444444445
