0 0.2796875 0.7569444444444444 0.06770833333333333 0.23333333333333334
0 0.4192708333333333 0.21666666666666667 0.06770833333333333 0.23333333333333334
0 0.3609375 0.21805555555555556 0.06770833333333333 0.23333333333333334
0 0.2994791666666667 0.2263888888888889 0.06770833333333333 0.23333333333333334
0 0.2796875 0.4763888888888889 0.06770833333333333 0.23333333333333334
0 0.5890625 0.22916666666666669 0.06770833333333333 0.23333333333333334
0 0.5359375 0.22222222222222224 0.06770833333333333 0.23333333333333334
0 0.4765625 0.21666666666666667 0.06770833333333333 0.23333333333333334
0 0.4140625 0.48888888888888893 0.06770833333333333 0.23333333333333334
0 0.3453125 0.4763888888888889 0.06770833333333333 0.23333333333333334
0 0.6578125 0.7583333333333334 0.06770833333333333 0.23333333333333334
0 0.5953125 0.7611111111111112 0.06770833333333333 0.23333333333333334
0 0.5296875 0.7597222222222223 0.06770833333333333 0.23333333333333334
0 0.4734375 0.7569444444444444 0.06770833333333333 0.23333333333333334
0 0.4046875 0.7583333333333334 0.06770833333333333 0.23333333333333334
0 0.34322916666666664 0.7541666666666667 0.06770833333333333 0.23333333333333334
0 0.5296875 0.4756944444444445 0.065625 0.2513888888888889
0 0.5911458333333334 0.4861111111111111 0.06770833333333333 0.23333333333333334
0 0.6442708333333333 0.22083333333333335 0.06770833333333333 0.23333333333333334
0 0.7015625 0.22361111111111112 0.06770833333333333 0.23333333333333334
0 0.7588541666666666 0.21944444444444444 0.06770833333333333 0.23333333333333334
0 0.8182291666666667 0.22361111111111112 0.06770833333333333 0.23333333333333334
0 0.8442708333333333 0.4777777777777778 0.06770833333333333 0.23333333333333334
0 0.6526041666666667 0.48333333333333334 0.06770833333333333 0.23333333333333334
0 0.7796875 0.48333333333333334 0.06770833333333333 0.23333333333333334
0 0.7161458333333334 0.4847222222222222 0.06770833333333333 0.23333333333333334
0 0.7244791666666667 0.7583333333333334 0.06770833333333333 0.23333333333333334
0 0.47239583333333335 0.4847222222222222 0.06770833333333333 0.23333333333333334
0 0.8442708333333333 0.7625000000000001 0.06770833333333333 0.23333333333333334
0 0.7817708333333333 0.7555555555555555 0.06770833333333333 0.23333333333333334
