0 0.2994791666666667 0.763888888888889 0.071875 0.23333333333333334
0 0.6026041666666666 0.7694444444444445 0.071875 0.23333333333333334
0 0.5390625 0.7625000000000001 0.071875 0.23333333333333334
0 0.4848958333333333 0.7666666666666667 0.071875 0.23333333333333334
0 0.42604166666666665 0.7618055555555556 0.052083333333333336 0.22916666666666669
0 0.37135416666666665 0.7597222222222223 0.071875 0.23333333333333334
0 0.2989583333333333 0.4763888888888889 0.058333333333333334 0.26666666666666666
0 0.7723958333333333 0.7694444444444445 0.071875 0.23333333333333334
0 0.7161458333333334 0.775 0.071875 0.23333333333333334
0 0.6588541666666666 0.775 0.071875 0.23333333333333334
0 0.8348958333333333 0.7736111111111111 0.071875 0.23333333333333334
0 0.5583333333333333 0.48888888888888893 0.058333333333333334 0.26666666666666666
0 0.4875 0.47500000000000003 0.058333333333333334 0.26666666666666666
0 0.42916666666666664 0.4777777777777778 0.058333333333333334 0.26666666666666666
0 0.3645833333333333 0.47361111111111115 0.058333333333333334 0.26666666666666666
0 0.5645833333333333 0.18611111111111112 0.058333333333333334 0.26666666666666666
0 0.49374999999999997 0.1875 0.058333333333333334 0.26666666666666666
0 0.434375 0.18888888888888888 0.058333333333333334 0.26666666666666666
0 0.3697916666666667 0.19305555555555556 0.058333333333333334 0.26666666666666666
0 0.30625 0.19305555555555556 0.058333333333333334 0.26666666666666666
0 0.6197916666666666 0.4916666666666667 0.058333333333333334 0.26666666666666666
0 0.8697916666666666 0.20972222222222223 0.058333333333333334 0.26666666666666666
0 0.8104166666666667 0.20972222222222223 0.058333333333333334 0.26666666666666666
0 0.753125 0.19722222222222224 0.058333333333333334 0.26666666666666666
0 0.690625 0.19861111111111113 0.058333333333333334 0.26666666666666666
0 0.628125 0.1902777777777778 0.058333333333333334 0.26666666666666666
0 0.790625 0.49583333333333335 0.058333333333333334 0.26666666666666666
0 0.7322916666666667 0.4902777777777778 0.058333333333333334 0.26666666666666666
0 0.8572916666666667 0.5 0.058333333333333334 0.26666666666666666
0 0.6802083333333333 0.4902777777777778 0.058333333333333334 0.26666666666666666
