0 0.2453125 0.7354166666666667 0.05520833333333333 0.23194444444444445
0 0.3723958333333333 0.46875 0.05520833333333333 0.23194444444444445
0 0.3151041666666667 0.4618055555555556 0.05520833333333333 0.23194444444444445
0 0.3078125 0.7368055555555556 0.05520833333333333 0.23194444444444445
0 0.24947916666666667 0.45 0.06354166666666666 0.2555555555555556
0 0.6140625 0.46597222222222223 0.05520833333333333 0.25416666666666665
0 0.5515625 0.4673611111111111 0.05520833333333333 0.23194444444444445
0 0.49114583333333334 0.46597222222222223 0.05520833333333333 0.23194444444444445
0 0.43072916666666666 0.4729166666666667 0.05520833333333333 0.23194444444444445
0 0.43906249999999997 0.20208333333333334 0.05520833333333333 0.25416666666666665
0 0.3921875 0.20486111111111113 0.05520833333333333 0.25416666666666665
0 0.34010416666666665 0.19930555555555557 0.05520833333333333 0.25416666666666665
0 0.278125 0.20902777777777778 0.06041666666666667 0.20416666666666666
0 0.6046875 0.20486111111111113 0.05520833333333333 0.25416666666666665
0 0.5526041666666667 0.21319444444444446 0.05520833333333333 0.25416666666666665
0 0.5005208333333333 0.20208333333333334 0.05520833333333333 0.25416666666666665
0 0.5515625 0.7395833333333334 0.05520833333333333 0.25416666666666665
0 0.48802083333333335 0.732638888888889 0.05520833333333333 0.25416666666666665
0 0.4265625 0.7312500000000001 0.05520833333333333 0.25416666666666665
0 0.36614583333333334 0.7229166666666667 0.05520833333333333 0.25416666666666665
0 0.7776041666666667 0.20486111111111113 0.05520833333333333 0.25416666666666665
0 0.7234375 0.20625000000000002 0.05520833333333333 0.25416666666666665
0 0.6640625 0.19652777777777777 0.05520833333333333 0.25416666666666665
0 0.7953125 0.7604166666666667 0.05520833333333333 0.25416666666666665
0 0.7390625 0.47847222222222224 0.05520833333333333 0.25416666666666665
0 0.6765625 0.46875 0.05520833333333333 0.25416666666666665
0 0.7973958333333333 0.4715277777777778 0.05520833333333333 0.25416666666666665
0 0.7296875 0.7409722222222223 0.05520833333333333 0.25416666666666665
0 0.6723958333333333 0.7381944444444445 0.05520833333333333 0.25416666666666665
0 0.6119791666666666 0.7409722222222223 0.05520833333333333 0.25416666666666665
