0 0.7296875 0.7666666666666667 0.036458333333333336 0.17777777777777778
0 0.3286458333333333 0.7479166666666667 0.040625 0.1875
0 0.22135416666666666 0.7527777777777778 0.036458333333333336 0.17777777777777778
0 0.2765625 0.7458333333333333 0.036458333333333336 0.17777777777777778
0 0.4401041666666667 0.7555555555555555 0.036458333333333336 0.17777777777777778
0 0.4984375 0.763888888888889 0.036458333333333336 0.17777777777777778
0 0.6119791666666666 0.7583333333333334 0.036458333333333336 0.17777777777777778
0 0.5557291666666666 0.7569444444444444 0.036458333333333336 0.17777777777777778
0 0.6651041666666666 0.7569444444444444 0.036458333333333336 0.17777777777777778
0 0.38697916666666665 0.7388888888888889 0.046875 0.2111111111111111
0 0.4354166666666667 0.45416666666666666 0.041666666666666664 0.225
0 0.37447916666666664 0.45416666666666666 0.046875 0.2111111111111111
0 0.20572916666666666 0.45972222222222225 0.046875 0.2111111111111111
0 0.25677083333333334 0.45972222222222225 0.046875 0.2111111111111111
0 0.19427083333333334 0.1701388888888889 0.04479166666666667 0.2263888888888889
0 0.3140625 0.4569444444444445 0.046875 0.2111111111111111
0 0.43906249999999997 0.17847222222222223 0.04479166666666667 0.2263888888888889
0 0.37135416666666665 0.16875 0.04479166666666667 0.2263888888888889
0 0.3067708333333333 0.17291666666666666 0.04479166666666667 0.2263888888888889
0 0.2515625 0.1701388888888889 0.04479166666666667 0.2263888888888889
0 0.6151041666666667 0.17291666666666666 0.04479166666666667 0.2263888888888889
0 0.5546875 0.1701388888888889 0.04479166666666667 0.2263888888888889
0 0.4890625 0.1701388888888889 0.04479166666666667 0.2263888888888889
0 0.675 0.4486111111111111 0.041666666666666664 0.225
0 0.6182291666666666 0.4388888888888889 0.057291666666666664 0.24444444444444446
0 0.5583333333333333 0.44722222222222224 0.041666666666666664 0.225
0 0.49947916666666664 0.44236111111111115 0.04895833333333333 0.2569444444444445
0 0.6776041666666667 0.17847222222222223 0.04479166666666667 0.2263888888888889
0 0.7401041666666667 0.17708333333333334 0.04479166666666667 0.2263888888888889
0 0.7380208333333333 0.4569444444444445 0.05520833333333333 0.23333333333333334
