0 0.2484375 0.5430555555555556 0.065625 0.22777777777777777
0 0.315625 0.5402777777777777 0.04375 0.19444444444444445
0 0.38229166666666664 0.5347222222222222 0.05416666666666667 0.2138888888888889
0 0.44375 0.5326388888888889 0.0625 0.2152777777777778
0 0.5119791666666667 0.5368055555555555 0.06145833333333333 0.20416666666666666
0 0.5744791666666667 0.5298611111111111 0.06354166666666666 0.19305555555555556
0 0.6380208333333334 0.5215277777777778 0.059375 0.20416666666666666
0 0.7046875 0.5243055555555556 0.06145833333333333 0.20972222222222223
0 0.7677083333333333 0.5006944444444444 0.06041666666666667 0.24027777777777778
0 0.8416666666666667 0.4951388888888889 0.075 0.25416666666666665
0 0.8364583333333333 0.8180555555555555 0.05625 0.17222222222222222
0 0.775 0.8173611111111111 0.06041666666666667 0.16527777777777777
0 0.7088541666666667 0.8173611111111111 0.07395833333333333 0.17083333333333334
0 0.6390625 0.8194444444444445 0.071875 0.18333333333333335
0 0.56875 0.8208333333333334 0.058333333333333334 0.17500000000000002
0 0.5135416666666667 0.8243055555555556 0.05 0.17083333333333334
0 0.45468749999999997 0.8326388888888889 0.05520833333333333 0.1513888888888889
0 0.3880208333333333 0.8368055555555556 0.06770833333333333 0.14305555555555557
0 0.32708333333333334 0.8465277777777778 0.058333333333333334 0.12638888888888888
0 0.2598958333333333 0.8402777777777778 0.065625 0.14722222222222223
0 0.27291666666666664 0.25416666666666665 0.052083333333333336 0.20555555555555557
0 0.3255208333333333 0.24583333333333335 0.05520833333333333 0.20277777777777778
0 0.3859375 0.24097222222222223 0.051041666666666666 0.20972222222222223
0 0.44375 0.24027777777777778 0.05 0.21666666666666667
0 0.5046875 0.24444444444444446 0.04895833333333333 0.20833333333333334
0 0.5677083333333334 0.23194444444444445 0.058333333333333334 0.20833333333333334
0 0.6255208333333333 0.23472222222222222 0.05520833333333333 0.21944444444444444
0 0.68125 0.2326388888888889 0.0625 0.20694444444444446
0 0.7375 0.22361111111111112 0.0625 0.20277777777777778
0 0.7963541666666667 0.22430555555555556 0.06770833333333333 0.1902777777777778
