0 0.2984375 0.7673611111111112 0.065625 0.22916666666666669
0 0.35885416666666664 0.7673611111111112 0.042708333333333334 0.20694444444444446
0 0.41302083333333334 0.7673611111111112 0.04895833333333333 0.2152777777777778
0 0.4661458333333333 0.76875 0.036458333333333336 0.2263888888888889
0 0.5234375 0.7701388888888889 0.04895833333333333 0.2152777777777778
0 0.5765625 0.7611111111111112 0.05520833333333333 0.22777777777777777
0 0.6369791666666667 0.763888888888889 0.053125 0.24444444444444446
0 0.690625 0.7694444444444445 0.052083333333333336 0.24444444444444446
0 0.7463541666666667 0.7618055555555556 0.04479166666666667 0.24861111111111112
0 0.7989583333333333 0.7631944444444445 0.05625 0.22916666666666669
0 0.8229166666666666 0.5034722222222222 0.05416666666666667 0.24861111111111112
0 0.7609375 0.4979166666666667 0.053125 0.23194444444444445
0 0.7119791666666666 0.4916666666666667 0.042708333333333334 0.25833333333333336
0 0.6505208333333333 0.4916666666666667 0.046875 0.2555555555555556
0 0.4734375 0.48888888888888893 0.046875 0.2555555555555556
0 0.41302083333333334 0.48888888888888893 0.046875 0.2555555555555556
0 0.3578125 0.4986111111111111 0.046875 0.2555555555555556
0 0.29010416666666666 0.4847222222222222 0.046875 0.2555555555555556
0 0.5869791666666666 0.48750000000000004 0.046875 0.2555555555555556
0 0.5317708333333333 0.48888888888888893 0.046875 0.2555555555555556
0 0.4192708333333333 0.22361111111111112 0.046875 0.2555555555555556
0 0.35572916666666665 0.23333333333333334 0.046875 0.2555555555555556
0 0.2942708333333333 0.22083333333333335 0.046875 0.2555555555555556
0 0.6515625 0.22361111111111112 0.046875 0.2555555555555556
0 0.5911458333333334 0.225 0.046875 0.2555555555555556
0 0.5380208333333333 0.2263888888888889 0.046875 0.2555555555555556
0 0.4744791666666667 0.2125 0.046875 0.2555555555555556
0 0.7692708333333333 0.21805555555555556 0.046875 0.2555555555555556
0 0.7182291666666667 0.22222222222222224 0.046875 0.2555555555555556
0 0.8359375 0.22361111111111112 0.046875 0.2555555555555556
