0 0.2708333333333333 0.7881944444444444 0.06041666666666667 0.2513888888888889
0 0.4791666666666667 0.7854166666666667 0.06041666666666667 0.2513888888888889
0 0.4145833333333333 0.78125 0.06041666666666667 0.2513888888888889
0 0.34479166666666666 0.7854166666666667 0.06041666666666667 0.2513888888888889
0 0.2677083333333333 0.48541666666666666 0.06041666666666667 0.2513888888888889
0 0.33125 0.47847222222222224 0.06041666666666667 0.2513888888888889
0 0.39375 0.47847222222222224 0.06041666666666667 0.2513888888888889
0 0.4614583333333333 0.4729166666666667 0.06041666666666667 0.2513888888888889
0 0.6458333333333334 0.4701388888888889 0.06041666666666667 0.2513888888888889
0 0.60625 0.7756944444444445 0.06041666666666667 0.2513888888888889
0 0.5822916666666667 0.4673611111111111 0.06041666666666667 0.2513888888888889
0 0.5395833333333333 0.7826388888888889 0.06041666666666667 0.2513888888888889
0 0.521875 0.48680555555555555 0.06041666666666667 0.2513888888888889
0 0.6697916666666667 0.7715277777777778 0.06041666666666667 0.2513888888888889
0 0.8177083333333334 0.45763888888888893 0.06041666666666667 0.2513888888888889
0 0.7572916666666667 0.45625000000000004 0.06041666666666667 0.2513888888888889
0 0.7010416666666667 0.46458333333333335 0.06041666666666667 0.2513888888888889
0 0.8510416666666667 0.7548611111111111 0.06041666666666667 0.2513888888888889
0 0.7916666666666666 0.7548611111111111 0.06041666666666667 0.2513888888888889
0 0.7302083333333333 0.7645833333333334 0.06041666666666667 0.2513888888888889
0 0.6208333333333333 0.18680555555555556 0.06041666666666667 0.2513888888888889
0 0.675 0.17708333333333334 0.06041666666666667 0.2513888888888889
0 0.7270833333333333 0.18125 0.06041666666666667 0.2513888888888889
0 0.7875 0.17708333333333334 0.06041666666666667 0.2513888888888889
0 0.39166666666666666 0.17430555555555557 0.06041666666666667 0.2513888888888889
0 0.44479166666666664 0.1840277777777778 0.06041666666666667 0.2513888888888889
0 0.5041666666666667 0.17708333333333334 0.06041666666666667 0.2513888888888889
0 0.5666666666666667 0.17430555555555557 0.06041666666666667 0.2513888888888889
0 0.32708333333333334 0.18125 0.06041666666666667 0.2513888888888889
0 0.26875 0.1798611111111111 0.06041666666666667 0.2513888888888889
