0 0.27314814814814814 0.20034722222222223 0.22037037037037038 0.04097222222222222
0 0.2611111111111111 0.25 0.2 0.03333333333333333
0 0.26851851851851855 0.2951388888888889 0.22222222222222224 0.0375
0 0.27824074074074073 0.3388888888888889 0.24537037037037038 0.0375
0 0.2425925925925926 0.38784722222222223 0.20740740740740743 0.03680555555555556
0 0.23842592592592593 0.4305555555555556 0.2138888888888889 0.034722222222222224
0 0.23935185185185187 0.48055555555555557 0.2175925925925926 0.0375
0 0.2300925925925926 0.5315972222222223 0.19351851851851853 0.03819444444444445
0 0.21574074074074076 0.5774305555555556 0.20185185185185187 0.03680555555555556
0 0.21666666666666667 0.6298611111111111 0.19814814814814816 0.03888888888888889
0 0.48564814814814816 0.1954861111111111 0.17500000000000002 0.027083333333333334
0 0.48379629629629634 0.24097222222222223 0.17500000000000002 0.04027777777777778
0 0.49212962962962964 0.29097222222222224 0.19351851851851853 0.02777777777777778
0 0.47870370370370374 0.3375 0.16666666666666669 0.030555555555555558
0 0.47500000000000003 0.3854166666666667 0.19074074074074074 0.02777777777777778
0 0.4777777777777778 0.4392361111111111 0.21296296296296297 0.035416666666666666
0 0.4726851851851852 0.4871527777777778 0.18611111111111112 0.035416666666666666
0 0.47222222222222227 0.5336805555555556 0.1962962962962963 0.03680555555555556
0 0.4740740740740741 0.5822916666666667 0.19444444444444445 0.03263888888888889
0 0.4740740740740741 0.6357638888888889 0.21296296296296297 0.043750000000000004
0 0.7143518518518519 0.18229166666666669 0.19351851851851853 0.03402777777777778
0 0.7138888888888889 0.23333333333333334 0.1851851851851852 0.036111111111111115
0 0.7162037037037037 0.284375 0.2064814814814815 0.03958333333333333
0 0.7185185185185186 0.33437500000000003 0.21666666666666667 0.03680555555555556
0 0.7212962962962963 0.3885416666666667 0.19074074074074074 0.03402777777777778
0 0.7101851851851853 0.4375 0.1962962962962963 0.03194444444444445
0 0.7106481481481481 0.48888888888888893 0.21203703703703705 0.036111111111111115
0 0.7513888888888889 0.5423611111111112 0.27314814814814814 0.043055555555555555
0 0.725 0.5934027777777778 0.22592592592592595 0.03819444444444445
0 0.7185185185185186 0.6493055555555556 0.23148148148148148 0.04583333333333334
