0 0.234375 0.7652777777777778 0.04583333333333333 0.20277777777777778
0 0.28125 0.26666666666666666 0.04583333333333333 0.20277777777777778
0 0.225 0.2638888888888889 0.04583333333333333 0.20277777777777778
0 0.21875 0.525 0.04583333333333333 0.20277777777777778
0 0.4380208333333333 0.5229166666666667 0.04479166666666667 0.22361111111111112
0 0.39375 0.5236111111111111 0.04583333333333333 0.20277777777777778
0 0.33229166666666665 0.525 0.04583333333333333 0.20277777777777778
0 0.2791666666666667 0.5194444444444445 0.04583333333333333 0.20277777777777778
0 0.5932291666666667 0.5145833333333334 0.04479166666666667 0.22361111111111112
0 0.5442708333333334 0.5201388888888889 0.04479166666666667 0.22361111111111112
0 0.49114583333333334 0.5229166666666667 0.04479166666666667 0.22361111111111112
0 0.4348958333333333 0.7479166666666667 0.04479166666666667 0.22361111111111112
0 0.3890625 0.7590277777777779 0.04479166666666667 0.22361111111111112
0 0.3359375 0.7659722222222223 0.04479166666666667 0.22361111111111112
0 0.2890625 0.75625 0.04479166666666667 0.22361111111111112
0 0.6796875 0.7493055555555556 0.04479166666666667 0.22361111111111112
0 0.6328125 0.7520833333333333 0.04479166666666667 0.22361111111111112
0 0.5828125 0.757638888888889 0.04479166666666667 0.22361111111111112
0 0.5390625 0.7493055555555556 0.04479166666666667 0.22361111111111112
0 0.4848958333333333 0.7493055555555556 0.04479166666666667 0.22361111111111112
0 0.49322916666666666 0.27847222222222223 0.04479166666666667 0.22361111111111112
0 0.4401041666666667 0.26458333333333334 0.04479166666666667 0.22361111111111112
0 0.3911458333333333 0.2729166666666667 0.04479166666666667 0.22361111111111112
0 0.33489583333333334 0.2715277777777778 0.04479166666666667 0.22361111111111112
0 0.7005208333333334 0.28541666666666665 0.04479166666666667 0.22361111111111112
0 0.6526041666666667 0.28125 0.04479166666666667 0.22361111111111112
0 0.5984375 0.2743055555555556 0.04479166666666667 0.22361111111111112
0 0.5494791666666666 0.2743055555555556 0.04479166666666667 0.22361111111111112
0 0.6911458333333333 0.5131944444444445 0.04479166666666667 0.22361111111111112
0 0.6380208333333334 0.5131944444444445 0.04479166666666667 0.22361111111111112
