0 0.21000000000000002 0.6687500000000001 0.24000000000000002 0.0425
0 0.4916666666666667 0.6625 0.25333333333333335 0.0475
0 0.7641666666666667 0.655 0.23833333333333334 0.0425
0 0.20833333333333334 0.6062500000000001 0.2366666666666667 0.0425
0 0.48583333333333334 0.603125 0.24500000000000002 0.03875
0 0.7591666666666668 0.59375 0.23500000000000001 0.0375
0 0.20750000000000002 0.551875 0.23500000000000001 0.043750000000000004
0 0.4841666666666667 0.548125 0.24500000000000002 0.04125
0 0.765 0.545 0.25 0.0475
0 0.7575000000000001 0.4875 0.23833333333333334 0.0425
0 0.20583333333333334 0.49312500000000004 0.23500000000000001 0.043750000000000004
0 0.48500000000000004 0.489375 0.24666666666666667 0.03875
0 0.7541666666666668 0.4325 0.23833333333333334 0.04
0 0.20333333333333334 0.431875 0.23 0.043750000000000004
0 0.48000000000000004 0.429375 0.24000000000000002 0.03875
0 0.7475 0.379375 0.22833333333333336 0.04125
0 0.4758333333333334 0.375625 0.2316666666666667 0.03625
0 0.2025 0.37375 0.23500000000000001 0.04
0 0.7441666666666668 0.32625 0.225 0.0375
0 0.19583333333333336 0.321875 0.22166666666666668 0.04125
0 0.4841666666666667 0.319375 0.24833333333333335 0.04625
0 0.7433333333333334 0.270625 0.22333333333333336 0.043750000000000004
0 0.4733333333333334 0.263125 0.23333333333333334 0.03875
0 0.2025 0.261875 0.2316666666666667 0.04125
0 0.7441666666666668 0.2175 0.2316666666666667 0.035
0 0.47000000000000003 0.2025 0.23 0.04
0 0.20750000000000002 0.20625000000000002 0.24500000000000002 0.04
0 0.7350000000000001 0.16625 0.22666666666666668 0.04
0 0.19583333333333336 0.149375 0.22833333333333336 0.03875
0 0.4608333333333334 0.15125 0.23500000000000001 0.045
