0 0.7916666666666666 0.7694444444444445 0.05416666666666667 0.24722222222222223
0 0.7307291666666667 0.7743055555555556 0.059375 0.24305555555555555
0 0.66875 0.7708333333333334 0.04791666666666666 0.23333333333333334
0 0.6078125 0.7666666666666667 0.05520833333333333 0.24166666666666667
0 0.5479166666666666 0.7673611111111112 0.052083333333333336 0.24861111111111112
0 0.48385416666666664 0.7701388888888889 0.05520833333333333 0.25972222222222224
0 0.4223958333333333 0.7659722222222223 0.059375 0.2513888888888889
0 0.3677083333333333 0.763888888888889 0.06666666666666667 0.25
0 0.30416666666666664 0.7611111111111112 0.05416666666666667 0.26666666666666666
0 0.2359375 0.7611111111111112 0.059375 0.275
0 0.25 0.48333333333333334 0.06666666666666667 0.225
0 0.31614583333333335 0.47847222222222224 0.06770833333333333 0.2513888888888889
0 0.3729166666666667 0.4777777777777778 0.05 0.25277777777777777
0 0.4270833333333333 0.48333333333333334 0.058333333333333334 0.23055555555555557
0 0.4828125 0.48750000000000004 0.051041666666666666 0.23333333333333334
0 0.5411458333333333 0.4847222222222222 0.05520833333333333 0.22777777777777777
0 0.5973958333333333 0.4847222222222222 0.051041666666666666 0.2388888888888889
0 0.6557291666666667 0.48541666666666666 0.059375 0.23750000000000002
0 0.71875 0.4881944444444445 0.06458333333333333 0.22361111111111112
0 0.7770833333333333 0.48888888888888893 0.06041666666666667 0.22777777777777777
0 0.7510416666666666 0.23611111111111113 0.04791666666666666 0.2111111111111111
0 0.696875 0.24097222222222223 0.05416666666666667 0.19583333333333333
0 0.6453125 0.2451388888888889 0.051041666666666666 0.20416666666666666
0 0.5963541666666666 0.25 0.05520833333333333 0.20555555555555557
0 0.5401041666666666 0.24305555555555555 0.059375 0.2138888888888889
0 0.4895833333333333 0.24375000000000002 0.041666666666666664 0.19305555555555556
0 0.43906249999999997 0.24791666666666667 0.059375 0.20972222222222223
0 0.3880208333333333 0.23333333333333334 0.053125 0.20555555555555557
0 0.3307291666666667 0.24791666666666667 0.05520833333333333 0.19305555555555556
0 0.27447916666666666 0.2423611111111111 0.071875 0.1902777777777778
