0 0.7026041666666667 0.7277777777777779 0.04895833333333333 0.22777777777777777
0 0.5744791666666667 0.4430555555555556 0.04895833333333333 0.22777777777777777
0 0.6380208333333334 0.44583333333333336 0.04895833333333333 0.22777777777777777
0 0.7015625 0.4361111111111111 0.04895833333333333 0.22777777777777777
0 0.5171875 0.4388888888888889 0.04895833333333333 0.22777777777777777
0 0.3255208333333333 0.7361111111111112 0.04895833333333333 0.22777777777777777
0 0.5770833333333333 0.7125 0.04375 0.2777777777777778
0 0.6380208333333334 0.7361111111111112 0.04895833333333333 0.22777777777777777
0 0.3875 0.7180555555555556 0.04375 0.2777777777777778
0 0.45 0.7125 0.04375 0.2777777777777778
0 0.5083333333333333 0.7236111111111111 0.04375 0.2777777777777778
0 0.2890625 0.4465277777777778 0.053125 0.27083333333333337
0 0.346875 0.43194444444444446 0.04375 0.2777777777777778
0 0.39791666666666664 0.41805555555555557 0.04375 0.2777777777777778
0 0.45625 0.42083333333333334 0.04375 0.2777777777777778
0 0.153125 0.7263888888888889 0.04375 0.2777777777777778
0 0.2125 0.7222222222222222 0.04375 0.2777777777777778
0 0.26979166666666665 0.7166666666666667 0.04375 0.2777777777777778
0 0.18177083333333333 0.4326388888888889 0.06145833333333333 0.2763888888888889
0 0.2359375 0.43819444444444444 0.05520833333333333 0.2791666666666667
0 0.6338541666666666 0.17222222222222222 0.04895833333333333 0.22777777777777777
0 0.6869791666666667 0.1625 0.04895833333333333 0.22777777777777777
0 0.4088541666666667 0.1763888888888889 0.04895833333333333 0.22777777777777777
0 0.4609375 0.17500000000000002 0.04895833333333333 0.22777777777777777
0 0.5203125 0.18194444444444446 0.04895833333333333 0.22777777777777777
0 0.5723958333333333 0.16527777777777777 0.04895833333333333 0.22777777777777777
0 0.3067708333333333 0.18194444444444446 0.04895833333333333 0.22777777777777777
0 0.35572916666666665 0.17777777777777778 0.04895833333333333 0.22777777777777777
0 0.20052083333333334 0.18888888888888888 0.04895833333333333 0.22777777777777777
0 0.2578125 0.18888888888888888 0.04895833333333333 0.22777777777777777
