0 0.709375 0.7625000000000001 0.05625 0.22222222222222224
0 0.5239583333333333 0.7708333333333334 0.05625 0.22222222222222224
0 0.5802083333333333 0.7722222222222223 0.05625 0.22222222222222224
0 0.6447916666666667 0.7708333333333334 0.05625 0.22222222222222224
0 0.6447916666666667 0.4743055555555556 0.05416666666666667 0.2513888888888889
0 0.7114583333333333 0.46944444444444444 0.05625 0.25
0 0.3052083333333333 0.7694444444444445 0.05625 0.22222222222222224
0 0.35833333333333334 0.7722222222222223 0.05625 0.22222222222222224
0 0.4197916666666667 0.7666666666666667 0.05625 0.22222222222222224
0 0.47291666666666665 0.7666666666666667 0.05625 0.22222222222222224
0 0.19479166666666667 0.7666666666666667 0.05625 0.22222222222222224
0 0.24479166666666666 0.7666666666666667 0.05625 0.22222222222222224
0 0.34375 0.4840277777777778 0.05416666666666667 0.2513888888888889
0 0.40625 0.4826388888888889 0.05416666666666667 0.2513888888888889
0 0.46875 0.4798611111111111 0.05416666666666667 0.2513888888888889
0 0.5260416666666666 0.4743055555555556 0.05416666666666667 0.2513888888888889
0 0.5822916666666667 0.4756944444444445 0.05416666666666667 0.2513888888888889
0 0.22708333333333333 0.4881944444444445 0.05416666666666667 0.2513888888888889
0 0.2864583333333333 0.47847222222222224 0.05416666666666667 0.2513888888888889
0 0.15416666666666667 0.20208333333333334 0.05416666666666667 0.2513888888888889
0 0.16875 0.48125 0.05416666666666667 0.2513888888888889
0 0.3333333333333333 0.18958333333333335 0.05416666666666667 0.2513888888888889
0 0.27291666666666664 0.1840277777777778 0.05416666666666667 0.2513888888888889
0 0.2125 0.19097222222222224 0.05416666666666667 0.2513888888888889
0 0.4583333333333333 0.1840277777777778 0.05416666666666667 0.2513888888888889
0 0.3958333333333333 0.1840277777777778 0.05416666666666667 0.2513888888888889
0 0.7052083333333333 0.1826388888888889 0.05416666666666667 0.2513888888888889
0 0.521875 0.1798611111111111 0.05416666666666667 0.2513888888888889
0 0.5854166666666667 0.17430555555555557 0.05416666666666667 0.2513888888888889
0 0.65 0.17152777777777778 0.05416666666666667 0.2513888888888889
