0 0.21458333333333332 0.7423611111111111 0.07708333333333334 0.23472222222222222
0 0.2734375 0.7479166666666667 0.071875 0.22361111111111112
0 0.33489583333333334 0.7319444444444445 0.059375 0.25
0 0.4041666666666667 0.7381944444444445 0.052083333333333336 0.24861111111111112
0 0.46770833333333334 0.7416666666666667 0.052083333333333336 0.23611111111111113
0 0.5244791666666666 0.7423611111111111 0.057291666666666664 0.23472222222222222
0 0.5895833333333333 0.7472222222222222 0.06041666666666667 0.22777777777777777
0 0.65625 0.7493055555555556 0.05 0.22916666666666669
0 0.71875 0.7465277777777778 0.05416666666666667 0.23472222222222222
0 0.7802083333333333 0.7444444444444445 0.06666666666666667 0.2388888888888889
0 0.7807291666666667 0.45555555555555555 0.06145833333333333 0.23611111111111113
0 0.7182291666666667 0.45416666666666666 0.065625 0.2555555555555556
0 0.6473958333333333 0.45555555555555555 0.057291666666666664 0.2555555555555556
0 0.5901041666666667 0.45208333333333334 0.059375 0.25416666666666665
0 0.5307291666666667 0.45416666666666666 0.05520833333333333 0.2611111111111111
0 0.4692708333333333 0.4569444444444445 0.06145833333333333 0.25277777777777777
0 0.40625 0.45625000000000004 0.058333333333333334 0.2513888888888889
0 0.3458333333333333 0.45625000000000004 0.05625 0.25972222222222224
0 0.28125 0.45416666666666666 0.058333333333333334 0.24444444444444446
0 0.21875 0.45833333333333337 0.05625 0.2638888888888889
0 0.24895833333333334 0.19861111111111113 0.05416666666666667 0.225
0 0.3026041666666667 0.19583333333333333 0.051041666666666666 0.22777777777777777
0 0.35520833333333335 0.20625000000000002 0.05416666666666667 0.21805555555555556
0 0.40989583333333335 0.20347222222222222 0.05520833333333333 0.20416666666666666
0 0.471875 0.18958333333333335 0.05416666666666667 0.2125
0 0.5302083333333333 0.20625000000000002 0.04583333333333333 0.2013888888888889
0 0.5854166666666667 0.20208333333333334 0.04791666666666666 0.19305555555555556
0 0.6348958333333333 0.19444444444444445 0.051041666666666666 0.2111111111111111
0 0.6921875 0.19583333333333333 0.051041666666666666 0.20833333333333334
0 0.7546875 0.19791666666666669 0.07395833333333333 0.20972222222222223
