0 0.2515625 0.7895833333333334 0.051041666666666666 0.2152777777777778
0 0.48802083333333335 0.7937500000000001 0.051041666666666666 0.2152777777777778
0 0.43385416666666665 0.7979166666666667 0.051041666666666666 0.2152777777777778
0 0.37135416666666665 0.7979166666666667 0.051041666666666666 0.2152777777777778
0 0.3109375 0.7979166666666667 0.051041666666666666 0.2152777777777778
0 0.4348958333333333 0.5034722222222222 0.051041666666666666 0.2152777777777778
0 0.3734375 0.4951388888888889 0.051041666666666666 0.2152777777777778
0 0.31197916666666664 0.4965277777777778 0.051041666666666666 0.2152777777777778
0 0.24427083333333333 0.5104166666666667 0.051041666666666666 0.2152777777777778
0 0.8057291666666666 0.5256944444444445 0.051041666666666666 0.2152777777777778
0 0.6828125 0.5118055555555556 0.051041666666666666 0.2152777777777778
0 0.6203125 0.5201388888888889 0.051041666666666666 0.2152777777777778
0 0.7453125 0.5215277777777778 0.051041666666666666 0.2152777777777778
0 0.5526041666666667 0.5118055555555556 0.051041666666666666 0.2152777777777778
0 0.4973958333333333 0.49930555555555556 0.051041666666666666 0.2152777777777778
0 0.7859375 0.8034722222222223 0.051041666666666666 0.2152777777777778
0 0.7286458333333333 0.8048611111111111 0.051041666666666666 0.2152777777777778
0 0.6630208333333333 0.7965277777777778 0.051041666666666666 0.2152777777777778
0 0.6078125 0.7979166666666667 0.051041666666666666 0.2152777777777778
0 0.5473958333333333 0.8104166666666667 0.051041666666666666 0.2152777777777778
0 0.5036458333333333 0.19375 0.051041666666666666 0.2152777777777778
0 0.4453125 0.18958333333333335 0.051041666666666666 0.2152777777777778
0 0.3807291666666667 0.19236111111111112 0.051041666666666666 0.2152777777777778
0 0.3182291666666667 0.20347222222222222 0.051041666666666666 0.2152777777777778
0 0.2578125 0.19791666666666669 0.051041666666666666 0.2152777777777778
0 0.6932291666666667 0.19930555555555557 0.051041666666666666 0.2152777777777778
0 0.6276041666666666 0.19375 0.051041666666666666 0.2152777777777778
0 0.5671875 0.19236111111111112 0.051041666666666666 0.2152777777777778
0 0.8192708333333333 0.19791666666666669 0.051041666666666666 0.2152777777777778
0 0.7505208333333333 0.19791666666666669 0.051041666666666666 0.2152777777777778
