0 0.2296875 0.7979166666666667 0.06354166666666666 0.18472222222222223
0 0.2911458333333333 0.7972222222222223 0.06145833333333333 0.18888888888888888
0 0.359375 0.76875 0.0625 0.22916666666666669
0 0.41822916666666665 0.7798611111111111 0.04895833333333333 0.2125
0 0.48020833333333335 0.7819444444444444 0.058333333333333334 0.23055555555555557
0 0.5510416666666667 0.795138888888889 0.058333333333333334 0.2013888888888889
0 0.6140625 0.7993055555555556 0.051041666666666666 0.2013888888888889
0 0.6802083333333333 0.7715277777777778 0.04583333333333333 0.24861111111111112
0 0.7473958333333334 0.7958333333333334 0.051041666666666666 0.20833333333333334
0 0.8151041666666666 0.7743055555555556 0.06770833333333333 0.23194444444444445
0 0.23020833333333332 0.4798611111111111 0.05 0.23472222222222222
0 0.29583333333333334 0.48958333333333337 0.05625 0.23750000000000002
0 0.35520833333333335 0.47361111111111115 0.058333333333333334 0.25833333333333336
0 0.4223958333333333 0.48680555555555555 0.05520833333333333 0.2263888888888889
0 0.48593749999999997 0.48194444444444445 0.053125 0.22777777777777777
0 0.5520833333333334 0.48333333333333334 0.05416666666666667 0.23333333333333334
0 0.6171875 0.48888888888888893 0.053125 0.23611111111111113
0 0.68125 0.4881944444444445 0.05625 0.23750000000000002
0 0.7432291666666666 0.46944444444444444 0.06770833333333333 0.2638888888888889
0 0.8166666666666667 0.4666666666666667 0.07291666666666667 0.24722222222222223
0 0.7833333333333333 0.20972222222222223 0.07916666666666666 0.18888888888888888
0 0.7229166666666667 0.21805555555555556 0.05416666666666667 0.19444444444444445
0 0.66875 0.21666666666666667 0.052083333333333336 0.19444444444444445
0 0.6052083333333333 0.21736111111111112 0.05 0.1875
0 0.55 0.21944444444444444 0.04791666666666666 0.18888888888888888
0 0.4927083333333333 0.21736111111111112 0.05625 0.19305555555555556
0 0.43072916666666666 0.20625000000000002 0.051041666666666666 0.20694444444444446
0 0.3729166666666667 0.20902777777777778 0.05625 0.2125
0 0.3140625 0.21875 0.04895833333333333 0.1902777777777778
0 0.2609375 0.21736111111111112 0.05520833333333333 0.1902777777777778
