0 0.2734375 0.7673611111111112 0.053125 0.27361111111111114
0 0.3848958333333333 0.4840277777777778 0.053125 0.27361111111111114
0 0.3890625 0.7618055555555556 0.053125 0.27361111111111114
0 0.32760416666666664 0.21458333333333335 0.053125 0.27361111111111114
0 0.3286458333333333 0.48680555555555555 0.053125 0.27361111111111114
0 0.3296875 0.7631944444444445 0.053125 0.27361111111111114
0 0.2682291666666667 0.21875 0.053125 0.27361111111111114
0 0.2661458333333333 0.4881944444444445 0.053125 0.27361111111111114
0 0.4432291666666667 0.21597222222222223 0.053125 0.27361111111111114
0 0.4473958333333333 0.76875 0.053125 0.27361111111111114
0 0.44114583333333335 0.48541666666666666 0.053125 0.27361111111111114
0 0.3848958333333333 0.2076388888888889 0.053125 0.27361111111111114
0 0.5026041666666666 0.7729166666666667 0.053125 0.27361111111111114
0 0.5036458333333333 0.49236111111111114 0.053125 0.27361111111111114
0 0.5026041666666666 0.21041666666666667 0.053125 0.27361111111111114
0 0.5598958333333334 0.21041666666666667 0.053125 0.27361111111111114
0 0.5609375 0.49097222222222225 0.053125 0.27361111111111114
0 0.5546875 0.7645833333333334 0.053125 0.27361111111111114
0 0.6807291666666666 0.21458333333333335 0.053125 0.27361111111111114
0 0.6119791666666666 0.7743055555555556 0.053125 0.27361111111111114
0 0.6171875 0.48958333333333337 0.053125 0.27361111111111114
0 0.6213541666666667 0.21041666666666667 0.053125 0.27361111111111114
0 0.6755208333333333 0.5020833333333333 0.053125 0.27361111111111114
0 0.8046875 0.2215277777777778 0.053125 0.27361111111111114
0 0.7390625 0.21041666666666667 0.053125 0.27361111111111114
0 0.6734375 0.7770833333333333 0.053125 0.27361111111111114
0 0.7984375 0.49930555555555556 0.053125 0.27361111111111114
0 0.7421875 0.49097222222222225 0.053125 0.27361111111111114
0 0.7807291666666667 0.7743055555555556 0.053125 0.27361111111111114
0 0.7296875 0.76875 0.053125 0.27361111111111114
