0 0.7713541666666667 0.7222222222222222 0.06354166666666666 0.22777777777777777
0 0.7130208333333333 0.7305555555555556 0.06770833333333333 0.23055555555555557
0 0.6484375 0.7354166666666667 0.06354166666666666 0.24027777777777778
0 0.5895833333333333 0.7256944444444444 0.06458333333333333 0.2625
0 0.5255208333333333 0.7402777777777778 0.07395833333333333 0.24444444444444446
0 0.4640625 0.7291666666666667 0.059375 0.2638888888888889
0 0.3989583333333333 0.7451388888888889 0.058333333333333334 0.23750000000000002
0 0.33489583333333334 0.7381944444444445 0.059375 0.24861111111111112
0 0.2682291666666667 0.7451388888888889 0.057291666666666664 0.24583333333333335
0 0.2 0.7472222222222222 0.06458333333333333 0.26666666666666666
0 0.7619791666666667 0.43819444444444444 0.057291666666666664 0.24027777777777778
0 0.6989583333333333 0.4430555555555556 0.05 0.23333333333333334
0 0.6338541666666666 0.4375 0.053125 0.25833333333333336
0 0.5677083333333334 0.4416666666666667 0.06041666666666667 0.25277777777777777
0 0.5135416666666667 0.44236111111111115 0.058333333333333334 0.2569444444444445
0 0.4515625 0.45 0.053125 0.24722222222222223
0 0.39375 0.45416666666666666 0.052083333333333336 0.2555555555555556
0 0.3307291666666667 0.44930555555555557 0.053125 0.24027777777777778
0 0.2734375 0.45625000000000004 0.05520833333333333 0.24861111111111112
0 0.2125 0.4569444444444445 0.06458333333333333 0.24166666666666667
0 0.23124999999999998 0.19791666666666669 0.06041666666666667 0.2152777777777778
0 0.28802083333333334 0.19861111111111113 0.059375 0.2138888888888889
0 0.3453125 0.20416666666666666 0.053125 0.20833333333333334
0 0.4010416666666667 0.19861111111111113 0.05 0.2111111111111111
0 0.45468749999999997 0.19583333333333333 0.05520833333333333 0.20833333333333334
0 0.5057291666666667 0.19791666666666669 0.053125 0.2013888888888889
0 0.5609375 0.19166666666666668 0.051041666666666666 0.2138888888888889
0 0.6140625 0.18472222222222223 0.051041666666666666 0.2
0 0.665625 0.19444444444444445 0.05416666666666667 0.21666666666666667
0 0.73125 0.1763888888888889 0.06458333333333333 0.23333333333333334
