0 0.2935185185185185 0.16875 0.20925925925925926 0.061111111111111116
0 0.2888888888888889 0.23333333333333334 0.18888888888888888 0.05555555555555556
0 0.2953703703703704 0.2986111111111111 0.21296296296296297 0.05555555555555556
0 0.2791666666666667 0.36215277777777777 0.22314814814814815 0.06041666666666667
0 0.27222222222222225 0.42986111111111114 0.22222222222222224 0.05555555555555556
0 0.2675925925925926 0.4996527777777778 0.21851851851851853 0.06597222222222222
0 0.25833333333333336 0.5621527777777778 0.22592592592592595 0.07152777777777779
0 0.2550925925925926 0.6340277777777779 0.225 0.0638888888888889
0 0.5569444444444445 0.15659722222222222 0.22314814814814815 0.06875
0 0.5564814814814815 0.22916666666666669 0.20925925925925926 0.059722222222222225
0 0.5708333333333333 0.29618055555555556 0.24351851851851852 0.06319444444444444
0 0.549074074074074 0.3635416666666667 0.20555555555555557 0.06180555555555556
0 0.5601851851851852 0.4375 0.22777777777777777 0.075
0 0.5347222222222222 0.49930555555555556 0.18796296296296297 0.0638888888888889
0 0.549074074074074 0.5732638888888889 0.22777777777777777 0.06875
0 0.5412037037037037 0.6479166666666667 0.22870370370370371 0.0763888888888889
0 0.8282407407407407 0.15034722222222222 0.19722222222222224 0.06180555555555556
0 0.8453703703703704 0.22187500000000002 0.23333333333333334 0.06180555555555556
0 0.8365740740740741 0.290625 0.21944444444444444 0.06319444444444444
0 0.8453703703703704 0.36458333333333337 0.23703703703703705 0.06527777777777778
0 0.8324074074074075 0.43472222222222223 0.2 0.05694444444444444
0 0.8310185185185186 0.5076388888888889 0.225 0.06527777777777778
0 0.8231481481481482 0.5819444444444445 0.24074074074074076 0.06944444444444445
0 0.8203703703703704 0.6527777777777778 0.22592592592592595 0.06527777777777778
