0 0.7566666666666667 0.69125 0.21666666666666667 0.0375
0 0.4766666666666667 0.694375 0.21333333333333335 0.04125
0 0.22583333333333336 0.683125 0.23500000000000001 0.03625
0 0.7525000000000001 0.639375 0.21833333333333335 0.03375
0 0.4816666666666667 0.63375 0.22 0.0375
0 0.21583333333333335 0.6275000000000001 0.21833333333333335 0.0375
0 0.7558333333333334 0.589375 0.21833333333333335 0.04125
0 0.2275 0.58 0.23833333333333334 0.0375
0 0.48833333333333334 0.579375 0.22666666666666668 0.04125
0 0.7558333333333334 0.525625 0.22166666666666668 0.04125
0 0.21833333333333335 0.525625 0.21666666666666667 0.03875
0 0.48000000000000004 0.52375 0.21666666666666667 0.035
0 0.4816666666666667 0.474375 0.21333333333333335 0.03375
0 0.7608333333333334 0.474375 0.225 0.03625
0 0.22 0.47125 0.22333333333333336 0.035
0 0.7616666666666667 0.419375 0.22 0.03625
0 0.48500000000000004 0.42 0.22333333333333336 0.035
0 0.21416666666666667 0.415625 0.20500000000000002 0.03875
0 0.20750000000000002 0.36625 0.19166666666666668 0.04
0 0.7658333333333334 0.36562500000000003 0.2316666666666667 0.04125
0 0.48583333333333334 0.3675 0.22833333333333336 0.045
0 0.2225 0.31625000000000003 0.22166666666666668 0.035
0 0.4891666666666667 0.31125 0.22166666666666668 0.0375
0 0.7666666666666667 0.31 0.23 0.04
0 0.7691666666666667 0.254375 0.225 0.03375
0 0.48333333333333334 0.253125 0.22 0.03625
0 0.7441666666666668 0.203125 0.18500000000000003 0.03375
0 0.1991666666666667 0.20750000000000002 0.1716666666666667 0.0425
0 0.48500000000000004 0.2025 0.21666666666666667 0.045
0 0.1975 0.265 0.1716666666666667 0.0425
