0 0.22416666666666668 0.664375 0.24166666666666667 0.043750000000000004
0 0.7683333333333334 0.651875 0.2366666666666667 0.03125
0 0.5008333333333334 0.6575 0.24166666666666667 0.045
0 0.2275 0.6025 0.2516666666666667 0.035
0 0.49000000000000005 0.6025 0.22666666666666668 0.0425
0 0.7658333333333334 0.595 0.23500000000000001 0.035
0 0.22583333333333336 0.5525 0.24500000000000002 0.04
0 0.5 0.545625 0.24666666666666667 0.03625
0 0.7558333333333334 0.5437500000000001 0.21833333333333335 0.035
0 0.22333333333333336 0.49375 0.24000000000000002 0.04
0 0.49083333333333334 0.49062500000000003 0.225 0.03625
0 0.7591666666666668 0.4875 0.22833333333333336 0.035
0 0.7566666666666667 0.4325 0.22333333333333336 0.035
0 0.49000000000000005 0.435 0.22333333333333336 0.0375
0 0.21583333333333335 0.43625 0.22166666666666668 0.0425
0 0.48750000000000004 0.37875000000000003 0.22833333333333336 0.0325
0 0.76 0.384375 0.23333333333333334 0.04125
0 0.21166666666666667 0.378125 0.21333333333333335 0.04125
0 0.7583333333333334 0.32875 0.22333333333333336 0.035
0 0.48333333333333334 0.320625 0.22 0.03375
0 0.7541666666666668 0.2725 0.22833333333333336 0.03
0 0.21583333333333335 0.264375 0.225 0.03625
0 0.48500000000000004 0.27 0.22333333333333336 0.045
0 0.7466666666666667 0.22125 0.21666666666666667 0.03
0 0.4808333333333334 0.2125 0.22166666666666668 0.035
0 0.21083333333333334 0.21 0.21166666666666667 0.0375
0 0.7458333333333333 0.171875 0.21833333333333335 0.03625
0 0.48000000000000004 0.154375 0.22333333333333336 0.03625
0 0.22166666666666668 0.154375 0.2366666666666667 0.043750000000000004
0 0.21416666666666667 0.320625 0.21500000000000002 0.03625
