0 0.7401041666666667 0.7263888888888889 0.053125 0.22222222222222224
0 0.6791666666666667 0.7402777777777778 0.041666666666666664 0.2638888888888889
0 0.6239583333333333 0.4486111111111111 0.041666666666666664 0.2638888888888889
0 0.6239583333333333 0.7402777777777778 0.041666666666666664 0.2638888888888889
0 0.7427083333333333 0.4569444444444445 0.041666666666666664 0.2638888888888889
0 0.6760416666666667 0.44027777777777777 0.041666666666666664 0.2638888888888889
0 0.6166666666666667 0.17222222222222222 0.041666666666666664 0.2638888888888889
0 0.6760416666666667 0.18611111111111112 0.041666666666666664 0.2638888888888889
0 0.7291666666666666 0.17222222222222222 0.058333333333333334 0.25
0 0.43854166666666666 0.18611111111111112 0.041666666666666664 0.2638888888888889
0 0.496875 0.17222222222222222 0.041666666666666664 0.2638888888888889
0 0.5520833333333334 0.18055555555555555 0.041666666666666664 0.2638888888888889
0 0.4427083333333333 0.45 0.041666666666666664 0.2638888888888889
0 0.503125 0.4444444444444445 0.041666666666666664 0.2638888888888889
0 0.5604166666666667 0.45 0.041666666666666664 0.2638888888888889
0 0.4479166666666667 0.7430555555555556 0.041666666666666664 0.2638888888888889
0 0.5104166666666666 0.7347222222222223 0.041666666666666664 0.2638888888888889
0 0.5677083333333334 0.7305555555555556 0.041666666666666664 0.2638888888888889
0 0.31666666666666665 0.1763888888888889 0.041666666666666664 0.2638888888888889
0 0.259375 0.18472222222222223 0.041666666666666664 0.2638888888888889
0 0.196875 0.18472222222222223 0.041666666666666664 0.2638888888888889
0 0.3802083333333333 0.17916666666666667 0.041666666666666664 0.2638888888888889
0 0.25625 0.4444444444444445 0.05416666666666667 0.275
0 0.3260416666666667 0.44027777777777777 0.041666666666666664 0.2638888888888889
0 0.3854166666666667 0.4375 0.041666666666666664 0.2638888888888889
0 0.19791666666666666 0.44583333333333336 0.05416666666666667 0.275
0 0.28125 0.7402777777777778 0.041666666666666664 0.2638888888888889
0 0.334375 0.7444444444444445 0.041666666666666664 0.2638888888888889
0 0.39375 0.7388888888888889 0.041666666666666664 0.2638888888888889
0 0.22083333333333333 0.7444444444444445 0.041666666666666664 0.2638888888888889
