0 0.24120370370370373 0.2576388888888889 0.1675925925925926 0.03333333333333333
0 0.25 0.2965277777777778 0.1685185185185185 0.036111111111111115
0 0.24675925925925926 0.3392361111111111 0.1824074074074074 0.03263888888888889
0 0.24814814814814815 0.3809027777777778 0.17962962962962964 0.03680555555555556
0 0.250462962962963 0.42673611111111115 0.18425925925925926 0.04097222222222222
0 0.2550925925925926 0.4729166666666667 0.1953703703703704 0.04722222222222222
0 0.25462962962962965 0.5236111111111111 0.1925925925925926 0.04166666666666667
0 0.2555555555555556 0.5694444444444444 0.1851851851851852 0.044444444444444446
0 0.2569444444444445 0.6184027777777779 0.20277777777777778 0.043750000000000004
0 0.25972222222222224 0.6715277777777778 0.20277777777777778 0.043055555555555555
0 0.4620370370370371 0.24791666666666667 0.1962962962962963 0.034722222222222224
0 0.45833333333333337 0.290625 0.17777777777777778 0.03125
0 0.46111111111111114 0.3302083333333333 0.16111111111111112 0.03125
0 0.47222222222222227 0.3770833333333333 0.16481481481481483 0.030555555555555558
0 0.47870370370370374 0.41875 0.17222222222222222 0.030555555555555558
0 0.4740740740740741 0.4618055555555556 0.17222222222222222 0.03194444444444445
0 0.48194444444444445 0.5079861111111111 0.1787037037037037 0.03680555555555556
0 0.4861111111111111 0.5576388888888889 0.17407407407407408 0.03333333333333333
0 0.49444444444444446 0.6072916666666667 0.1851851851851852 0.03819444444444445
0 0.5027777777777778 0.6583333333333333 0.1814814814814815 0.02777777777777778
0 0.6736111111111112 0.2503472222222222 0.18981481481481483 0.029861111111111113
0 0.6828703703703703 0.2885416666666667 0.1824074074074074 0.02847222222222222
0 0.6939814814814815 0.328125 0.1824074074074074 0.03125
0 0.7032407407407407 0.3697916666666667 0.18981481481481483 0.03125
0 0.700462962962963 0.41076388888888893 0.1953703703703704 0.029861111111111113
0 0.7152777777777778 0.4572916666666667 0.19351851851851853 0.043750000000000004
0 0.7199074074074074 0.5017361111111112 0.19351851851851853 0.03402777777777778
0 0.7212962962962963 0.5454861111111111 0.19444444444444445 0.03819444444444445
0 0.7361111111111112 0.5934027777777778 0.19814814814814816 0.03680555555555556
0 0.7412037037037037 0.65 0.20462962962962963 0.04027777777777778
