0 0.32037037037037036 0.19722222222222224 0.17592592592592593 0.03194444444444445
0 0.3125 0.2451388888888889 0.1787037037037037 0.036111111111111115
0 0.32083333333333336 0.290625 0.16574074074074074 0.035416666666666666
0 0.3199074074074074 0.3375 0.20092592592592592 0.03333333333333333
0 0.30694444444444446 0.38506944444444446 0.17685185185185187 0.029861111111111113
0 0.3050925925925926 0.43125 0.19351851851851853 0.036111111111111115
0 0.29953703703703705 0.48020833333333335 0.1675925925925926 0.03680555555555556
0 0.3125 0.5347222222222222 0.2101851851851852 0.043055555555555555
0 0.30324074074074076 0.5788194444444444 0.2101851851851852 0.043750000000000004
0 0.2925925925925926 0.6298611111111111 0.20185185185185187 0.043055555555555555
0 0.562962962962963 0.18020833333333333 0.19074074074074074 0.025694444444444447
0 0.5606481481481481 0.23194444444444445 0.17685185185185187 0.04166666666666667
0 0.5555555555555556 0.27708333333333335 0.18333333333333335 0.036111111111111115
0 0.5791666666666667 0.32743055555555556 0.225 0.04097222222222222
0 0.563425925925926 0.3791666666666667 0.19907407407407407 0.04166666666666667
0 0.5523148148148148 0.4305555555555556 0.18981481481481483 0.04583333333333334
0 0.55 0.4822916666666667 0.1851851851851852 0.03402777777777778
0 0.5569444444444445 0.5329861111111112 0.2064814814814815 0.043750000000000004
0 0.5476851851851852 0.5833333333333334 0.19351851851851853 0.04861111111111111
0 0.5347222222222222 0.6357638888888889 0.1787037037037037 0.035416666666666666
0 0.8069444444444445 0.1798611111111111 0.17685185185185187 0.043055555555555555
0 0.8027777777777778 0.22812500000000002 0.1851851851851852 0.03819444444444445
0 0.8092592592592593 0.2760416666666667 0.19814814814814816 0.03402777777777778
0 0.8120370370370371 0.3263888888888889 0.19814814814814816 0.03888888888888889
0 0.8087962962962963 0.3736111111111111 0.18611111111111112 0.036111111111111115
0 0.8101851851851852 0.4295138888888889 0.19814814814814816 0.03125
0 0.8157407407407408 0.48055555555555557 0.20925925925925926 0.0375
0 0.8157407407407408 0.5378472222222223 0.22222222222222224 0.04513888888888889
0 0.8087962962962963 0.5916666666666667 0.2175925925925926 0.04583333333333334
0 0.8226851851851852 0.6517361111111112 0.21944444444444444 0.050694444444444445
