0 0.8733333333333334 0.6531250000000001 0.23 0.03875
0 0.5916666666666667 0.6481250000000001 0.21000000000000002 0.03375
0 0.30583333333333335 0.644375 0.2016666666666667 0.03625
0 0.8791666666666668 0.59375 0.21833333333333335 0.0375
0 0.29083333333333333 0.584375 0.23833333333333334 0.03375
0 0.5941666666666667 0.474375 0.20500000000000002 0.03125
0 0.5900000000000001 0.418125 0.21000000000000002 0.03625
0 0.31833333333333336 0.41625 0.19666666666666668 0.035
0 0.5891666666666667 0.36062500000000003 0.21500000000000002 0.03375
0 0.3116666666666667 0.2475 0.21666666666666667 0.035
0 0.8750000000000001 0.245 0.21333333333333335 0.0325
0 0.5975 0.19 0.20833333333333334 0.035
0 0.5916666666666667 0.133125 0.22 0.03375
0 0.8683333333333334 0.130625 0.23 0.04125
0 0.32083333333333336 0.1375 0.21500000000000002 0.0475
0 0.3091666666666667 0.1925 0.2516666666666667 0.0375
0 0.8783333333333334 0.18812500000000001 0.22 0.03375
0 0.5858333333333333 0.246875 0.23500000000000001 0.03625
0 0.8683333333333334 0.30625 0.22333333333333336 0.045
0 0.5933333333333334 0.3025 0.22666666666666668 0.035
0 0.31083333333333335 0.30375 0.20833333333333334 0.04
0 0.88 0.36062500000000003 0.2066666666666667 0.03875
0 0.3075 0.356875 0.22833333333333336 0.03375
0 0.8783333333333334 0.42 0.21666666666666667 0.04
0 0.8775000000000001 0.480625 0.21833333333333335 0.04125
0 0.3116666666666667 0.47500000000000003 0.21666666666666667 0.0475
0 0.8775000000000001 0.53625 0.23500000000000001 0.045
0 0.5833333333333334 0.5337500000000001 0.22666666666666668 0.035
0 0.3041666666666667 0.5275 0.2316666666666667 0.025
0 0.5908333333333333 0.59 0.21833333333333335 0.04
