0 0.4541666666666667 0.928125 0.17833333333333334 0.03125
0 0.165 0.9275 0.17333333333333334 0.03
0 0.7325 0.875625 0.1716666666666667 0.03125
0 0.4566666666666667 0.8718750000000001 0.18333333333333335 0.02875
0 0.17500000000000002 0.87125 0.19 0.03
0 0.1691666666666667 0.818125 0.17833333333333334 0.02875
0 0.7158333333333334 0.8175 0.14166666666666666 0.0275
0 0.455 0.816875 0.18333333333333335 0.02875
0 0.7258333333333333 0.76375 0.15833333333333335 0.0275
0 0.16666666666666669 0.764375 0.17333333333333334 0.02875
0 0.4658333333333334 0.7625000000000001 0.20500000000000002 0.03
0 0.7516666666666667 0.70875 0.21666666666666667 0.03
0 0.45583333333333337 0.7075 0.18166666666666667 0.03
0 0.15833333333333335 0.70875 0.16 0.03
0 0.7391666666666667 0.6531250000000001 0.18166666666666667 0.02875
0 0.1675 0.654375 0.16833333333333333 0.02875
0 0.4491666666666667 0.6531250000000001 0.16166666666666668 0.02875
0 0.17416666666666666 0.600625 0.18500000000000003 0.03125
0 0.76 0.5975 0.22333333333333336 0.0325
0 0.43833333333333335 0.5975 0.14 0.03
0 0.7208333333333333 0.544375 0.135 0.02875
0 0.43833333333333335 0.543125 0.14333333333333334 0.02875
0 0.1716666666666667 0.5437500000000001 0.18333333333333335 0.03
0 0.16583333333333333 0.489375 0.17500000000000002 0.02875
0 0.45583333333333337 0.48875 0.18833333333333335 0.03
0 0.7216666666666667 0.48812500000000003 0.1366666666666667 0.02875
0 0.4416666666666667 0.433125 0.15000000000000002 0.02875
0 0.16583333333333333 0.43375 0.17500000000000002 0.03
0 0.7266666666666667 0.4325 0.15666666666666668 0.03
0 0.165 0.379375 0.17 0.02875
0 0.7308333333333333 0.378125 0.15833333333333335 0.02875
0 0.45 0.378125 0.16666666666666669 0.02875
0 0.4575 0.323125 0.18500000000000003 0.02875
0 0.15583333333333335 0.324375 0.155 0.02875
0 0.7475 0.32125 0.2016666666666667 0.03
0 0.16416666666666668 0.26937500000000003 0.1716666666666667 0.02875
0 0.4575 0.268125 0.18500000000000003 0.02875
0 0.7350000000000001 0.26687500000000003 0.17333333333333334 0.02875
0 0.18000000000000002 0.215625 0.2066666666666667 0.03125
0 0.7191666666666667 0.210625 0.14166666666666666 0.02875
0 0.44833333333333336 0.21125 0.16333333333333333 0.03
0 0.4625 0.1575 0.195 0.03
0 0.7283333333333334 0.15375 0.16 0.03
0 0.18250000000000002 0.15875 0.22166666666666668 0.03
0 0.76 0.93 0.22333333333333336 0.0325
