0 0.49083333333333334 0.916875 0.19833333333333333 0.02875
0 0.21666666666666667 0.915625 0.22666666666666668 0.02875
0 0.7725000000000001 0.863125 0.2016666666666667 0.02875
0 0.5008333333333334 0.8612500000000001 0.21500000000000002 0.0275
0 0.22833333333333336 0.859375 0.25 0.02875
0 0.7775000000000001 0.808125 0.20833333333333334 0.02875
0 0.48250000000000004 0.80625 0.17833333333333334 0.03
0 0.21500000000000002 0.8043750000000001 0.21666666666666667 0.02875
0 0.78 0.75375 0.21000000000000002 0.03
0 0.4808333333333334 0.749375 0.17500000000000002 0.02875
0 0.20583333333333334 0.75 0.20500000000000002 0.03
0 0.7766666666666667 0.69875 0.2066666666666667 0.0325
0 0.48250000000000004 0.6950000000000001 0.18500000000000003 0.03
0 0.21583333333333335 0.6950000000000001 0.22166666666666668 0.0275
0 0.77 0.6431250000000001 0.19666666666666668 0.02875
0 0.49833333333333335 0.640625 0.21000000000000002 0.02875
0 0.21666666666666667 0.64 0.22333333333333336 0.03
0 0.21750000000000003 0.584375 0.225 0.03125
0 0.7733333333333334 0.53125 0.2 0.03
0 0.49083333333333334 0.530625 0.195 0.02875
0 0.21166666666666667 0.53 0.2066666666666667 0.0325
0 0.775 0.476875 0.2 0.03125
0 0.4783333333333334 0.475625 0.17 0.02875
0 0.21000000000000002 0.474375 0.21333333333333335 0.03125
0 0.7741666666666667 0.42125 0.2016666666666667 0.03
0 0.49500000000000005 0.419375 0.2066666666666667 0.02875
0 0.1925 0.418125 0.17500000000000002 0.02875
0 0.7625000000000001 0.36562500000000003 0.17500000000000002 0.03125
0 0.505 0.364375 0.22333333333333336 0.02875
0 0.19416666666666668 0.364375 0.17500000000000002 0.02875
0 0.79 0.31 0.22666666666666668 0.0275
0 0.5008333333333334 0.309375 0.21500000000000002 0.02875
0 0.20500000000000002 0.3075 0.20333333333333334 0.03
0 0.7816666666666667 0.25375000000000003 0.21333333333333335 0.03
0 0.5058333333333334 0.254375 0.225 0.02875
0 0.20916666666666667 0.253125 0.20500000000000002 0.02875
0 0.7766666666666667 0.1975 0.2 0.03
0 0.48333333333333334 0.198125 0.18000000000000002 0.02875
0 0.20500000000000002 0.1975 0.20333333333333334 0.03
0 0.4991666666666667 0.141875 0.21500000000000002 0.03125
0 0.7741666666666667 0.140625 0.195 0.03125
0 0.21333333333333335 0.14375000000000002 0.21333333333333335 0.0325
0 0.7816666666666667 0.921875 0.21666666666666667 0.03625
0 0.525 0.58625 0.27 0.0375
0 0.7816666666666667 0.58625 0.23 0.035
