0 0.5316666666666667 0.915625 0.22333333333333336 0.02875
0 0.8175 0.914375 0.22166666666666668 0.02875
0 0.25083333333333335 0.86375 0.21166666666666667 0.03
0 0.5191666666666667 0.8612500000000001 0.24500000000000002 0.03
0 0.8325 0.86 0.18833333333333335 0.0275
0 0.24166666666666667 0.80875 0.2366666666666667 0.03
0 0.5533333333333333 0.8043750000000001 0.17666666666666667 0.02875
0 0.8441666666666667 0.8043750000000001 0.16166666666666668 0.02875
0 0.25083333333333335 0.7525000000000001 0.21833333333333335 0.03
0 0.545 0.75 0.19 0.0275
0 0.8441666666666667 0.749375 0.165 0.02875
0 0.26916666666666667 0.6975 0.17833333333333334 0.03
0 0.5558333333333334 0.694375 0.16833333333333333 0.02875
0 0.8358333333333334 0.69375 0.18500000000000003 0.03
0 0.24333333333333335 0.641875 0.22666666666666668 0.02875
0 0.5366666666666667 0.63875 0.2 0.03
0 0.8216666666666668 0.640625 0.21333333333333335 0.03375
0 0.24250000000000002 0.5875 0.22833333333333336 0.03
0 0.5425 0.58375 0.195 0.03
0 0.8258333333333334 0.583125 0.19833333333333333 0.02875
0 0.24666666666666667 0.530625 0.22333333333333336 0.02875
0 0.5308333333333334 0.529375 0.20833333333333334 0.02875
0 0.8091666666666667 0.528125 0.2316666666666667 0.03125
0 0.25083333333333335 0.474375 0.21166666666666667 0.02875
0 0.5416666666666667 0.473125 0.19666666666666668 0.02875
0 0.8183333333333334 0.47250000000000003 0.21666666666666667 0.03
0 0.2341666666666667 0.419375 0.24166666666666667 0.02875
0 0.5241666666666667 0.41875 0.22166666666666668 0.03
0 0.8275 0.41625 0.195 0.03
0 0.24250000000000002 0.364375 0.225 0.03125
0 0.5175000000000001 0.36312500000000003 0.23833333333333334 0.02875
0 0.8116666666666668 0.36062500000000003 0.23 0.02875
0 0.24000000000000002 0.308125 0.22 0.02875
0 0.5133333333333334 0.3075 0.25 0.03
0 0.8258333333333334 0.30625 0.19166666666666668 0.03
0 0.2575 0.250625 0.19166666666666668 0.02875
0 0.5241666666666667 0.25125000000000003 0.22833333333333336 0.03
0 0.8233333333333334 0.249375 0.2066666666666667 0.02875
0 0.24666666666666667 0.19625 0.21333333333333335 0.0325
0 0.5283333333333333 0.195625 0.21333333333333335 0.03125
0 0.8141666666666667 0.193125 0.225 0.03125
0 0.525 0.13875 0.22 0.03
0 0.23333333333333334 0.1375 0.24000000000000002 0.03
0 0.8150000000000001 0.139375 0.22333333333333336 0.03375
0 0.24083333333333334 0.919375 0.24166666666666667 0.03125
