0 0.49750000000000005 0.921875 0.225 0.03375
0 0.19833333333333333 0.9187500000000001 0.19666666666666668 0.03
0 0.7858333333333334 0.868125 0.23833333333333334 0.03375
0 0.48583333333333334 0.864375 0.2016666666666667 0.02875
0 0.2 0.863125 0.19666666666666668 0.02875
0 0.7966666666666667 0.813125 0.25333333333333335 0.03125
0 0.48333333333333334 0.8093750000000001 0.19 0.02875
0 0.19416666666666668 0.808125 0.18833333333333335 0.02875
0 0.7725000000000001 0.75625 0.21166666666666667 0.03
0 0.4941666666666667 0.755 0.21833333333333335 0.03
0 0.21416666666666667 0.75375 0.22166666666666668 0.03
0 0.7833333333333334 0.701875 0.23 0.02875
0 0.5025000000000001 0.699375 0.22833333333333336 0.02875
0 0.21500000000000002 0.699375 0.22666666666666668 0.03125
0 0.78 0.646875 0.22333333333333336 0.02875
0 0.49333333333333335 0.644375 0.21333333333333335 0.02875
0 0.21250000000000002 0.641875 0.21833333333333335 0.03125
0 0.7716666666666667 0.59 0.2066666666666667 0.03
0 0.4991666666666667 0.58875 0.225 0.03
0 0.21166666666666667 0.58875 0.21666666666666667 0.0275
0 0.7708333333333334 0.535625 0.20833333333333334 0.02875
0 0.21500000000000002 0.5337500000000001 0.23 0.03
0 0.505 0.5325 0.2366666666666667 0.03
0 0.7683333333333334 0.48 0.2 0.03
0 0.49250000000000005 0.478125 0.21166666666666667 0.02875
0 0.21666666666666667 0.47750000000000004 0.23333333333333334 0.03
0 0.7825000000000001 0.42625 0.22833333333333336 0.035
0 0.48250000000000004 0.42375 0.18833333333333335 0.03
0 0.20583333333333334 0.4225 0.21166666666666667 0.03
0 0.7833333333333334 0.369375 0.23 0.03125
0 0.48833333333333334 0.36875 0.20333333333333334 0.03
0 0.21916666666666668 0.36875 0.23500000000000001 0.0325
0 0.7816666666666667 0.314375 0.22333333333333336 0.03375
0 0.48500000000000004 0.313125 0.19666666666666668 0.03375
0 0.21000000000000002 0.3125 0.22333333333333336 0.03
0 0.49833333333333335 0.258125 0.22333333333333336 0.03125
0 0.20333333333333334 0.25625 0.2 0.03
0 0.7725000000000001 0.25625 0.20833333333333334 0.03
0 0.5008333333333334 0.201875 0.22166666666666668 0.03125
0 0.7708333333333334 0.20125 0.20500000000000002 0.0325
0 0.18916666666666668 0.200625 0.17833333333333334 0.02875
0 0.465 0.145 0.15666666666666668 0.03
0 0.7833333333333334 0.144375 0.22666666666666668 0.03125
0 0.21250000000000002 0.1475 0.23500000000000001 0.035
0 0.7683333333333334 0.921875 0.21000000000000002 0.03125
