0 0.79 0.180625 0.15666666666666668 0.04875
0 0.7866666666666667 0.23875000000000002 0.16333333333333333 0.0425
0 0.7808333333333334 0.29 0.17833333333333334 0.0375
0 0.7691666666666667 0.34750000000000003 0.18833333333333335 0.0425
0 0.7675000000000001 0.398125 0.19833333333333333 0.03625
0 0.7591666666666668 0.4525 0.21833333333333335 0.045
0 0.7641666666666667 0.5 0.20833333333333334 0.035
0 0.7641666666666667 0.54875 0.20500000000000002 0.03
0 0.7591666666666668 0.6012500000000001 0.20833333333333334 0.035
0 0.7808333333333334 0.656875 0.165 0.03625
0 0.7575000000000001 0.71 0.2016666666666667 0.045
0 0.7608333333333334 0.76 0.19833333333333333 0.0275
0 0.7658333333333334 0.813125 0.20833333333333334 0.03375
0 0.7508333333333334 0.869375 0.21500000000000002 0.043750000000000004
0 0.7683333333333334 0.918125 0.19666666666666668 0.03375
0 0.49500000000000005 0.180625 0.2066666666666667 0.04875
0 0.5166666666666667 0.236875 0.16333333333333333 0.03375
0 0.5033333333333334 0.288125 0.18000000000000002 0.04125
0 0.49000000000000005 0.34375 0.2066666666666667 0.0375
0 0.4966666666666667 0.395 0.19666666666666668 0.035
0 0.49250000000000005 0.446875 0.2016666666666667 0.03375
0 0.4866666666666667 0.499375 0.2066666666666667 0.03375
0 0.49583333333333335 0.550625 0.19166666666666668 0.03125
0 0.48333333333333334 0.600625 0.22 0.03375
0 0.48750000000000004 0.6531250000000001 0.22166666666666668 0.03875
0 0.505 0.70375 0.17666666666666667 0.0325
0 0.49750000000000005 0.756875 0.18833333333333335 0.03375
0 0.48333333333333334 0.81 0.21666666666666667 0.0425
0 0.49750000000000005 0.8618750000000001 0.19166666666666668 0.03625
0 0.4891666666666667 0.914375 0.21500000000000002 0.03875
0 0.2 0.17875 0.24000000000000002 0.0475
0 0.21666666666666667 0.23375 0.20333333333333334 0.04
0 0.2316666666666667 0.284375 0.17666666666666667 0.04125
0 0.21416666666666667 0.33625 0.2016666666666667 0.035
0 0.22416666666666668 0.39125 0.19166666666666668 0.04
0 0.21500000000000002 0.44625000000000004 0.21333333333333335 0.04
0 0.22083333333333335 0.500625 0.20500000000000002 0.043750000000000004
0 0.22583333333333336 0.5543750000000001 0.19833333333333333 0.04125
0 0.2275 0.6062500000000001 0.18500000000000003 0.04
0 0.24500000000000002 0.651875 0.17666666666666667 0.03875
0 0.24500000000000002 0.70375 0.16 0.0275
0 0.23 0.75625 0.19666666666666668 0.045
0 0.24500000000000002 0.81125 0.15666666666666668 0.04
0 0.21500000000000002 0.865 0.21666666666666667 0.0425
0 0.2225 0.9175 0.19833333333333333 0.0375
