0 0.7683333333333334 0.748125 0.27 0.03875
0 0.4591666666666667 0.69375 0.22166666666666668 0.0375
0 0.2275 0.69125 0.22833333333333336 0.03
0 0.7658333333333334 0.63875 0.265 0.03
0 0.4625 0.6375000000000001 0.22166666666666668 0.03
0 0.22416666666666668 0.5875 0.21833333333333335 0.03
0 0.7675000000000001 0.586875 0.27166666666666667 0.03375
0 0.48833333333333334 0.58625 0.22666666666666668 0.03
0 0.2066666666666667 0.535 0.18333333333333335 0.03
0 0.7625000000000001 0.5375 0.25833333333333336 0.035
0 0.46 0.5325 0.21000000000000002 0.035
0 0.7741666666666667 0.485 0.28833333333333333 0.0325
0 0.4575 0.483125 0.16166666666666668 0.02875
0 0.23 0.4825 0.23 0.035
0 0.755 0.43625 0.24666666666666667 0.0325
0 0.19833333333333333 0.43062500000000004 0.16333333333333333 0.02875
0 0.46416666666666667 0.431875 0.1716666666666667 0.03125
0 0.7725000000000001 0.381875 0.28500000000000003 0.03375
0 0.46 0.385 0.16333333333333333 0.035
0 0.195 0.37875000000000003 0.15333333333333335 0.0275
0 0.7508333333333334 0.3325 0.23833333333333334 0.04
0 0.4716666666666667 0.33 0.19 0.03
0 0.21833333333333335 0.325625 0.20333333333333334 0.03125
0 0.7266666666666667 0.28125 0.25 0.0325
0 0.4683333333333334 0.278125 0.17666666666666667 0.02875
0 0.195 0.274375 0.15000000000000002 0.02875
0 0.7541666666666668 0.228125 0.24500000000000002 0.02875
0 0.4708333333333334 0.22625 0.18166666666666667 0.03
0 0.1991666666666667 0.22187500000000002 0.15833333333333335 0.02875
0 0.775 0.175625 0.2866666666666667 0.03625
0 0.4666666666666667 0.176875 0.17333333333333334 0.03375
0 0.21083333333333334 0.171875 0.18166666666666667 0.03125
0 0.20750000000000002 0.6431250000000001 0.1716666666666667 0.03625
0 0.19833333333333333 0.75 0.18000000000000002 0.045
0 0.21250000000000002 0.805 0.2016666666666667 0.0375
0 0.20500000000000002 0.8618750000000001 0.18333333333333335 0.043750000000000004
0 0.21583333333333335 0.91125 0.2016666666666667 0.035
0 0.4941666666666667 0.748125 0.2316666666666667 0.03875
0 0.4575 0.798125 0.16166666666666668 0.04125
0 0.4691666666666667 0.851875 0.18500000000000003 0.03375
0 0.465 0.9081250000000001 0.17666666666666667 0.043750000000000004
0 0.7883333333333333 0.698125 0.2966666666666667 0.04125
0 0.7791666666666667 0.800625 0.28833333333333333 0.03875
0 0.7883333333333333 0.85375 0.30333333333333334 0.035
0 0.7833333333333334 0.90625 0.29333333333333333 0.045
