0 0.8125 0.70125 0.26166666666666666 0.05
0 0.8108333333333334 0.635625 0.26166666666666666 0.04625
0 0.2525 0.629375 0.2516666666666667 0.03875
0 0.8125 0.578125 0.25833333333333336 0.043750000000000004
0 0.2566666666666667 0.573125 0.25333333333333335 0.03625
0 0.8175 0.526875 0.26166666666666666 0.04125
0 0.5275000000000001 0.5231250000000001 0.255 0.03875
0 0.2525 0.5175 0.2516666666666667 0.0375
0 0.5325000000000001 0.46375 0.26166666666666666 0.04
0 0.25083333333333335 0.460625 0.24500000000000002 0.03375
0 0.8133333333333334 0.466875 0.25 0.043750000000000004
0 0.5325000000000001 0.406875 0.265 0.043750000000000004
0 0.25 0.405 0.24333333333333335 0.04
0 0.7983333333333333 0.40750000000000003 0.2733333333333334 0.0475
0 0.53 0.34625 0.26 0.0325
0 0.24250000000000002 0.34625 0.2316666666666667 0.035
0 0.8166666666666668 0.34125 0.24666666666666667 0.0375
0 0.805 0.28250000000000003 0.22333333333333336 0.035
0 0.2391666666666667 0.28875 0.22166666666666668 0.0425
0 0.5325000000000001 0.28500000000000003 0.25833333333333336 0.0375
0 0.2041666666666667 0.230625 0.14833333333333334 0.03125
0 0.8141666666666667 0.225625 0.225 0.04625
0 0.5383333333333333 0.22312500000000002 0.26666666666666666 0.04125
0 0.23750000000000002 0.171875 0.21500000000000002 0.03375
0 0.5233333333333333 0.165625 0.2366666666666667 0.04125
0 0.8183333333333334 0.155625 0.24000000000000002 0.04875
0 0.5275000000000001 0.576875 0.255 0.03875
0 0.5166666666666667 0.63375 0.22666666666666668 0.035
0 0.52 0.6925 0.2366666666666667 0.0425
0 0.24833333333333335 0.6825 0.2366666666666667 0.0425
