0 0.78 0.75 0.17666666666666667 0.0325
0 0.5341666666666667 0.68875 0.24166666666666667 0.035
0 0.25583333333333336 0.6900000000000001 0.23833333333333334 0.04
0 0.8041666666666667 0.639375 0.22166666666666668 0.03375
0 0.5375000000000001 0.636875 0.24833333333333335 0.03375
0 0.23583333333333334 0.634375 0.19833333333333333 0.03375
0 0.7958333333333334 0.58375 0.20500000000000002 0.0325
0 0.5133333333333334 0.581875 0.19 0.03125
0 0.24833333333333335 0.578125 0.22 0.02875
0 0.7908333333333334 0.5275 0.195 0.035
0 0.5075000000000001 0.526875 0.18166666666666667 0.02875
0 0.25 0.5275 0.21000000000000002 0.0325
0 0.7933333333333333 0.47625 0.2 0.03
0 0.5066666666666667 0.475625 0.17666666666666667 0.03125
0 0.2366666666666667 0.47250000000000003 0.18666666666666668 0.03
0 0.7958333333333334 0.4225 0.20500000000000002 0.03
0 0.5083333333333334 0.42312500000000003 0.18000000000000002 0.03125
0 0.23500000000000001 0.416875 0.18333333333333335 0.03375
0 0.5358333333333334 0.36875 0.22833333333333336 0.0275
0 0.7866666666666667 0.36875 0.18000000000000002 0.03
0 0.2575 0.364375 0.225 0.03375
0 0.7991666666666667 0.316875 0.20500000000000002 0.03125
0 0.5275000000000001 0.315 0.20833333333333334 0.03
0 0.24083333333333334 0.31125 0.18833333333333335 0.0325
0 0.5183333333333333 0.261875 0.19666666666666668 0.03125
0 0.8008333333333334 0.260625 0.20500000000000002 0.03125
0 0.22083333333333335 0.26 0.14833333333333334 0.03
0 0.5125000000000001 0.210625 0.17833333333333334 0.03125
0 0.79 0.208125 0.18000000000000002 0.02875
0 0.2541666666666667 0.20500000000000002 0.21833333333333335 0.03
0 0.7908333333333334 0.155625 0.17833333333333334 0.02875
0 0.5391666666666667 0.155625 0.22833333333333336 0.03375
0 0.23833333333333334 0.155 0.18000000000000002 0.035
0 0.7833333333333334 0.6975 0.17333333333333334 0.0425
0 0.2225 0.7475 0.17833333333333334 0.05
0 0.2341666666666667 0.801875 0.21833333333333335 0.04875
0 0.225 0.856875 0.18333333333333335 0.03875
0 0.22833333333333336 0.910625 0.2 0.04625
0 0.5325000000000001 0.7518750000000001 0.23833333333333334 0.05375
0 0.5108333333333334 0.803125 0.195 0.03375
0 0.515 0.8612500000000001 0.2 0.0425
0 0.5066666666666667 0.916875 0.2 0.04875
0 0.8108333333333334 0.8125 0.22833333333333336 0.045
0 0.81 0.868125 0.23 0.043750000000000004
0 0.8025000000000001 0.9237500000000001 0.21166666666666667 0.035
