0 0.7583333333333334 0.7837500000000001 0.2066666666666667 0.0325
0 0.7408333333333333 0.733125 0.19166666666666668 0.03875
0 0.2025 0.681875 0.20833333333333334 0.03875
0 0.7491666666666668 0.6743750000000001 0.19833333333333333 0.03375
0 0.4966666666666667 0.676875 0.24000000000000002 0.03625
0 0.7475 0.6218750000000001 0.195 0.03125
0 0.4741666666666667 0.6218750000000001 0.195 0.03125
0 0.19166666666666668 0.62625 0.18333333333333335 0.0475
0 0.4766666666666667 0.5725 0.19333333333333336 0.04
0 0.7483333333333334 0.524375 0.19666666666666668 0.043750000000000004
0 0.4658333333333334 0.515625 0.17500000000000002 0.02875
0 0.745 0.465625 0.19333333333333336 0.03375
0 0.4741666666666667 0.46625 0.19166666666666668 0.04
0 0.7416666666666667 0.41125 0.18333333333333335 0.0275
0 0.22333333333333336 0.41000000000000003 0.24333333333333335 0.0375
0 0.4658333333333334 0.40375 0.17500000000000002 0.0425
0 0.4766666666666667 0.359375 0.19666666666666668 0.02875
0 0.1925 0.356875 0.18166666666666667 0.03125
0 0.4666666666666667 0.3125 0.17333333333333334 0.04
0 0.7441666666666668 0.308125 0.18833333333333335 0.03375
0 0.19 0.31 0.17333333333333334 0.04
0 0.7441666666666668 0.255625 0.18833333333333335 0.03125
0 0.4766666666666667 0.255 0.19333333333333336 0.035
0 0.20500000000000002 0.2525 0.19666666666666668 0.0325
0 0.7350000000000001 0.20375000000000001 0.17 0.0275
0 0.46416666666666667 0.203125 0.16833333333333333 0.03375
0 0.2041666666666667 0.198125 0.19833333333333333 0.03125
0 0.7433333333333334 0.155 0.19 0.0375
0 0.46416666666666667 0.151875 0.16166666666666668 0.03375
0 0.20833333333333334 0.145625 0.21000000000000002 0.03125
0 0.7241666666666667 0.358125 0.13833333333333334 0.03375
0 0.19833333333333333 0.469375 0.19333333333333336 0.03375
0 0.21750000000000003 0.520625 0.225 0.03625
0 0.195 0.573125 0.18333333333333335 0.03625
0 0.7516666666666667 0.573125 0.2 0.03875
0 0.4766666666666667 0.733125 0.19333333333333336 0.03125
0 0.19333333333333336 0.738125 0.19 0.03875
0 0.1875 0.790625 0.1716666666666667 0.03625
0 0.18416666666666667 0.845 0.16166666666666668 0.0325
0 0.19833333333333333 0.89875 0.19333333333333336 0.035
0 0.46416666666666667 0.784375 0.165 0.02875
0 0.4633333333333334 0.839375 0.16 0.03125
0 0.4758333333333334 0.89625 0.18166666666666667 0.045
0 0.76 0.839375 0.21333333333333335 0.03625
0 0.7491666666666668 0.89375 0.19166666666666668 0.035
