0 0.7783333333333334 0.74125 0.26 0.0325
0 0.7725000000000001 0.685 0.265 0.0325
0 0.5025000000000001 0.67875 0.24500000000000002 0.035
0 0.2325 0.6743750000000001 0.22833333333333336 0.03875
0 0.7791666666666667 0.634375 0.26166666666666666 0.043750000000000004
0 0.4966666666666667 0.623125 0.23 0.03375
0 0.21166666666666667 0.62125 0.17666666666666667 0.035
0 0.7716666666666667 0.5725 0.24000000000000002 0.0325
0 0.48750000000000004 0.5675 0.20833333333333334 0.03
0 0.20500000000000002 0.568125 0.16666666666666669 0.03375
0 0.7825000000000001 0.5225 0.26833333333333337 0.0425
0 0.48833333333333334 0.515625 0.20333333333333334 0.03125
0 0.20750000000000002 0.514375 0.16833333333333333 0.03375
0 0.79 0.4625 0.27666666666666667 0.0375
0 0.48833333333333334 0.46375 0.2066666666666667 0.0325
0 0.2275 0.46 0.20500000000000002 0.03
0 0.4966666666666667 0.41000000000000003 0.21666666666666667 0.035
0 0.20833333333333334 0.406875 0.15666666666666668 0.02875
0 0.22583333333333336 0.30062500000000003 0.19833333333333333 0.02875
0 0.4866666666666667 0.250625 0.19666666666666668 0.02875
0 0.23833333333333334 0.251875 0.22 0.03375
0 0.7783333333333334 0.2475 0.24333333333333335 0.035
0 0.48333333333333334 0.19625 0.19 0.03
0 0.23500000000000001 0.196875 0.21333333333333335 0.03125
0 0.7491666666666668 0.19375 0.19166666666666668 0.0325
0 0.49250000000000005 0.145 0.20500000000000002 0.0325
0 0.22666666666666668 0.141875 0.19666666666666668 0.03125
0 0.8033333333333333 0.145625 0.29333333333333333 0.03375
0 0.8033333333333333 0.30375 0.3066666666666667 0.045
0 0.785 0.358125 0.27 0.03125
0 0.8008333333333334 0.409375 0.29500000000000004 0.03625
0 0.4666666666666667 0.31 0.16 0.04
0 0.4891666666666667 0.3575 0.195 0.0325
0 0.21916666666666668 0.36062500000000003 0.18166666666666667 0.03875
0 0.21833333333333335 0.7325 0.19666666666666668 0.0425
0 0.21083333333333334 0.7875 0.18500000000000003 0.035
0 0.2041666666666667 0.836875 0.18500000000000003 0.03875
0 0.21000000000000002 0.899375 0.19333333333333336 0.04875
0 0.49250000000000005 0.7375 0.21833333333333335 0.0475
0 0.48333333333333334 0.795 0.21000000000000002 0.045
0 0.48000000000000004 0.848125 0.2066666666666667 0.03875
0 0.4808333333333334 0.90375 0.2016666666666667 0.035
0 0.8041666666666667 0.803125 0.3116666666666667 0.04625
0 0.8008333333333334 0.860625 0.29500000000000004 0.043750000000000004
0 0.7941666666666667 0.91625 0.2816666666666667 0.0375
