0 0.46 0.928125 0.24666666666666667 0.03125
0 0.17583333333333334 0.92625 0.23833333333333334 0.03
0 0.46 0.87125 0.21666666666666667 0.03
0 0.14583333333333334 0.870625 0.1716666666666667 0.02875
0 0.7691666666666667 0.81625 0.2516666666666667 0.0325
0 0.4525 0.81375 0.19833333333333333 0.03
0 0.17333333333333334 0.8125 0.23333333333333334 0.03
0 0.7675000000000001 0.760625 0.24500000000000002 0.03125
0 0.4575 0.758125 0.20500000000000002 0.02875
0 0.1675 0.756875 0.21833333333333335 0.03375
0 0.7833333333333334 0.7025 0.27666666666666667 0.0325
0 0.445 0.7000000000000001 0.18000000000000002 0.03
0 0.16166666666666668 0.69875 0.20333333333333334 0.03
0 0.7583333333333334 0.646875 0.22666666666666668 0.03125
0 0.47000000000000003 0.64375 0.23 0.03
0 0.17083333333333334 0.64 0.22166666666666668 0.035
0 0.7683333333333334 0.58875 0.24666666666666667 0.03
0 0.45833333333333337 0.586875 0.2066666666666667 0.02875
0 0.16666666666666669 0.5856250000000001 0.21000000000000002 0.02875
0 0.7591666666666668 0.533125 0.22166666666666668 0.02875
0 0.4516666666666667 0.53 0.19 0.03
0 0.7616666666666667 0.47625 0.23 0.03
0 0.46166666666666667 0.47500000000000003 0.21000000000000002 0.03
0 0.7566666666666667 0.420625 0.21666666666666667 0.03125
0 0.45 0.418125 0.18000000000000002 0.02875
0 0.17416666666666666 0.41625 0.225 0.03
0 0.7475 0.3625 0.19833333333333333 0.03
0 0.4475 0.36125 0.17833333333333334 0.0325
0 0.16583333333333333 0.35875 0.20833333333333334 0.03
0 0.7725000000000001 0.30625 0.24833333333333335 0.03
0 0.465 0.304375 0.21333333333333335 0.02875
0 0.16666666666666669 0.30312500000000003 0.20333333333333334 0.02875
0 0.76 0.25 0.22 0.03
0 0.4625 0.2475 0.20833333333333334 0.03
0 0.1525 0.245 0.17833333333333334 0.0325
0 0.7558333333333334 0.1925 0.21166666666666667 0.03
0 0.465 0.19125 0.21000000000000002 0.03
0 0.15083333333333335 0.18812500000000001 0.17500000000000002 0.02875
0 0.77 0.135625 0.2366666666666667 0.03375
0 0.45083333333333336 0.134375 0.18166666666666667 0.03125
0 0.16 0.134375 0.19666666666666668 0.03375
0 0.14833333333333334 0.47375 0.17666666666666667 0.0325
0 0.15333333333333335 0.52875 0.18333333333333335 0.035
0 0.7783333333333334 0.875625 0.27666666666666667 0.03125
0 0.7708333333333334 0.93125 0.255 0.0275
