0 0.27166666666666667 0.6950000000000001 0.21333333333333335 0.035
0 0.2808333333333333 0.6431250000000001 0.195 0.03375
0 0.2725 0.5906250000000001 0.21166666666666667 0.03625
0 0.8241666666666667 0.59125 0.22166666666666668 0.0375
0 0.5700000000000001 0.58875 0.16 0.04
0 0.8333333333333334 0.535625 0.20333333333333334 0.03375
0 0.2733333333333334 0.53125 0.2066666666666667 0.03
0 0.5475 0.534375 0.20500000000000002 0.03625
0 0.2775 0.47625 0.20500000000000002 0.0275
0 0.8166666666666668 0.4825 0.23333333333333334 0.0375
0 0.5583333333333333 0.47750000000000004 0.18666666666666668 0.035
0 0.2808333333333333 0.42312500000000003 0.19833333333333333 0.02875
0 0.55 0.4225 0.20333333333333334 0.03
0 0.8525 0.421875 0.16166666666666668 0.03125
0 0.28583333333333333 0.369375 0.19166666666666668 0.03125
0 0.5625 0.366875 0.18166666666666667 0.02875
0 0.8225 0.365 0.225 0.0325
0 0.2783333333333334 0.31375000000000003 0.20333333333333334 0.0275
0 0.5391666666666667 0.31125 0.225 0.03
0 0.8441666666666667 0.3075 0.17833333333333334 0.03
0 0.27 0.25875 0.22 0.03
0 0.555 0.25625 0.19666666666666668 0.03
0 0.8358333333333334 0.25375000000000003 0.18833333333333335 0.0325
0 0.27416666666666667 0.20375000000000001 0.20833333333333334 0.03
0 0.5466666666666667 0.201875 0.2066666666666667 0.03125
0 0.8308333333333334 0.195625 0.20500000000000002 0.03125
0 0.27666666666666667 0.1525 0.2 0.04
0 0.5741666666666667 0.145625 0.16166666666666668 0.02875
0 0.8208333333333334 0.13875 0.22166666666666668 0.035
0 0.8233333333333334 0.651875 0.21666666666666667 0.03625
0 0.5575 0.646875 0.18500000000000003 0.03625
0 0.5341666666666667 0.704375 0.2316666666666667 0.03625
0 0.2625 0.755 0.225 0.04
0 0.25583333333333336 0.813125 0.24166666666666667 0.03875
0 0.26416666666666666 0.87 0.225 0.0375
0 0.2575 0.92625 0.21500000000000002 0.04
0 0.5525 0.76375 0.195 0.0425
0 0.5633333333333334 0.819375 0.17333333333333334 0.03625
0 0.5433333333333333 0.875 0.21666666666666667 0.03
0 0.5458333333333334 0.925 0.22166666666666668 0.04
0 0.8283333333333334 0.709375 0.2066666666666667 0.03375
0 0.8316666666666667 0.766875 0.21000000000000002 0.03875
0 0.8283333333333334 0.821875 0.22333333333333336 0.03125
0 0.8250000000000001 0.879375 0.22333333333333336 0.03625
0 0.8391666666666667 0.9393750000000001 0.19166666666666668 0.03375
