0 0.7766666666666667 0.7156250000000001 0.19333333333333336 0.03875
0 0.7775000000000001 0.6525 0.18166666666666667 0.03
0 0.5183333333333333 0.655625 0.24000000000000002 0.04625
0 0.22333333333333336 0.65125 0.2066666666666667 0.0425
0 0.8066666666666668 0.59375 0.24333333333333335 0.0375
0 0.5008333333333334 0.59 0.19833333333333333 0.0325
0 0.21250000000000002 0.588125 0.18833333333333335 0.03125
0 0.7966666666666667 0.535625 0.22666666666666668 0.03375
0 0.5091666666666667 0.5375 0.21833333333333335 0.0375
0 0.22 0.53125 0.19333333333333336 0.03
0 0.7925000000000001 0.480625 0.21500000000000002 0.03625
0 0.5108333333333334 0.476875 0.21833333333333335 0.03125
0 0.2041666666666667 0.47500000000000003 0.15833333333333335 0.03
0 0.5141666666666667 0.420625 0.22166666666666668 0.02875
0 0.795 0.42 0.22 0.03
0 0.21416666666666667 0.41875 0.18166666666666667 0.03
0 0.4841666666666667 0.364375 0.15833333333333335 0.02875
0 0.22166666666666668 0.3625 0.19666666666666668 0.03
0 0.805 0.36062500000000003 0.2366666666666667 0.03625
0 0.5175000000000001 0.310625 0.225 0.03625
0 0.22333333333333336 0.30625 0.2 0.03
0 0.8058333333333334 0.30625 0.2316666666666667 0.03
0 0.7983333333333333 0.251875 0.22333333333333336 0.03375
0 0.49000000000000005 0.250625 0.17 0.03125
0 0.805 0.193125 0.24000000000000002 0.02875
0 0.5166666666666667 0.194375 0.22666666666666668 0.03125
0 0.23833333333333334 0.19625 0.22666666666666668 0.0375
0 0.8150000000000001 0.1375 0.2566666666666667 0.035
0 0.4966666666666667 0.136875 0.2366666666666667 0.02875
0 0.2225 0.136875 0.195 0.03625
0 0.21166666666666667 0.25375000000000003 0.18000000000000002 0.0325
0 0.8141666666666667 0.7775 0.25833333333333336 0.0425
0 0.7866666666666667 0.843125 0.19333333333333336 0.04875
0 0.8058333333333334 0.906875 0.22833333333333336 0.051250000000000004
0 0.7991666666666667 0.9625 0.22166666666666668 0.04
0 0.5208333333333334 0.713125 0.24500000000000002 0.04125
0 0.5208333333333334 0.770625 0.24833333333333335 0.04125
0 0.5175000000000001 0.83375 0.24500000000000002 0.0475
0 0.5216666666666667 0.89375 0.26 0.0475
0 0.5166666666666667 0.95375 0.24333333333333335 0.0475
0 0.21000000000000002 0.7075 0.19 0.04
0 0.22583333333333336 0.76875 0.22166666666666668 0.05
0 0.22833333333333336 0.82375 0.21333333333333335 0.0375
0 0.21666666666666667 0.8825000000000001 0.22 0.0375
0 0.1925 0.9450000000000001 0.17500000000000002 0.05
