0 0.7300000000000001 0.606875 0.21333333333333335 0.03625
0 0.14250000000000002 0.605 0.255 0.035
0 0.4541666666666667 0.6075 0.265 0.04
0 0.44583333333333336 0.54625 0.22166666666666668 0.0325
0 0.14416666666666667 0.543125 0.19833333333333333 0.03375
0 0.7516666666666667 0.49062500000000003 0.2566666666666667 0.03625
0 0.45 0.49125 0.22 0.035
0 0.135 0.486875 0.17666666666666667 0.03125
0 0.44083333333333335 0.435625 0.20833333333333334 0.04125
0 0.14833333333333334 0.426875 0.20333333333333334 0.03125
0 0.7350000000000001 0.374375 0.21333333333333335 0.03375
0 0.42583333333333334 0.3725 0.17833333333333334 0.0325
0 0.1575 0.366875 0.22166666666666668 0.03125
0 0.7333333333333334 0.315625 0.2066666666666667 0.02875
0 0.7258333333333333 0.256875 0.195 0.03125
0 0.4516666666666667 0.254375 0.22666666666666668 0.03375
0 0.16583333333333333 0.24875 0.23500000000000001 0.0325
0 0.7216666666666667 0.198125 0.18666666666666668 0.02875
0 0.45333333333333337 0.194375 0.22666666666666668 0.03375
0 0.16333333333333333 0.193125 0.23333333333333334 0.04125
0 0.4625 0.136875 0.24833333333333335 0.03625
0 0.7558333333333334 0.1375 0.24833333333333335 0.035
0 0.15583333333333335 0.128125 0.21166666666666667 0.03625
0 0.1925 0.316875 0.2916666666666667 0.04625
0 0.445 0.31 0.20333333333333334 0.05
0 0.7333333333333334 0.438125 0.21000000000000002 0.043750000000000004
0 0.7225 0.548125 0.195 0.03375
0 0.16666666666666669 0.6675 0.23333333333333334 0.0425
0 0.15916666666666668 0.726875 0.22166666666666668 0.043750000000000004
0 0.17083333333333334 0.7887500000000001 0.24833333333333335 0.045
0 0.165 0.841875 0.23 0.03625
0 0.155 0.8975 0.22666666666666668 0.0425
0 0.15083333333333335 0.95625 0.20833333333333334 0.0425
0 0.45833333333333337 0.668125 0.24333333333333335 0.03875
0 0.44583333333333336 0.721875 0.21833333333333335 0.03875
0 0.45583333333333337 0.779375 0.255 0.04125
0 0.4491666666666667 0.8375 0.22166666666666668 0.04
0 0.44083333333333335 0.89875 0.21166666666666667 0.0325
0 0.4366666666666667 0.954375 0.21333333333333335 0.03625
0 0.7283333333333334 0.663125 0.21000000000000002 0.03875
0 0.7241666666666667 0.72375 0.20500000000000002 0.0425
0 0.7458333333333333 0.78625 0.2516666666666667 0.045
0 0.7416666666666667 0.84375 0.24333333333333335 0.0475
0 0.7158333333333334 0.89625 0.18166666666666667 0.0325
0 0.7283333333333334 0.954375 0.21333333333333335 0.03625
