0 0.7883333333333333 0.645 0.29000000000000004 0.035
0 0.47000000000000003 0.6431250000000001 0.22333333333333336 0.04125
0 0.17750000000000002 0.635625 0.18166666666666667 0.03625
0 0.7833333333333334 0.5806250000000001 0.27666666666666667 0.03125
0 0.20583333333333334 0.574375 0.2316666666666667 0.03125
0 0.47250000000000003 0.579375 0.22166666666666668 0.04125
0 0.7808333333333334 0.52375 0.27166666666666667 0.0425
0 0.4591666666666667 0.5175 0.2516666666666667 0.0325
0 0.19 0.51625 0.2 0.0325
0 0.20833333333333334 0.455 0.23333333333333334 0.035
0 0.4783333333333334 0.45437500000000003 0.2366666666666667 0.03875
0 0.19 0.4 0.20333333333333334 0.0325
0 0.4841666666666667 0.39875 0.24166666666666667 0.0375
0 0.2041666666666667 0.340625 0.22833333333333336 0.03125
0 0.45083333333333336 0.33875 0.17833333333333334 0.035
0 0.7658333333333334 0.32937500000000003 0.23500000000000001 0.03375
0 0.20333333333333334 0.284375 0.22333333333333336 0.03375
0 0.47500000000000003 0.2725 0.22333333333333336 0.035
0 0.775 0.26687500000000003 0.26333333333333336 0.03625
0 0.19833333333333333 0.22312500000000002 0.21666666666666667 0.03125
0 0.49583333333333335 0.21125 0.275 0.035
0 0.7691666666666667 0.20375000000000001 0.24166666666666667 0.035
0 0.2016666666666667 0.164375 0.21666666666666667 0.03125
0 0.4808333333333334 0.151875 0.24500000000000002 0.03875
0 0.7916666666666667 0.1475 0.29000000000000004 0.0475
0 0.20083333333333334 0.10875 0.20833333333333334 0.04
0 0.4766666666666667 0.089375 0.2366666666666667 0.043750000000000004
0 0.7933333333333333 0.085625 0.29000000000000004 0.04625
0 0.48000000000000004 0.70375 0.23333333333333334 0.04
0 0.19416666666666668 0.699375 0.22833333333333336 0.04625
0 0.8008333333333334 0.7125 0.2916666666666667 0.0525
0 0.8058333333333334 0.400625 0.30833333333333335 0.043750000000000004
0 0.8075000000000001 0.45875 0.33166666666666667 0.0375
0 0.8016666666666667 0.77 0.3066666666666667 0.0375
0 0.8183333333333334 0.829375 0.35333333333333333 0.04875
0 0.8033333333333333 0.89125 0.30333333333333334 0.0475
0 0.76 0.95875 0.2366666666666667 0.0375
0 0.47750000000000004 0.7675000000000001 0.23500000000000001 0.0475
0 0.4658333333333334 0.8275 0.21833333333333335 0.05
0 0.48250000000000004 0.89125 0.24500000000000002 0.055
0 0.4608333333333334 0.948125 0.19833333333333333 0.04125
0 0.19416666666666668 0.755625 0.21833333333333335 0.04625
0 0.1716666666666667 0.81625 0.16666666666666669 0.0425
0 0.18666666666666668 0.87875 0.20333333333333334 0.05
0 0.20333333333333334 0.9400000000000001 0.22666666666666668 0.0575
