0 0.1625 0.93125 0.1716666666666667 0.0325
0 0.4783333333333334 0.93 0.2066666666666667 0.03
0 0.7733333333333334 0.870625 0.21666666666666667 0.02875
0 0.4741666666666667 0.87125 0.195 0.03
0 0.17500000000000002 0.8718750000000001 0.19333333333333336 0.03125
0 0.17500000000000002 0.8150000000000001 0.19333333333333336 0.03
0 0.7675000000000001 0.81375 0.20500000000000002 0.03
0 0.4591666666666667 0.81375 0.1716666666666667 0.03
0 0.7466666666666667 0.756875 0.20333333333333334 0.02875
0 0.155 0.760625 0.14666666666666667 0.03375
0 0.4625 0.756875 0.1716666666666667 0.02875
0 0.45 0.70125 0.14333333333333334 0.0325
0 0.2 0.700625 0.2366666666666667 0.02875
0 0.7483333333333334 0.7025 0.16333333333333333 0.035
0 0.7641666666666667 0.644375 0.195 0.02875
0 0.4666666666666667 0.6431250000000001 0.18333333333333335 0.03125
0 0.19333333333333336 0.644375 0.23 0.03375
0 0.7691666666666667 0.58625 0.20833333333333334 0.03
0 0.4658333333333334 0.586875 0.1716666666666667 0.02875
0 0.17500000000000002 0.5875 0.18666666666666668 0.03
0 0.7575000000000001 0.530625 0.18166666666666667 0.03375
0 0.47750000000000004 0.530625 0.19833333333333333 0.02875
0 0.16583333333333333 0.530625 0.16833333333333333 0.02875
0 0.7641666666666667 0.47500000000000003 0.19833333333333333 0.0325
0 0.47750000000000004 0.47250000000000003 0.20500000000000002 0.03
0 0.19666666666666668 0.47250000000000003 0.23333333333333334 0.03
0 0.7716666666666667 0.41625 0.21333333333333335 0.03
0 0.4733333333333334 0.416875 0.19333333333333336 0.02875
0 0.1675 0.416875 0.16833333333333333 0.03125
0 0.7633333333333334 0.36062500000000003 0.19 0.02875
0 0.4758333333333334 0.359375 0.19833333333333333 0.02875
0 0.18333333333333335 0.358125 0.2 0.02875
0 0.7516666666666667 0.30312500000000003 0.17 0.02875
0 0.46166666666666667 0.3025 0.17333333333333334 0.03
0 0.17666666666666667 0.30125 0.19333333333333336 0.03
0 0.7766666666666667 0.245 0.21666666666666667 0.03
0 0.4741666666666667 0.245 0.19833333333333333 0.03
0 0.17250000000000001 0.245 0.18500000000000003 0.03
0 0.7841666666666667 0.18937500000000002 0.23500000000000001 0.03125
0 0.48000000000000004 0.19 0.20333333333333334 0.0325
0 0.165 0.18812500000000001 0.17 0.03125
0 0.7775000000000001 0.13125 0.255 0.0325
0 0.47000000000000003 0.130625 0.19 0.03125
0 0.17583333333333334 0.13125 0.19833333333333333 0.0325
0 0.7675000000000001 0.930625 0.21500000000000002 0.03625
