0 0.4891666666666667 0.7275 0.225 0.03
0 0.7558333333333334 0.676875 0.2016666666666667 0.03125
0 0.4783333333333334 0.673125 0.2066666666666667 0.03125
0 0.2066666666666667 0.670625 0.2 0.03625
0 0.7766666666666667 0.6218750000000001 0.24666666666666667 0.03375
0 0.48750000000000004 0.61625 0.22166666666666668 0.03
0 0.20500000000000002 0.61625 0.2 0.0325
0 0.7608333333333334 0.5650000000000001 0.21500000000000002 0.0325
0 0.4691666666666667 0.5650000000000001 0.18166666666666667 0.035
0 0.21083333333333334 0.5625 0.21833333333333335 0.03
0 0.7683333333333334 0.511875 0.22 0.03625
0 0.48833333333333334 0.50875 0.22666666666666668 0.0325
0 0.7666666666666667 0.45375 0.22 0.035
0 0.2041666666666667 0.401875 0.20500000000000002 0.03375
0 0.5091666666666667 0.39875 0.265 0.0325
0 0.7758333333333334 0.395625 0.24166666666666667 0.03375
0 0.21166666666666667 0.34375 0.22333333333333336 0.035
0 0.4966666666666667 0.3425 0.24333333333333335 0.03
0 0.7725000000000001 0.336875 0.23833333333333334 0.03375
0 0.1975 0.288125 0.19833333333333333 0.03125
0 0.4841666666666667 0.28500000000000003 0.22166666666666668 0.035
0 0.7708333333333334 0.280625 0.22166666666666668 0.03375
0 0.20833333333333334 0.23500000000000001 0.21666666666666667 0.0325
0 0.47750000000000004 0.231875 0.21166666666666667 0.03875
0 0.2016666666666667 0.17875 0.20333333333333334 0.0325
0 0.7641666666666667 0.166875 0.21500000000000002 0.03875
0 0.4625 0.17375000000000002 0.21166666666666667 0.0425
0 0.7525000000000001 0.22375 0.19833333333333333 0.035
0 0.23583333333333334 0.4575 0.26166666666666666 0.04
0 0.4808333333333334 0.4575 0.21833333333333335 0.0325
0 0.19416666666666668 0.51125 0.18166666666666667 0.0275
0 0.21000000000000002 0.728125 0.2 0.03625
0 0.7566666666666667 0.734375 0.2066666666666667 0.03625
0 0.745 0.794375 0.18666666666666668 0.03875
0 0.7491666666666668 0.849375 0.18833333333333335 0.043750000000000004
0 0.7725000000000001 0.901875 0.21500000000000002 0.03625
0 0.7525000000000001 0.9606250000000001 0.195 0.043750000000000004
0 0.48833333333333334 0.790625 0.21666666666666667 0.04625
0 0.48500000000000004 0.841875 0.20333333333333334 0.03875
0 0.49833333333333335 0.9 0.23333333333333334 0.0475
0 0.49250000000000005 0.950625 0.225 0.03875
0 0.20833333333333334 0.784375 0.2 0.03875
0 0.21166666666666667 0.838125 0.2066666666666667 0.03875
0 0.21083333333333334 0.89125 0.2016666666666667 0.0375
0 0.2041666666666667 0.9450000000000001 0.19166666666666668 0.0425
