0 0.765 0.735625 0.2833333333333333 0.03125
0 0.7708333333333334 0.6843750000000001 0.2916666666666667 0.03875
0 0.15416666666666667 0.680625 0.18833333333333335 0.03375
0 0.43333333333333335 0.6793750000000001 0.17333333333333334 0.03375
0 0.45083333333333336 0.62375 0.20833333333333334 0.035
0 0.16333333333333333 0.623125 0.2066666666666667 0.03125
0 0.4491666666666667 0.5700000000000001 0.20500000000000002 0.035
0 0.17916666666666667 0.566875 0.23833333333333334 0.03125
0 0.7625000000000001 0.52 0.27166666666666667 0.0375
0 0.445 0.51375 0.19 0.03
0 0.16583333333333333 0.51125 0.21166666666666667 0.03
0 0.7741666666666667 0.46375 0.28833333333333333 0.035
0 0.44333333333333336 0.46187500000000004 0.18666666666666668 0.03875
0 0.17333333333333334 0.45437500000000003 0.22333333333333336 0.02875
0 0.46416666666666667 0.405625 0.2316666666666667 0.03625
0 0.1675 0.395 0.21500000000000002 0.035
0 0.7608333333333334 0.349375 0.25833333333333336 0.02875
0 0.44333333333333336 0.345625 0.19 0.02875
0 0.17416666666666666 0.34625 0.22833333333333336 0.0425
0 0.7641666666666667 0.293125 0.26166666666666666 0.03125
0 0.4441666666666667 0.289375 0.18833333333333335 0.03125
0 0.17583333333333334 0.28375 0.2316666666666667 0.0325
0 0.4691666666666667 0.235625 0.22833333333333336 0.03875
0 0.18916666666666668 0.228125 0.25833333333333336 0.03625
0 0.7691666666666667 0.180625 0.265 0.03375
0 0.45583333333333337 0.175625 0.21166666666666667 0.03375
0 0.15000000000000002 0.166875 0.17666666666666667 0.03625
0 0.7983333333333333 0.241875 0.31333333333333335 0.04125
0 0.78 0.404375 0.31333333333333335 0.04125
0 0.7833333333333334 0.573125 0.31333333333333335 0.04125
0 0.7875000000000001 0.795625 0.34833333333333333 0.05375
0 0.78 0.626875 0.31333333333333335 0.04125
0 0.7741666666666667 0.849375 0.3116666666666667 0.04625
0 0.7858333333333334 0.900625 0.3116666666666667 0.04625
0 0.7675000000000001 0.954375 0.3116666666666667 0.04625
0 0.4566666666666667 0.7368750000000001 0.22666666666666668 0.051250000000000004
0 0.455 0.790625 0.22666666666666668 0.051250000000000004
0 0.45 0.844375 0.22666666666666668 0.051250000000000004
0 0.45 0.895625 0.22666666666666668 0.051250000000000004
0 0.45 0.9556250000000001 0.22666666666666668 0.051250000000000004
0 0.1575 0.73625 0.20500000000000002 0.05
0 0.17500000000000002 0.790625 0.22666666666666668 0.05375
0 0.15416666666666667 0.84875 0.18833333333333335 0.055
0 0.17083333333333334 0.901875 0.22833333333333336 0.05625
0 0.15583333333333335 0.959375 0.20500000000000002 0.05375
