0 0.5358333333333334 0.599375 0.21166666666666667 0.043750000000000004
0 0.8200000000000001 0.59 0.25333333333333335 0.0375
0 0.18666666666666668 0.5387500000000001 0.2866666666666667 0.035
0 0.5341666666666667 0.531875 0.21500000000000002 0.03125
0 0.8400000000000001 0.536875 0.20333333333333334 0.043750000000000004
0 0.5333333333333333 0.476875 0.22 0.04125
0 0.8333333333333334 0.47125 0.22333333333333336 0.0325
0 0.52 0.413125 0.25 0.03625
0 0.8366666666666667 0.408125 0.21333333333333335 0.03625
0 0.54 0.346875 0.21333333333333335 0.03125
0 0.8508333333333334 0.345625 0.195 0.03375
0 0.8341666666666667 0.29 0.22833333333333336 0.0375
0 0.5333333333333333 0.281875 0.23 0.03625
0 0.18916666666666668 0.276875 0.2783333333333334 0.03875
0 0.8133333333333334 0.224375 0.27666666666666667 0.03625
0 0.5358333333333334 0.21625 0.22166666666666668 0.0325
0 0.8441666666666667 0.165625 0.20833333333333334 0.03875
0 0.5091666666666667 0.1475 0.27166666666666667 0.0425
0 0.8500000000000001 0.10250000000000001 0.21000000000000002 0.04
0 0.5475 0.08687500000000001 0.2016666666666667 0.03125
0 0.18583333333333335 0.0775 0.275 0.05
0 0.1716666666666667 0.14125000000000001 0.31333333333333335 0.06
0 0.16833333333333333 0.21 0.31333333333333335 0.06
0 0.17500000000000002 0.34 0.31 0.0475
0 0.1716666666666667 0.40750000000000003 0.31 0.0475
0 0.17500000000000002 0.47125 0.31 0.0475
0 0.18000000000000002 0.60375 0.31 0.0475
0 0.1975 0.72375 0.2783333333333334 0.0475
0 0.18000000000000002 0.66 0.31 0.0475
0 0.2016666666666667 0.7837500000000001 0.27666666666666667 0.045
0 0.18250000000000002 0.8475 0.30833333333333335 0.055
0 0.17250000000000001 0.906875 0.32833333333333337 0.058750000000000004
0 0.1975 0.96375 0.28833333333333333 0.0475
0 0.5341666666666667 0.953125 0.21166666666666667 0.05375
0 0.5358333333333334 0.895625 0.21166666666666667 0.05375
0 0.5208333333333334 0.838125 0.24500000000000002 0.051250000000000004
0 0.5208333333333334 0.779375 0.24500000000000002 0.051250000000000004
0 0.5291666666666667 0.720625 0.24500000000000002 0.051250000000000004
0 0.5141666666666667 0.659375 0.25833333333333336 0.051250000000000004
0 0.8250000000000001 0.650625 0.24000000000000002 0.04625
0 0.8416666666666667 0.70875 0.19666666666666668 0.0375
0 0.8300000000000001 0.770625 0.21000000000000002 0.04625
0 0.8333333333333334 0.823125 0.21000000000000002 0.04625
0 0.8233333333333334 0.884375 0.21000000000000002 0.04625
0 0.8183333333333334 0.936875 0.21000000000000002 0.04625
