0 0.775 0.72875 0.26 0.035
0 0.7666666666666667 0.673125 0.24000000000000002 0.03625
0 0.7458333333333333 0.613125 0.20500000000000002 0.03375
0 0.4541666666666667 0.61375 0.20500000000000002 0.035
0 0.195 0.61125 0.27666666666666667 0.0375
0 0.7616666666666667 0.5543750000000001 0.23 0.02875
0 0.1525 0.551875 0.19166666666666668 0.03125
0 0.7633333333333334 0.4975 0.24000000000000002 0.0325
0 0.4691666666666667 0.49625 0.2316666666666667 0.03
0 0.17083333333333334 0.49375 0.22833333333333336 0.03
0 0.7675000000000001 0.438125 0.24166666666666667 0.03125
0 0.455 0.44 0.19666666666666668 0.035
0 0.16833333333333333 0.438125 0.22 0.03375
0 0.75 0.379375 0.21000000000000002 0.03125
0 0.4666666666666667 0.379375 0.22333333333333336 0.03125
0 0.1525 0.3775 0.19166666666666668 0.0325
0 0.7533333333333334 0.328125 0.21000000000000002 0.043750000000000004
0 0.45083333333333336 0.321875 0.195 0.03625
0 0.16583333333333333 0.31875000000000003 0.21833333333333335 0.0325
0 0.765 0.2625 0.23333333333333334 0.0325
0 0.4591666666666667 0.2625 0.21500000000000002 0.0325
0 0.16166666666666668 0.259375 0.21333333333333335 0.03375
0 0.7566666666666667 0.20375000000000001 0.21333333333333335 0.0325
0 0.1691666666666667 0.205625 0.22833333333333336 0.04125
0 0.7625000000000001 0.145 0.21833333333333335 0.03
0 0.4675 0.145 0.22833333333333336 0.035
0 0.16 0.14375000000000002 0.2066666666666667 0.0375
0 0.15833333333333335 0.6687500000000001 0.19666666666666668 0.04
0 0.1675 0.728125 0.21500000000000002 0.04875
0 0.14083333333333334 0.7825 0.16833333333333333 0.04
0 0.16583333333333333 0.8462500000000001 0.20500000000000002 0.05
0 0.17250000000000001 0.89875 0.23500000000000001 0.0525
0 0.17416666666666666 0.96125 0.23500000000000001 0.0525
0 0.4816666666666667 0.669375 0.24333333333333335 0.05375
0 0.4516666666666667 0.726875 0.19666666666666668 0.04125
0 0.4666666666666667 0.785 0.23 0.045
0 0.46166666666666667 0.8425 0.23 0.045
0 0.47250000000000003 0.900625 0.23833333333333334 0.04625
0 0.45333333333333337 0.956875 0.21333333333333335 0.04125
0 0.46 0.556875 0.21333333333333335 0.04125
0 0.4625 0.205625 0.22166666666666668 0.04125
0 0.7541666666666668 0.7925 0.22166666666666668 0.04
0 0.7625000000000001 0.8475 0.24166666666666667 0.0475
0 0.7633333333333334 0.900625 0.24000000000000002 0.04125
0 0.76 0.956875 0.23 0.03875
