0 0.8150000000000001 0.656875 0.24000000000000002 0.03125
0 0.1991666666666667 0.6475 0.17500000000000002 0.0375
0 0.8183333333333334 0.594375 0.24666666666666667 0.03125
0 0.49500000000000005 0.591875 0.22 0.03375
0 0.195 0.58625 0.16666666666666669 0.03
0 0.81 0.5325 0.23333333333333334 0.0325
0 0.5116666666666667 0.530625 0.25 0.03125
0 0.2016666666666667 0.529375 0.18000000000000002 0.03125
0 0.21916666666666668 0.47750000000000004 0.21166666666666667 0.04
0 0.7933333333333333 0.474375 0.19333333333333336 0.03875
0 0.4941666666666667 0.47125 0.20500000000000002 0.0325
0 0.2041666666666667 0.41375 0.18500000000000003 0.03
0 0.8200000000000001 0.40750000000000003 0.25 0.035
0 0.1991666666666667 0.358125 0.17833333333333334 0.03125
0 0.5183333333333333 0.348125 0.2566666666666667 0.03375
0 0.8033333333333333 0.345625 0.21666666666666667 0.03625
0 0.2016666666666667 0.30062500000000003 0.18000000000000002 0.03125
0 0.49000000000000005 0.288125 0.2 0.03375
0 0.8166666666666668 0.28 0.2366666666666667 0.035
0 0.20583333333333334 0.24 0.195 0.03
0 0.49250000000000005 0.225625 0.20833333333333334 0.03125
0 0.8091666666666667 0.216875 0.22166666666666668 0.03625
0 0.22083333333333335 0.179375 0.21833333333333335 0.03875
0 0.5108333333333334 0.164375 0.24500000000000002 0.03625
0 0.7908333333333334 0.1525 0.18166666666666667 0.035
0 0.20500000000000002 0.125 0.19 0.0325
0 0.5183333333333333 0.10125 0.25333333333333335 0.035
0 0.8066666666666668 0.09625 0.21333333333333335 0.0525
0 0.47750000000000004 0.413125 0.17833333333333334 0.043750000000000004
0 0.5091666666666667 0.65125 0.24500000000000002 0.0575
0 0.49583333333333335 0.7125 0.21166666666666667 0.0475
0 0.8166666666666668 0.71875 0.25333333333333335 0.05
0 0.79 0.779375 0.18333333333333335 0.03875
0 0.8033333333333333 0.845 0.21000000000000002 0.0425
0 0.8066666666666668 0.904375 0.22666666666666668 0.04875
0 0.8200000000000001 0.9625 0.24666666666666667 0.05
0 0.5191666666666667 0.7725 0.24833333333333335 0.0525
0 0.4966666666666667 0.83625 0.19 0.0525
0 0.48833333333333334 0.8925000000000001 0.19 0.0525
0 0.505 0.954375 0.22333333333333336 0.05625
0 0.21333333333333335 0.70375 0.2 0.0375
0 0.21166666666666667 0.76375 0.2 0.0375
0 0.2066666666666667 0.81875 0.2 0.0375
0 0.20833333333333334 0.8775000000000001 0.2 0.0375
0 0.23583333333333334 0.935 0.23833333333333334 0.0475
