0 0.18833333333333335 0.926875 0.26 0.02875
0 0.7633333333333334 0.8725 0.2366666666666667 0.03
0 0.45833333333333337 0.87125 0.2066666666666667 0.03
0 0.17666666666666667 0.87 0.23 0.03
0 0.775 0.81625 0.25333333333333335 0.0325
0 0.4708333333333334 0.81375 0.2316666666666667 0.03
0 0.18333333333333335 0.81375 0.24666666666666667 0.0325
0 0.45833333333333337 0.756875 0.2 0.03125
0 0.165 0.75625 0.20333333333333334 0.0325
0 0.7625000000000001 0.700625 0.2316666666666667 0.03125
0 0.4791666666666667 0.69875 0.24833333333333335 0.03
0 0.18250000000000002 0.6975 0.24166666666666667 0.03
0 0.7641666666666667 0.6425 0.23500000000000001 0.03
0 0.4783333333333334 0.64125 0.2366666666666667 0.03
0 0.17083333333333334 0.64125 0.22166666666666668 0.0325
0 0.7350000000000001 0.5856250000000001 0.17666666666666667 0.02875
0 0.4758333333333334 0.584375 0.23500000000000001 0.02875
0 0.165 0.58375 0.20333333333333334 0.0325
0 0.7441666666666668 0.52875 0.195 0.03
0 0.46416666666666667 0.52625 0.21166666666666667 0.03
0 0.15916666666666668 0.525 0.19166666666666668 0.03
0 0.7666666666666667 0.471875 0.23333333333333334 0.02875
0 0.4708333333333334 0.47000000000000003 0.225 0.03
0 0.16416666666666668 0.4675 0.19833333333333333 0.03
0 0.7708333333333334 0.414375 0.23833333333333334 0.03125
0 0.4541666666666667 0.41250000000000003 0.19166666666666668 0.03
0 0.1625 0.41000000000000003 0.19833333333333333 0.03
0 0.7641666666666667 0.3575 0.22166666666666668 0.03
0 0.4566666666666667 0.355 0.19333333333333336 0.03
0 0.16416666666666668 0.355 0.2016666666666667 0.03
0 0.7508333333333334 0.299375 0.23500000000000001 0.02875
0 0.4566666666666667 0.29812500000000003 0.18333333333333335 0.02875
0 0.16666666666666669 0.296875 0.20333333333333334 0.03125
0 0.7525000000000001 0.243125 0.20500000000000002 0.03375
0 0.46166666666666667 0.24375 0.22666666666666668 0.035
0 0.16416666666666668 0.238125 0.2016666666666667 0.02875
0 0.7383333333333334 0.185625 0.21666666666666667 0.03375
0 0.4608333333333334 0.1825 0.19166666666666668 0.03
0 0.16333333333333333 0.180625 0.2 0.03125
0 0.7483333333333334 0.12687500000000002 0.24000000000000002 0.03125
0 0.4666666666666667 0.125 0.2066666666666667 0.03
0 0.16583333333333333 0.12375 0.2016666666666667 0.0325
0 0.47000000000000003 0.930625 0.23333333333333334 0.03375
0 0.7666666666666667 0.931875 0.24000000000000002 0.03125
