0 0.26166666666666666 0.716875 0.19 0.03125
0 0.5408333333333334 0.660625 0.19166666666666668 0.03375
0 0.24000000000000002 0.656875 0.23 0.04125
0 0.8366666666666667 0.610625 0.19666666666666668 0.03625
0 0.2541666666666667 0.6062500000000001 0.19166666666666668 0.0325
0 0.5325000000000001 0.605 0.21166666666666667 0.03
0 0.23833333333333334 0.5493750000000001 0.23 0.03125
0 0.5375000000000001 0.551875 0.195 0.03375
0 0.8275 0.550625 0.22166666666666668 0.03125
0 0.26333333333333336 0.49375 0.17666666666666667 0.03
0 0.545 0.498125 0.17333333333333334 0.03875
0 0.8508333333333334 0.49312500000000004 0.17500000000000002 0.03625
0 0.25333333333333335 0.440625 0.20333333333333334 0.03375
0 0.5375000000000001 0.4375 0.195 0.03
0 0.8341666666666667 0.435625 0.20833333333333334 0.03125
0 0.2541666666666667 0.385625 0.18833333333333335 0.03375
0 0.5408333333333334 0.380625 0.18833333333333335 0.03125
0 0.8191666666666667 0.378125 0.23833333333333334 0.03375
0 0.2566666666666667 0.328125 0.19333333333333336 0.03125
0 0.5408333333333334 0.323125 0.19166666666666668 0.02875
0 0.8133333333333334 0.324375 0.25 0.04125
0 0.25 0.27187500000000003 0.2 0.03125
0 0.5416666666666667 0.268125 0.19333333333333336 0.03375
0 0.8458333333333334 0.26 0.18833333333333335 0.0325
0 0.2516666666666667 0.215625 0.19666666666666668 0.03375
0 0.5375000000000001 0.20875 0.19833333333333333 0.035
0 0.24750000000000003 0.15875 0.20500000000000002 0.0325
0 0.5316666666666667 0.151875 0.21333333333333335 0.03125
0 0.8333333333333334 0.144375 0.21000000000000002 0.03375
0 0.8275 0.20625000000000002 0.21166666666666667 0.0425
0 0.8341666666666667 0.6675 0.21166666666666667 0.0425
0 0.8216666666666668 0.72375 0.22 0.0425
0 0.8316666666666667 0.78 0.22 0.0425
0 0.8333333333333334 0.8325 0.22 0.0425
0 0.8266666666666668 0.895 0.22 0.0425
0 0.8350000000000001 0.95125 0.22 0.0425
0 0.5266666666666667 0.72 0.22 0.0425
0 0.5233333333333333 0.77625 0.22 0.0425
0 0.5266666666666667 0.83125 0.22 0.0425
0 0.545 0.89 0.2 0.0425
0 0.5383333333333333 0.94625 0.2 0.0425
0 0.24500000000000002 0.77 0.22 0.0375
0 0.24833333333333335 0.8250000000000001 0.22 0.0375
0 0.25 0.93875 0.2066666666666667 0.04
0 0.24500000000000002 0.88125 0.22 0.0375
