0 0.7858333333333334 0.730625 0.25833333333333336 0.04125
0 0.4691666666666667 0.6687500000000001 0.225 0.0375
0 0.17250000000000001 0.6125 0.20833333333333334 0.0325
0 0.4516666666666667 0.609375 0.18333333333333335 0.03375
0 0.76 0.609375 0.2 0.03375
0 0.4758333333333334 0.55 0.23500000000000001 0.0325
0 0.7491666666666668 0.550625 0.18166666666666667 0.03625
0 0.15416666666666667 0.498125 0.18833333333333335 0.03125
0 0.4591666666666667 0.491875 0.19833333333333333 0.03375
0 0.15666666666666668 0.4375 0.19666666666666668 0.0325
0 0.4441666666666667 0.431875 0.17500000000000002 0.03875
0 0.7666666666666667 0.42125 0.23 0.03
0 0.4625 0.3725 0.225 0.0325
0 0.7608333333333334 0.359375 0.22166666666666668 0.03375
0 0.15166666666666667 0.3225 0.19666666666666668 0.03
0 0.4691666666666667 0.311875 0.24500000000000002 0.03375
0 0.7575000000000001 0.29812500000000003 0.21500000000000002 0.03625
0 0.15416666666666667 0.265 0.21833333333333335 0.0325
0 0.4341666666666667 0.2525 0.17500000000000002 0.0325
0 0.7416666666666667 0.235625 0.18333333333333335 0.04125
0 0.14500000000000002 0.20500000000000002 0.20333333333333334 0.03
0 0.45333333333333337 0.1875 0.22 0.035
0 0.7766666666666667 0.16875 0.26 0.035
0 0.14833333333333334 0.145 0.21000000000000002 0.03
0 0.4341666666666667 0.12875 0.19166666666666668 0.03
0 0.7441666666666668 0.104375 0.2016666666666667 0.03375
0 0.7541666666666668 0.486875 0.2016666666666667 0.03375
0 0.14750000000000002 0.38125000000000003 0.17833333333333334 0.03
0 0.17250000000000001 0.67375 0.18833333333333335 0.0325
0 0.1991666666666667 0.726875 0.23833333333333334 0.03625
0 0.17833333333333334 0.841875 0.20333333333333334 0.03875
0 0.19083333333333335 0.781875 0.23833333333333334 0.03625
0 0.18666666666666668 0.8981250000000001 0.20333333333333334 0.03875
0 0.4758333333333334 0.785625 0.21500000000000002 0.04125
0 0.18333333333333335 0.950625 0.20333333333333334 0.03875
0 0.45833333333333337 0.726875 0.20333333333333334 0.03875
0 0.4491666666666667 0.901875 0.165 0.04125
0 0.4741666666666667 0.8375 0.225 0.0375
0 0.4866666666666667 0.96 0.21666666666666667 0.0525
0 0.7475 0.670625 0.17500000000000002 0.03875
0 0.7716666666666667 0.79125 0.21000000000000002 0.0475
0 0.79 0.846875 0.25 0.03875
0 0.7916666666666667 0.906875 0.25 0.03875
0 0.79 0.9656250000000001 0.25 0.03875
0 0.16416666666666668 0.556875 0.18833333333333335 0.03125
