0 0.19583333333333336 0.7418750000000001 0.3016666666666667 0.03625
0 0.2366666666666667 0.685625 0.22 0.03625
0 0.5258333333333334 0.685625 0.21166666666666667 0.03625
0 0.5391666666666667 0.625 0.23500000000000001 0.0325
0 0.21416666666666667 0.575625 0.26166666666666666 0.04125
0 0.5225000000000001 0.569375 0.21833333333333335 0.03625
0 0.785 0.573125 0.29000000000000004 0.03875
0 0.24666666666666667 0.5181250000000001 0.19333333333333336 0.03875
0 0.525 0.51625 0.21000000000000002 0.0375
0 0.8266666666666668 0.513125 0.21000000000000002 0.03375
0 0.24583333333333335 0.455 0.19833333333333333 0.03
0 0.5391666666666667 0.45687500000000003 0.18833333333333335 0.03625
0 0.8150000000000001 0.453125 0.22666666666666668 0.03125
0 0.5341666666666667 0.400625 0.19166666666666668 0.03625
0 0.8350000000000001 0.40125 0.19333333333333336 0.04
0 0.2341666666666667 0.34125 0.21500000000000002 0.035
0 0.5133333333333334 0.345625 0.23333333333333334 0.04125
0 0.7933333333333333 0.34 0.28 0.035
0 0.225 0.28250000000000003 0.23 0.03
0 0.5275000000000001 0.281875 0.21166666666666667 0.03375
0 0.8391666666666667 0.280625 0.18500000000000003 0.03375
0 0.2341666666666667 0.2225 0.20833333333333334 0.03
0 0.5258333333333334 0.22312500000000002 0.21833333333333335 0.03125
0 0.8058333333333334 0.22 0.25833333333333336 0.035
0 0.23 0.17375000000000002 0.21666666666666667 0.05
0 0.7975000000000001 0.160625 0.275 0.03375
0 0.525 0.166875 0.2 0.043750000000000004
0 0.24666666666666667 0.401875 0.19333333333333336 0.03375
0 0.23583333333333334 0.631875 0.21500000000000002 0.04125
0 0.8233333333333334 0.68375 0.21000000000000002 0.0375
0 0.8008333333333334 0.631875 0.2516666666666667 0.04125
0 0.8091666666666667 0.74625 0.2316666666666667 0.04
0 0.8283333333333334 0.80125 0.19 0.0325
0 0.8208333333333334 0.855625 0.20833333333333334 0.03375
0 0.8191666666666667 0.910625 0.20833333333333334 0.03375
0 0.53 0.739375 0.21000000000000002 0.03625
0 0.53 0.796875 0.21000000000000002 0.03625
0 0.5233333333333333 0.854375 0.21000000000000002 0.03625
0 0.5375000000000001 0.91 0.18833333333333335 0.0375
0 0.5158333333333334 0.964375 0.2316666666666667 0.03625
0 0.24083333333333334 0.796875 0.2316666666666667 0.03625
0 0.2341666666666667 0.853125 0.2316666666666667 0.03625
0 0.20583333333333334 0.910625 0.3016666666666667 0.03625
0 0.2341666666666667 0.96375 0.23500000000000001 0.04
0 0.8108333333333334 0.96375 0.225 0.0425
