0 0.7891666666666667 0.71375 0.19833333333333333 0.0375
0 0.48750000000000004 0.70625 0.21833333333333335 0.035
0 0.8041666666666667 0.6481250000000001 0.225 0.03125
0 0.4808333333333334 0.6475 0.195 0.035
0 0.17833333333333334 0.64625 0.21333333333333335 0.035
0 0.8183333333333334 0.5875 0.26333333333333336 0.0375
0 0.19 0.58875 0.22333333333333336 0.0375
0 0.4991666666666667 0.586875 0.23500000000000001 0.04125
0 0.17500000000000002 0.530625 0.2 0.03625
0 0.7966666666666667 0.530625 0.22 0.04875
0 0.5016666666666667 0.526875 0.24000000000000002 0.03875
0 0.1875 0.473125 0.22166666666666668 0.03875
0 0.4741666666666667 0.465625 0.18166666666666667 0.02875
0 0.795 0.460625 0.22 0.03375
0 0.18666666666666668 0.409375 0.22333333333333336 0.03125
0 0.4675 0.40625 0.17500000000000002 0.0325
0 0.8125 0.40125 0.25833333333333336 0.04
0 0.1925 0.351875 0.23500000000000001 0.03625
0 0.4758333333333334 0.34500000000000003 0.19166666666666668 0.0375
0 0.7966666666666667 0.33625 0.22666666666666668 0.035
0 0.18833333333333335 0.293125 0.22666666666666668 0.03125
0 0.47750000000000004 0.284375 0.20500000000000002 0.03125
0 0.785 0.275 0.2 0.0375
0 0.18000000000000002 0.231875 0.21333333333333335 0.03625
0 0.4791666666666667 0.228125 0.20500000000000002 0.04125
0 0.7783333333333334 0.210625 0.19 0.03625
0 0.19 0.17500000000000002 0.23 0.03
0 0.47500000000000003 0.164375 0.18666666666666668 0.043750000000000004
0 0.7958333333333334 0.148125 0.225 0.03625
0 0.1875 0.11750000000000001 0.225 0.0325
0 0.4941666666666667 0.10250000000000001 0.2316666666666667 0.03
0 0.795 0.095 0.22333333333333336 0.0475
0 0.7791666666666667 0.7731250000000001 0.18833333333333335 0.04625
0 0.8208333333333334 0.8375 0.2516666666666667 0.0425
0 0.81 0.90125 0.22333333333333336 0.045
0 0.8233333333333334 0.9625 0.24666666666666667 0.05
0 0.5 0.953125 0.22666666666666668 0.04875
0 0.5033333333333334 0.891875 0.22666666666666668 0.04875
0 0.505 0.829375 0.22666666666666668 0.04875
0 0.5041666666666667 0.7681250000000001 0.2316666666666667 0.043750000000000004
0 0.18250000000000002 0.769375 0.21500000000000002 0.03625
0 0.17916666666666667 0.703125 0.21500000000000002 0.03625
0 0.1875 0.825625 0.21500000000000002 0.03625
0 0.18250000000000002 0.886875 0.21500000000000002 0.03625
0 0.18583333333333335 0.945625 0.21500000000000002 0.03625
