0 0.81 0.64375 0.2366666666666667 0.0425
0 0.5391666666666667 0.635625 0.22833333333333336 0.03625
0 0.26583333333333337 0.63125 0.22833333333333336 0.0425
0 0.81 0.5825 0.24000000000000002 0.04
0 0.5266666666666667 0.581875 0.25 0.03875
0 0.27416666666666667 0.5750000000000001 0.21833333333333335 0.04
0 0.8158333333333334 0.524375 0.225 0.03375
0 0.2783333333333334 0.52375 0.21333333333333335 0.0375
0 0.5291666666666667 0.525625 0.24166666666666667 0.03875
0 0.27416666666666667 0.4675 0.22166666666666668 0.0375
0 0.8025000000000001 0.47500000000000003 0.24500000000000002 0.05
0 0.5383333333333333 0.469375 0.22666666666666668 0.04125
0 0.2733333333333334 0.419375 0.22333333333333336 0.04125
0 0.8075000000000001 0.41125 0.24500000000000002 0.04
0 0.5375000000000001 0.410625 0.225 0.04875
0 0.2816666666666667 0.36562500000000003 0.21333333333333335 0.03625
0 0.5441666666666667 0.353125 0.22166666666666668 0.03625
0 0.8058333333333334 0.353125 0.23833333333333334 0.03875
0 0.2775 0.3125 0.225 0.0325
0 0.5483333333333333 0.30125 0.21333333333333335 0.04
0 0.8025000000000001 0.295 0.2516666666666667 0.0375
0 0.28 0.26 0.22 0.03
0 0.5433333333333333 0.243125 0.22333333333333336 0.03125
0 0.8158333333333334 0.23625000000000002 0.225 0.035
0 0.28750000000000003 0.20875 0.21500000000000002 0.035
0 0.5433333333333333 0.1925 0.22666666666666668 0.0375
0 0.8125 0.18 0.2316666666666667 0.035
0 0.305 0.15687500000000001 0.17666666666666667 0.03375
0 0.5441666666666667 0.1375 0.22833333333333336 0.035
0 0.8075000000000001 0.12687500000000002 0.24166666666666667 0.03875
