0 0.7783333333333334 0.695625 0.2366666666666667 0.03625
0 0.5083333333333334 0.6900000000000001 0.2566666666666667 0.0425
0 0.23 0.67875 0.23 0.0375
0 0.7808333333333334 0.640625 0.23833333333333334 0.03375
0 0.49500000000000005 0.62875 0.22666666666666668 0.035
0 0.225 0.62125 0.21666666666666667 0.035
0 0.7825000000000001 0.579375 0.23500000000000001 0.043750000000000004
0 0.49750000000000005 0.5750000000000001 0.225 0.04
0 0.23500000000000001 0.56375 0.23333333333333334 0.04
0 0.7833333333333334 0.525625 0.2366666666666667 0.043750000000000004
0 0.5 0.5175 0.23 0.04
0 0.2325 0.515625 0.23500000000000001 0.03625
0 0.5033333333333334 0.463125 0.2366666666666667 0.03375
0 0.7808333333333334 0.4625 0.225 0.04
0 0.23500000000000001 0.45937500000000003 0.23333333333333334 0.03875
0 0.7891666666666667 0.411875 0.24166666666666667 0.04875
0 0.4941666666666667 0.406875 0.21500000000000002 0.03875
0 0.23583333333333334 0.39937500000000004 0.22833333333333336 0.04125
0 0.2325 0.341875 0.225 0.03875
0 0.7908333333333334 0.345625 0.23833333333333334 0.04125
0 0.5083333333333334 0.344375 0.24000000000000002 0.03625
0 0.7941666666666667 0.29125 0.2316666666666667 0.04
0 0.2341666666666667 0.290625 0.21833333333333335 0.03625
0 0.5033333333333334 0.286875 0.22666666666666668 0.04125
0 0.23083333333333333 0.233125 0.21500000000000002 0.03625
0 0.795 0.228125 0.23333333333333334 0.03875
0 0.5075000000000001 0.22875 0.23500000000000001 0.0375
0 0.2325 0.174375 0.22166666666666668 0.03375
0 0.7908333333333334 0.170625 0.225 0.04125
0 0.5091666666666667 0.166875 0.23833333333333334 0.03875
