0 0.22916666666666669 0.724375 0.22833333333333336 0.04125
0 0.21416666666666667 0.670625 0.255 0.04125
0 0.8475 0.608125 0.18833333333333335 0.03375
0 0.23500000000000001 0.551875 0.21666666666666667 0.03375
0 0.5025000000000001 0.551875 0.265 0.03625
0 0.21750000000000003 0.49 0.2516666666666667 0.0325
0 0.8375 0.49062500000000003 0.2016666666666667 0.03375
0 0.5291666666666667 0.438125 0.21500000000000002 0.04125
0 0.24333333333333335 0.431875 0.2 0.03125
0 0.8383333333333334 0.43125 0.2066666666666667 0.035
0 0.24666666666666667 0.3775 0.19 0.0375
0 0.5166666666666667 0.374375 0.24000000000000002 0.03125
0 0.8383333333333334 0.3725 0.2 0.0325
0 0.22833333333333336 0.316875 0.22666666666666668 0.03125
0 0.5241666666666667 0.31875000000000003 0.22166666666666668 0.0375
0 0.8258333333333334 0.314375 0.225 0.03375
0 0.2316666666666667 0.26 0.21666666666666667 0.03
0 0.8133333333333334 0.2525 0.25 0.0325
0 0.5008333333333334 0.256875 0.26833333333333337 0.04125
0 0.24000000000000002 0.199375 0.2 0.03125
0 0.5358333333333334 0.20625000000000002 0.19833333333333333 0.05
0 0.8308333333333334 0.19187500000000002 0.21500000000000002 0.03375
0 0.5433333333333333 0.138125 0.19666666666666668 0.03125
0 0.24583333333333335 0.1375 0.18833333333333335 0.035
0 0.8325 0.133125 0.21166666666666667 0.03125
0 0.8275 0.550625 0.21166666666666667 0.03875
0 0.8366666666666667 0.6675 0.2 0.0425
0 0.8333333333333334 0.725 0.21000000000000002 0.0425
0 0.8316666666666667 0.7837500000000001 0.21000000000000002 0.0425
0 0.8366666666666667 0.84125 0.21000000000000002 0.0425
0 0.8483333333333334 0.9 0.19333333333333336 0.045
0 0.8366666666666667 0.9575 0.2 0.05
0 0.5383333333333333 0.95875 0.2 0.05
0 0.5275000000000001 0.896875 0.21166666666666667 0.04625
0 0.5291666666666667 0.8375 0.22166666666666668 0.0425
0 0.5241666666666667 0.78125 0.22166666666666668 0.0425
0 0.55 0.724375 0.18666666666666668 0.04125
0 0.5358333333333334 0.66625 0.19833333333333333 0.0425
0 0.5341666666666667 0.605 0.19833333333333333 0.0425
0 0.5458333333333334 0.49125 0.17833333333333334 0.04
0 0.23 0.6062500000000001 0.22333333333333336 0.0525
0 0.24333333333333335 0.89875 0.20333333333333334 0.045
0 0.22916666666666669 0.7781250000000001 0.22833333333333336 0.04125
0 0.22916666666666669 0.836875 0.22833333333333336 0.04125
0 0.25583333333333336 0.956875 0.195 0.043750000000000004
