0 0.79 0.93875 0.23333333333333334 0.03
0 0.4941666666666667 0.93875 0.2316666666666667 0.035
0 0.8108333333333334 0.8825000000000001 0.19166666666666668 0.0325
0 0.5116666666666667 0.878125 0.20333333333333334 0.03125
0 0.8108333333333334 0.8225 0.195 0.035
0 0.5283333333333333 0.82125 0.16333333333333333 0.0325
0 0.21166666666666667 0.8200000000000001 0.22666666666666668 0.0325
0 0.805 0.76625 0.20333333333333334 0.03
0 0.5125000000000001 0.764375 0.19833333333333333 0.02875
0 0.23500000000000001 0.763125 0.17333333333333334 0.03125
0 0.8041666666666667 0.7106250000000001 0.20833333333333334 0.02875
0 0.5183333333333333 0.708125 0.18333333333333335 0.02875
0 0.24333333333333335 0.706875 0.16 0.02875
0 0.7966666666666667 0.65375 0.22666666666666668 0.0325
0 0.5158333333333334 0.650625 0.19833333333333333 0.02875
0 0.21083333333333334 0.649375 0.22833333333333336 0.03125
0 0.8066666666666668 0.5975 0.2 0.03
0 0.5133333333333334 0.594375 0.2066666666666667 0.03125
0 0.24250000000000002 0.593125 0.16833333333333333 0.03125
0 0.8250000000000001 0.540625 0.17333333333333334 0.03125
0 0.22 0.53625 0.21666666666666667 0.03
0 0.5275000000000001 0.538125 0.17833333333333334 0.03125
0 0.8141666666666667 0.485 0.18833333333333335 0.0325
0 0.5208333333333334 0.481875 0.19166666666666668 0.03125
0 0.21166666666666667 0.480625 0.23333333333333334 0.03375
0 0.8325 0.4275 0.15833333333333335 0.03
0 0.5258333333333334 0.42562500000000003 0.18166666666666667 0.02875
0 0.23500000000000001 0.42312500000000003 0.18666666666666668 0.03125
0 0.8133333333333334 0.37125 0.19 0.0275
0 0.5358333333333334 0.368125 0.16166666666666668 0.02875
0 0.22916666666666669 0.36625 0.195 0.03
0 0.8150000000000001 0.31375000000000003 0.2 0.03
0 0.505 0.311875 0.23 0.02875
0 0.21416666666666667 0.310625 0.225 0.02875
0 0.8158333333333334 0.2575 0.19166666666666668 0.03
0 0.5141666666666667 0.25625 0.20833333333333334 0.03
0 0.22583333333333336 0.253125 0.21166666666666667 0.03125
0 0.8066666666666668 0.2 0.21666666666666667 0.03
0 0.5325000000000001 0.199375 0.17500000000000002 0.02875
0 0.21000000000000002 0.198125 0.27 0.03625
0 0.51 0.14250000000000002 0.21333333333333335 0.03
0 0.24416666666666667 0.14 0.21500000000000002 0.03
0 0.8133333333333334 0.14375000000000002 0.21666666666666667 0.03
0 0.19583333333333336 0.8775000000000001 0.26166666666666666 0.035
0 0.19833333333333333 0.930625 0.25 0.03375
