0 0.23583333333333334 0.9675 0.28833333333333333 0.045
0 0.5458333333333334 0.9606250000000001 0.21833333333333335 0.051250000000000004
0 0.8216666666666668 0.94875 0.2066666666666667 0.0325
0 0.5433333333333333 0.895 0.21666666666666667 0.0375
0 0.8208333333333334 0.8931250000000001 0.21166666666666667 0.03625
0 0.5433333333333333 0.83875 0.21666666666666667 0.04
0 0.8316666666666667 0.835 0.19 0.0375
0 0.23 0.7225 0.31 0.035
0 0.5416666666666667 0.7212500000000001 0.22666666666666668 0.0375
0 0.8416666666666667 0.716875 0.17 0.03125
0 0.21166666666666667 0.84125 0.33666666666666667 0.0475
0 0.8208333333333334 0.660625 0.20500000000000002 0.03125
0 0.5575 0.659375 0.195 0.03125
0 0.8266666666666668 0.603125 0.19 0.02875
0 0.5516666666666667 0.6012500000000001 0.2066666666666667 0.03
0 0.8250000000000001 0.5493750000000001 0.19333333333333336 0.03375
0 0.5525 0.5493750000000001 0.20833333333333334 0.03875
0 0.8275 0.49 0.19166666666666668 0.03
0 0.5583333333333333 0.486875 0.2 0.03125
0 0.24250000000000002 0.485 0.2916666666666667 0.0375
0 0.8341666666666667 0.43375 0.17833333333333334 0.03
0 0.5583333333333333 0.4325 0.19666666666666668 0.0325
0 0.8250000000000001 0.378125 0.2 0.03375
0 0.5433333333333333 0.375625 0.23 0.03375
0 0.8141666666666667 0.323125 0.22166666666666668 0.03625
0 0.5658333333333334 0.31875000000000003 0.18833333333333335 0.035
0 0.24750000000000003 0.3075 0.28833333333333333 0.035
0 0.8191666666666667 0.265 0.21500000000000002 0.03
0 0.5508333333333334 0.259375 0.21500000000000002 0.03125
0 0.8250000000000001 0.209375 0.2 0.03375
0 0.55 0.2025 0.22666666666666668 0.0325
0 0.26083333333333336 0.18875 0.265 0.0325
0 0.8166666666666668 0.155 0.21666666666666667 0.0325
0 0.5566666666666668 0.145625 0.21000000000000002 0.03125
0 0.24916666666666668 0.130625 0.2916666666666667 0.03875
0 0.20916666666666667 0.25 0.36500000000000005 0.0475
0 0.22166666666666668 0.368125 0.33333333333333337 0.043750000000000004
0 0.2316666666666667 0.42562500000000003 0.31333333333333335 0.04625
0 0.21166666666666667 0.543125 0.3433333333333334 0.04875
0 0.23 0.7831250000000001 0.3166666666666667 0.043750000000000004
0 0.2325 0.6 0.31833333333333336 0.0425
0 0.24416666666666667 0.6625 0.2916666666666667 0.04
0 0.21333333333333335 0.90375 0.32666666666666666 0.0425
0 0.79 0.78 0.26 0.04
0 0.5425 0.78 0.21166666666666667 0.04
