0 0.4675 0.951875 0.2316666666666667 0.03375
0 0.775 0.9450000000000001 0.24666666666666667 0.03
0 0.17750000000000002 0.90125 0.20500000000000002 0.0325
0 0.4666666666666667 0.894375 0.19666666666666668 0.03125
0 0.765 0.89125 0.22 0.03
0 0.18583333333333335 0.8456250000000001 0.21166666666666667 0.03375
0 0.4633333333333334 0.839375 0.18333333333333335 0.03125
0 0.7566666666666667 0.8406250000000001 0.20333333333333334 0.04125
0 0.1925 0.79125 0.23500000000000001 0.0375
0 0.7533333333333334 0.784375 0.19666666666666668 0.03625
0 0.4491666666666667 0.728125 0.14833333333333334 0.02875
0 0.16583333333333333 0.731875 0.17833333333333334 0.03625
0 0.7541666666666668 0.72875 0.19166666666666668 0.035
0 0.765 0.670625 0.21000000000000002 0.02875
0 0.4691666666666667 0.670625 0.195 0.03125
0 0.7533333333333334 0.615625 0.18666666666666668 0.02875
0 0.4758333333333334 0.6168750000000001 0.20500000000000002 0.03625
0 0.15583333333333335 0.619375 0.15833333333333335 0.03625
0 0.48000000000000004 0.558125 0.2066666666666667 0.02875
0 0.17 0.56125 0.18333333333333335 0.0375
0 0.7783333333333334 0.506875 0.23 0.03625
0 0.4683333333333334 0.501875 0.18666666666666668 0.02875
0 0.1675 0.503125 0.1716666666666667 0.03375
0 0.7483333333333334 0.448125 0.17333333333333334 0.02875
0 0.48500000000000004 0.44875 0.21666666666666667 0.035
0 0.1625 0.44375000000000003 0.165 0.0325
0 0.7758333333333334 0.39625 0.22833333333333336 0.0375
0 0.47250000000000003 0.389375 0.18833333333333335 0.03125
0 0.17416666666666666 0.385 0.19166666666666668 0.03
0 0.7866666666666667 0.338125 0.2366666666666667 0.03375
0 0.4625 0.33187500000000003 0.165 0.03125
0 0.17666666666666667 0.325625 0.2 0.03125
0 0.7691666666666667 0.279375 0.20500000000000002 0.03125
0 0.17750000000000002 0.26937500000000003 0.20500000000000002 0.03875
0 0.7733333333333334 0.225 0.21000000000000002 0.0375
0 0.4633333333333334 0.218125 0.17333333333333334 0.03625
0 0.16833333333333333 0.21125 0.18000000000000002 0.0375
0 0.7808333333333334 0.16375 0.225 0.03
0 0.48333333333333334 0.15625 0.2066666666666667 0.0325
0 0.18166666666666667 0.14875 0.20333333333333334 0.035
0 0.4425 0.279375 0.14500000000000002 0.04125
0 0.15416666666666667 0.675625 0.15833333333333335 0.03375
0 0.4475 0.781875 0.15833333333333335 0.03375
0 0.17416666666666666 0.958125 0.195 0.043750000000000004
0 0.7575000000000001 0.561875 0.195 0.043750000000000004
