0 0.7891666666666667 0.976875 0.23500000000000001 0.03375
0 0.47750000000000004 0.97375 0.2316666666666667 0.045
0 0.8008333333333334 0.915625 0.25833333333333336 0.03625
0 0.47500000000000003 0.906875 0.23 0.03125
0 0.15333333333333335 0.90625 0.2 0.0375
0 0.7733333333333334 0.85375 0.21000000000000002 0.035
0 0.4766666666666667 0.8456250000000001 0.23 0.03375
0 0.155 0.846875 0.20333333333333334 0.03375
0 0.7908333333333334 0.7925 0.24833333333333335 0.0375
0 0.16166666666666668 0.790625 0.22 0.04125
0 0.4691666666666667 0.7837500000000001 0.21833333333333335 0.03
0 0.7866666666666667 0.7312500000000001 0.23333333333333334 0.0375
0 0.4591666666666667 0.7275 0.19833333333333333 0.0375
0 0.14833333333333334 0.72375 0.19666666666666668 0.03
0 0.7941666666666667 0.665625 0.255 0.03625
0 0.4916666666666667 0.6675 0.27 0.0425
0 0.16166666666666668 0.605 0.23 0.0325
0 0.7825000000000001 0.601875 0.23500000000000001 0.03125
0 0.4716666666666667 0.606875 0.22666666666666668 0.03875
0 0.15916666666666668 0.551875 0.22166666666666668 0.043750000000000004
0 0.4683333333333334 0.5425 0.22 0.0325
0 0.7925000000000001 0.54625 0.25833333333333336 0.04
0 0.16833333333333333 0.48812500000000003 0.24666666666666667 0.03625
0 0.48000000000000004 0.48812500000000003 0.24000000000000002 0.043750000000000004
0 0.7675000000000001 0.48125 0.20833333333333334 0.045
0 0.16333333333333333 0.42812500000000003 0.23333333333333334 0.03625
0 0.47500000000000003 0.4225 0.23333333333333334 0.0325
0 0.7791666666666667 0.416875 0.2316666666666667 0.03875
0 0.14833333333333334 0.369375 0.2066666666666667 0.03625
0 0.4633333333333334 0.36 0.22 0.035
0 0.7683333333333334 0.355625 0.22 0.03375
0 0.14166666666666666 0.309375 0.19666666666666668 0.03625
0 0.4666666666666667 0.3025 0.22666666666666668 0.0325
0 0.7741666666666667 0.294375 0.22833333333333336 0.03625
0 0.1366666666666667 0.250625 0.19 0.03875
0 0.4625 0.24125 0.21833333333333335 0.0325
0 0.8008333333333334 0.231875 0.28500000000000003 0.03625
0 0.13833333333333334 0.18812500000000001 0.19333333333333336 0.03125
0 0.4541666666666667 0.1775 0.20500000000000002 0.035
0 0.7666666666666667 0.169375 0.21666666666666667 0.03625
0 0.15916666666666668 0.1275 0.23833333333333334 0.0325
0 0.465 0.11625 0.23333333333333334 0.035
0 0.7816666666666667 0.106875 0.25 0.03375
0 0.15166666666666667 0.96625 0.19333333333333336 0.035
0 0.15416666666666667 0.67125 0.19166666666666668 0.04
