0 0.5383333333333333 0.9706250000000001 0.21000000000000002 0.02875
0 0.8566666666666667 0.9775 0.19 0.0325
0 0.24416666666666667 0.965 0.225 0.03
0 0.8341666666666667 0.92 0.22833333333333336 0.0325
0 0.5341666666666667 0.9137500000000001 0.22166666666666668 0.0325
0 0.23750000000000002 0.910625 0.22833333333333336 0.03125
0 0.8491666666666667 0.860625 0.20500000000000002 0.03125
0 0.5433333333333333 0.8618750000000001 0.20333333333333334 0.04125
0 0.24416666666666667 0.859375 0.20500000000000002 0.04125
0 0.8325 0.806875 0.2316666666666667 0.03625
0 0.55 0.8025 0.18333333333333335 0.035
0 0.2366666666666667 0.803125 0.22 0.04125
0 0.5483333333333333 0.7468750000000001 0.18666666666666668 0.03875
0 0.22666666666666668 0.74375 0.24000000000000002 0.0325
0 0.8266666666666668 0.74125 0.25 0.0375
0 0.22166666666666668 0.6875 0.24333333333333335 0.035
0 0.5333333333333333 0.685 0.2066666666666667 0.0325
0 0.8366666666666667 0.691875 0.23 0.04875
0 0.20916666666666667 0.629375 0.25833333333333336 0.03375
0 0.5308333333333334 0.625 0.21500000000000002 0.0325
0 0.5233333333333333 0.56875 0.22666666666666668 0.035
0 0.8308333333333334 0.56625 0.23833333333333334 0.0375
0 0.225 0.51125 0.22 0.03
0 0.5166666666666667 0.508125 0.2366666666666667 0.03125
0 0.21833333333333335 0.45625 0.22333333333333336 0.0375
0 0.5183333333333333 0.446875 0.22666666666666668 0.03125
0 0.8666666666666667 0.440625 0.16333333333333333 0.03125
0 0.21083333333333334 0.393125 0.2316666666666667 0.02875
0 0.5341666666666667 0.3875 0.195 0.03
0 0.8533333333333334 0.3825 0.19 0.04
0 0.22166666666666668 0.335 0.20333333333333334 0.0325
0 0.5283333333333333 0.325625 0.20333333333333334 0.03125
0 0.8516666666666667 0.316875 0.19 0.03375
0 0.19333333333333336 0.274375 0.2566666666666667 0.03375
0 0.5191666666666667 0.265625 0.22166666666666668 0.03625
0 0.8500000000000001 0.255 0.19 0.035
0 0.1975 0.215625 0.24166666666666667 0.03625
0 0.5175000000000001 0.203125 0.22166666666666668 0.03625
0 0.8333333333333334 0.19187500000000002 0.22 0.03625
0 0.21333333333333335 0.15125 0.21000000000000002 0.035
0 0.5158333333333334 0.13875 0.21500000000000002 0.0325
0 0.8275 0.12625 0.23833333333333334 0.035
0 0.8466666666666667 0.503125 0.18666666666666668 0.03375
0 0.8591666666666667 0.6275000000000001 0.1716666666666667 0.045
0 0.19666666666666668 0.57125 0.2733333333333334 0.045
