0 0.7925000000000001 0.971875 0.24166666666666667 0.03125
0 0.47500000000000003 0.966875 0.2366666666666667 0.04625
0 0.1675 0.9475 0.23500000000000001 0.03
0 0.7975000000000001 0.91125 0.24166666666666667 0.0375
0 0.4575 0.89625 0.2016666666666667 0.0325
0 0.15416666666666667 0.888125 0.20833333333333334 0.03625
0 0.7925000000000001 0.849375 0.23500000000000001 0.03875
0 0.4625 0.835 0.21166666666666667 0.0325
0 0.16833333333333333 0.8275 0.24333333333333335 0.0325
0 0.8066666666666668 0.7825 0.26666666666666666 0.0425
0 0.46416666666666667 0.7725 0.21833333333333335 0.0325
0 0.14500000000000002 0.764375 0.19 0.03125
0 0.7816666666666667 0.7175 0.22 0.0325
0 0.46 0.709375 0.20333333333333334 0.03125
0 0.16333333333333333 0.7075 0.2366666666666667 0.0325
0 0.7933333333333333 0.660625 0.2366666666666667 0.04625
0 0.4633333333333334 0.65 0.21333333333333335 0.035
0 0.15416666666666667 0.646875 0.21500000000000002 0.03375
0 0.4758333333333334 0.591875 0.23500000000000001 0.04125
0 0.1675 0.586875 0.24500000000000002 0.03125
0 0.8091666666666667 0.59375 0.275 0.0475
0 0.16333333333333333 0.525 0.24333333333333335 0.0325
0 0.7908333333333334 0.524375 0.24166666666666667 0.03625
0 0.4666666666666667 0.5231250000000001 0.22666666666666668 0.03125
0 0.165 0.465625 0.24666666666666667 0.03625
0 0.7825000000000001 0.45937500000000003 0.225 0.03375
0 0.4916666666666667 0.465 0.2733333333333334 0.0475
0 0.45333333333333337 0.400625 0.20333333333333334 0.03375
0 0.15583333333333335 0.401875 0.22833333333333336 0.03625
0 0.79 0.398125 0.24000000000000002 0.03875
0 0.4691666666666667 0.33437500000000003 0.23500000000000001 0.03375
0 0.8258333333333334 0.33125 0.305 0.035
0 0.14916666666666667 0.28125 0.21500000000000002 0.0325
0 0.47250000000000003 0.273125 0.23500000000000001 0.03625
0 0.8041666666666667 0.2675 0.265 0.04
0 0.15000000000000002 0.218125 0.22666666666666668 0.03375
0 0.465 0.209375 0.22666666666666668 0.04125
0 0.7908333333333334 0.201875 0.23833333333333334 0.03875
0 0.14250000000000002 0.15875 0.21166666666666667 0.0375
0 0.8141666666666667 0.14125000000000001 0.2816666666666667 0.05
0 0.15083333333333335 0.093125 0.22166666666666668 0.03375
0 0.47000000000000003 0.0825 0.24000000000000002 0.0325
0 0.7708333333333334 0.07 0.2016666666666667 0.0375
0 0.44583333333333336 0.145625 0.19166666666666668 0.04125
0 0.14 0.34625 0.2 0.0375
