0 0.44583333333333336 0.928125 0.16833333333333333 0.02875
0 0.1575 0.9275 0.18166666666666667 0.03
0 0.7408333333333333 0.8725 0.17833333333333334 0.03
0 0.4741666666666667 0.87125 0.21833333333333335 0.03
0 0.16333333333333333 0.8718750000000001 0.18333333333333335 0.03125
0 0.7466666666666667 0.81625 0.19 0.035
0 0.46 0.815625 0.19333333333333336 0.03125
0 0.16416666666666668 0.815625 0.19166666666666668 0.02875
0 0.7433333333333334 0.75875 0.18333333333333335 0.03
0 0.4675 0.758125 0.20500000000000002 0.02875
0 0.18250000000000002 0.758125 0.22833333333333336 0.02875
0 0.7441666666666668 0.701875 0.17833333333333334 0.02875
0 0.4575 0.701875 0.18833333333333335 0.03125
0 0.15833333333333335 0.700625 0.22666666666666668 0.02875
0 0.77 0.645625 0.2366666666666667 0.02875
0 0.45333333333333337 0.645625 0.17666666666666667 0.02875
0 0.17 0.645 0.20333333333333334 0.03
0 0.75 0.589375 0.19333333333333336 0.03125
0 0.4633333333333334 0.589375 0.19666666666666668 0.03125
0 0.14833333333333334 0.5875 0.16 0.03
0 0.7566666666666667 0.533125 0.2 0.03125
0 0.46416666666666667 0.5325 0.19833333333333333 0.0275
0 0.15166666666666667 0.531875 0.16 0.02875
0 0.7475 0.476875 0.18166666666666667 0.03125
0 0.4675 0.47625 0.20500000000000002 0.03
0 0.18333333333333335 0.475625 0.22 0.02875
0 0.7333333333333334 0.42 0.16 0.03
0 0.45 0.419375 0.17333333333333334 0.02875
0 0.17916666666666667 0.41875 0.21166666666666667 0.0325
0 0.7766666666666667 0.36375 0.24000000000000002 0.03
0 0.47000000000000003 0.36312500000000003 0.2066666666666667 0.02875
0 0.1675 0.361875 0.195 0.02875
0 0.7508333333333334 0.308125 0.24166666666666667 0.03125
0 0.4733333333333334 0.30625 0.21000000000000002 0.03
0 0.15916666666666668 0.305625 0.17500000000000002 0.02875
0 0.7516666666666667 0.25 0.23333333333333334 0.03
0 0.46416666666666667 0.25 0.19833333333333333 0.03
0 0.15666666666666668 0.24875 0.17333333333333334 0.03
0 0.7666666666666667 0.194375 0.21666666666666667 0.03375
0 0.4658333333333334 0.193125 0.2016666666666667 0.03375
0 0.16416666666666668 0.193125 0.18833333333333335 0.03125
0 0.7525000000000001 0.136875 0.195 0.03125
0 0.4675 0.134375 0.2016666666666667 0.03125
0 0.17083333333333334 0.135 0.20833333333333334 0.035
0 0.76 0.93 0.22 0.035
