0 0.4791666666666667 0.9656250000000001 0.22833333333333336 0.03625
0 0.16666666666666669 0.961875 0.25333333333333335 0.03625
0 0.8008333333333334 0.9125 0.22166666666666668 0.0325
0 0.48500000000000004 0.90625 0.22 0.035
0 0.18333333333333335 0.899375 0.22333333333333336 0.03625
0 0.4791666666666667 0.841875 0.2316666666666667 0.03125
0 0.1975 0.844375 0.18500000000000003 0.03875
0 0.8133333333333334 0.788125 0.2 0.03375
0 0.4841666666666667 0.780625 0.21833333333333335 0.03125
0 0.18583333333333335 0.78625 0.21166666666666667 0.0425
0 0.7925000000000001 0.7262500000000001 0.2316666666666667 0.035
0 0.47500000000000003 0.72375 0.23333333333333334 0.0375
0 0.1875 0.665625 0.24500000000000002 0.03875
0 0.7975000000000001 0.6625 0.22166666666666668 0.0325
0 0.45833333333333337 0.66 0.26333333333333336 0.0375
0 0.17583333333333334 0.608125 0.225 0.04125
0 0.45333333333333337 0.600625 0.27 0.03375
0 0.8058333333333334 0.6075 0.19833333333333333 0.0475
0 0.49250000000000005 0.54125 0.18500000000000003 0.0325
0 0.7825000000000001 0.536875 0.24166666666666667 0.04625
0 0.17833333333333334 0.486875 0.22 0.03375
0 0.4766666666666667 0.4825 0.21666666666666667 0.035
0 0.7841666666666667 0.478125 0.2316666666666667 0.03625
0 0.18250000000000002 0.429375 0.21166666666666667 0.03625
0 0.46166666666666667 0.425 0.24333333333333335 0.0375
0 0.7916666666666667 0.41875 0.2066666666666667 0.0375
0 0.17500000000000002 0.36875 0.22 0.035
0 0.48750000000000004 0.3675 0.18833333333333335 0.045
0 0.7558333333333334 0.35375 0.2816666666666667 0.0325
0 0.17333333333333334 0.311875 0.21333333333333335 0.03125
0 0.4675 0.3025 0.22166666666666668 0.0325
0 0.7716666666666667 0.296875 0.25 0.043750000000000004
0 0.16166666666666668 0.253125 0.23 0.03375
0 0.47000000000000003 0.241875 0.22 0.03375
0 0.7833333333333334 0.23 0.22333333333333336 0.0375
0 0.4708333333333334 0.18375 0.21166666666666667 0.0325
0 0.7775000000000001 0.16875 0.225 0.0325
0 0.15166666666666667 0.13875 0.25 0.0375
0 0.4708333333333334 0.13125 0.21166666666666667 0.05
0 0.7883333333333333 0.10875 0.2 0.0325
0 0.1625 0.1975 0.24500000000000002 0.045
0 0.18416666666666667 0.5475 0.20500000000000002 0.0375
0 0.19083333333333335 0.7262500000000001 0.20500000000000002 0.0375
0 0.8133333333333334 0.8525 0.19666666666666668 0.04
0 0.7883333333333333 0.9762500000000001 0.2366666666666667 0.0475
