0 0.8408333333333334 0.97375 0.26833333333333337 0.035
0 0.5066666666666667 0.9675 0.24666666666666667 0.0475
0 0.15833333333333335 0.9556250000000001 0.25 0.03875
0 0.8416666666666667 0.9075 0.27 0.0325
0 0.49750000000000005 0.9031250000000001 0.2316666666666667 0.04625
0 0.17083333333333334 0.895625 0.22166666666666668 0.043750000000000004
0 0.8150000000000001 0.849375 0.21666666666666667 0.04625
0 0.5041666666666667 0.83625 0.24833333333333335 0.035
0 0.19083333333333335 0.83625 0.265 0.0425
0 0.8158333333333334 0.780625 0.21833333333333335 0.03375
0 0.5066666666666667 0.7725 0.25333333333333335 0.0375
0 0.18250000000000002 0.7681250000000001 0.2516666666666667 0.03125
0 0.8275 0.7125 0.24166666666666667 0.0325
0 0.5133333333333334 0.708125 0.26 0.03375
0 0.17083333333333334 0.71 0.22833333333333336 0.0425
0 0.8066666666666668 0.651875 0.20333333333333334 0.043750000000000004
0 0.15666666666666668 0.645 0.2 0.0325
0 0.505 0.649375 0.24666666666666667 0.043750000000000004
0 0.8266666666666668 0.585 0.24000000000000002 0.0375
0 0.48583333333333334 0.58375 0.20500000000000002 0.0375
0 0.15333333333333335 0.58125 0.2 0.035
0 0.17500000000000002 0.52 0.2366666666666667 0.035
0 0.49083333333333334 0.520625 0.21833333333333335 0.03875
0 0.8275 0.525 0.23833333333333334 0.05
0 0.15666666666666668 0.458125 0.2066666666666667 0.03625
0 0.5116666666666667 0.455625 0.26666666666666666 0.03625
0 0.8191666666666667 0.4575 0.22166666666666668 0.0425
0 0.16 0.39437500000000003 0.21333333333333335 0.03625
0 0.49333333333333335 0.395 0.22333333333333336 0.04
0 0.8108333333333334 0.385625 0.21500000000000002 0.03375
0 0.1875 0.33625 0.27166666666666667 0.05
0 0.5291666666666667 0.325625 0.305 0.03875
0 0.8391666666666667 0.319375 0.265 0.03375
0 0.16416666666666668 0.268125 0.22166666666666668 0.03875
0 0.5166666666666667 0.26 0.27 0.0375
0 0.8333333333333334 0.256875 0.2566666666666667 0.03625
0 0.1716666666666667 0.20875 0.25333333333333335 0.0525
0 0.8325 0.195 0.255 0.0425
0 0.18250000000000002 0.14125000000000001 0.27166666666666667 0.045
0 0.5191666666666667 0.13375 0.275 0.0475
0 0.8166666666666668 0.125 0.22666666666666668 0.0325
0 0.4783333333333334 0.07 0.20333333333333334 0.0375
0 0.16166666666666668 0.073125 0.23 0.03875
0 0.8033333333333333 0.061875 0.20333333333333334 0.03875
0 0.49250000000000005 0.200625 0.225 0.043750000000000004
