0 0.15916666666666668 0.973125 0.2016666666666667 0.03125
0 0.45333333333333337 0.966875 0.19 0.03375
0 0.7708333333333334 0.961875 0.23833333333333334 0.03375
0 0.155 0.92 0.19666666666666668 0.04
0 0.4716666666666667 0.9125 0.23 0.0325
0 0.7525000000000001 0.9031250000000001 0.2016666666666667 0.02875
0 0.17583333333333334 0.8575 0.23833333333333334 0.035
0 0.4816666666666667 0.8512500000000001 0.25 0.0325
0 0.7641666666666667 0.846875 0.22833333333333336 0.03375
0 0.1575 0.7987500000000001 0.20500000000000002 0.03
0 0.47500000000000003 0.794375 0.23333333333333334 0.03125
0 0.7516666666666667 0.796875 0.19333333333333336 0.04625
0 0.15666666666666668 0.739375 0.20333333333333334 0.03125
0 0.4791666666666667 0.680625 0.23833333333333334 0.03875
0 0.1675 0.686875 0.21833333333333335 0.04875
0 0.7458333333333333 0.681875 0.18166666666666667 0.04125
0 0.7533333333333334 0.61875 0.19666666666666668 0.0325
0 0.4808333333333334 0.620625 0.24166666666666667 0.043750000000000004
0 0.17416666666666666 0.6225 0.23500000000000001 0.0375
0 0.75 0.56 0.18000000000000002 0.03
0 0.4675 0.5625 0.20833333333333334 0.035
0 0.19666666666666668 0.504375 0.27666666666666667 0.04125
0 0.7566666666666667 0.45 0.19 0.04
0 0.47250000000000003 0.44125000000000003 0.21500000000000002 0.03
0 0.1875 0.43875000000000003 0.26166666666666666 0.0325
0 0.7691666666666667 0.386875 0.21166666666666667 0.02875
0 0.4816666666666667 0.383125 0.23 0.03375
0 0.16166666666666668 0.380625 0.2 0.03875
0 0.7958333333333334 0.328125 0.265 0.03125
0 0.4758333333333334 0.321875 0.225 0.03125
0 0.17916666666666667 0.315 0.24833333333333335 0.0325
0 0.47250000000000003 0.26125 0.21833333333333335 0.035
0 0.17916666666666667 0.25625 0.24500000000000002 0.04
0 0.7633333333333334 0.214375 0.19666666666666668 0.043750000000000004
0 0.465 0.204375 0.2 0.04625
0 0.18583333333333335 0.19125 0.2516666666666667 0.0375
0 0.47250000000000003 0.136875 0.21166666666666667 0.03125
0 0.18166666666666667 0.1275 0.25 0.035
0 0.7591666666666668 0.153125 0.18500000000000003 0.051250000000000004
0 0.765 0.27125 0.18666666666666668 0.0375
0 0.75 0.509375 0.19666666666666668 0.043750000000000004
0 0.7425 0.733125 0.18166666666666667 0.03625
0 0.4566666666666667 0.740625 0.19 0.043750000000000004
0 0.4708333333333334 0.50375 0.20833333333333334 0.035
0 0.16666666666666669 0.560625 0.21666666666666667 0.04125
