0 0.18083333333333335 0.96125 0.26833333333333337 0.0375
0 0.505 0.95125 0.24000000000000002 0.045
0 0.8325 0.944375 0.18833333333333335 0.03875
0 0.20750000000000002 0.8981250000000001 0.21166666666666667 0.03375
0 0.5033333333333334 0.895625 0.24666666666666667 0.051250000000000004
0 0.8225 0.880625 0.21500000000000002 0.03375
0 0.2025 0.84375 0.2316666666666667 0.0475
0 0.5283333333333333 0.8300000000000001 0.19666666666666668 0.04
0 0.8008333333333334 0.82375 0.26166666666666666 0.035
0 0.19666666666666668 0.7775 0.25 0.0375
0 0.525 0.765625 0.20333333333333334 0.03125
0 0.805 0.76375 0.26 0.0325
0 0.21833333333333335 0.716875 0.2 0.043750000000000004
0 0.5233333333333333 0.70875 0.21666666666666667 0.0375
0 0.20083333333333334 0.65 0.23500000000000001 0.035
0 0.8141666666666667 0.64625 0.2516666666666667 0.0325
0 0.5266666666666667 0.649375 0.20333333333333334 0.03875
0 0.8200000000000001 0.58625 0.24000000000000002 0.035
0 0.5316666666666667 0.585 0.19666666666666668 0.03
0 0.2066666666666667 0.584375 0.22666666666666668 0.03125
0 0.8291666666666667 0.5325 0.225 0.04
0 0.4991666666666667 0.525 0.27166666666666667 0.0375
0 0.8316666666666667 0.47000000000000003 0.22666666666666668 0.035
0 0.545 0.466875 0.18666666666666668 0.03625
0 0.21000000000000002 0.45687500000000003 0.23333333333333334 0.03375
0 0.5058333333333334 0.401875 0.26833333333333337 0.03625
0 0.8416666666666667 0.409375 0.21000000000000002 0.051250000000000004
0 0.21000000000000002 0.395 0.23333333333333334 0.035
0 0.8266666666666668 0.34750000000000003 0.24666666666666667 0.04
0 0.5233333333333333 0.340625 0.24000000000000002 0.03625
0 0.21750000000000003 0.33625 0.21833333333333335 0.05
0 0.8475 0.29125 0.20500000000000002 0.0475
0 0.5408333333333334 0.275625 0.21166666666666667 0.03125
0 0.22666666666666668 0.265625 0.2066666666666667 0.03625
0 0.8450000000000001 0.225 0.22333333333333336 0.035
0 0.5258333333333334 0.21125 0.24500000000000002 0.0375
0 0.2041666666666667 0.19875 0.24500000000000002 0.035
0 0.8416666666666667 0.164375 0.22666666666666668 0.04125
0 0.5466666666666667 0.149375 0.2066666666666667 0.03125
0 0.2041666666666667 0.13 0.2516666666666667 0.0325
0 0.8225 0.105625 0.27166666666666667 0.05625
0 0.5275000000000001 0.084375 0.24833333333333335 0.043750000000000004
0 0.20750000000000002 0.06625 0.2516666666666667 0.0375
0 0.21166666666666667 0.52875 0.21666666666666667 0.045
0 0.8558333333333333 0.7056250000000001 0.15166666666666667 0.03375
