0 0.4591666666666667 0.96625 0.24833333333333335 0.035
0 0.7983333333333333 0.96125 0.3566666666666667 0.04
0 0.15333333333333335 0.910625 0.2 0.03625
0 0.4541666666666667 0.905625 0.23833333333333334 0.03625
0 0.7608333333333334 0.9031250000000001 0.28833333333333333 0.03875
0 0.44083333333333335 0.849375 0.20833333333333334 0.03375
0 0.15666666666666668 0.85875 0.20333333333333334 0.0475
0 0.4391666666666667 0.79125 0.2016666666666667 0.035
0 0.1625 0.7887500000000001 0.21166666666666667 0.0375
0 0.16416666666666668 0.7325 0.21500000000000002 0.03
0 0.795 0.735 0.3433333333333334 0.0425
0 0.455 0.731875 0.22333333333333336 0.03875
0 0.43333333333333335 0.671875 0.18333333333333335 0.03125
0 0.7683333333333334 0.676875 0.29000000000000004 0.04125
0 0.17 0.67375 0.22333333333333336 0.035
0 0.7716666666666667 0.61375 0.29333333333333333 0.035
0 0.4525 0.61875 0.21500000000000002 0.0425
0 0.1716666666666667 0.615625 0.21666666666666667 0.03625
0 0.7358333333333333 0.561875 0.21833333333333335 0.03875
0 0.4491666666666667 0.556875 0.2016666666666667 0.03375
0 0.17083333333333334 0.556875 0.21500000000000002 0.04625
0 0.755 0.500625 0.25 0.03125
0 0.45583333333333337 0.498125 0.20833333333333334 0.03375
0 0.17916666666666667 0.49312500000000004 0.22833333333333336 0.03375
0 0.775 0.44375000000000003 0.2866666666666667 0.0325
0 0.4575 0.438125 0.21833333333333335 0.03125
0 0.17583333333333334 0.434375 0.20500000000000002 0.03875
0 0.78 0.395 0.2866666666666667 0.05
0 0.445 0.378125 0.18666666666666668 0.03875
0 0.17500000000000002 0.37375 0.21000000000000002 0.0375
0 0.7541666666666668 0.33187500000000003 0.23500000000000001 0.03875
0 0.4566666666666667 0.32 0.20333333333333334 0.0375
0 0.17916666666666667 0.311875 0.21833333333333335 0.03375
0 0.7833333333333334 0.27125 0.2833333333333333 0.0325
0 0.4716666666666667 0.2625 0.24000000000000002 0.0375
0 0.17916666666666667 0.25125000000000003 0.21833333333333335 0.0375
0 0.7641666666666667 0.2125 0.24166666666666667 0.035
0 0.4525 0.20375000000000001 0.195 0.0475
0 0.18250000000000002 0.19062500000000002 0.22833333333333336 0.03875
0 0.775 0.155 0.26333333333333336 0.0375
0 0.465 0.138125 0.22 0.03125
0 0.195 0.121875 0.24666666666666667 0.05375
0 0.785 0.79 0.32666666666666666 0.0425
0 0.1325 0.97 0.15166666666666667 0.0375
0 0.7883333333333333 0.845 0.32666666666666666 0.0425
