0 0.21333333333333335 0.930625 0.18333333333333335 0.02875
0 0.1991666666666667 0.8768750000000001 0.14833333333333334 0.02875
0 0.7833333333333334 0.874375 0.17666666666666667 0.02875
0 0.4891666666666667 0.874375 0.155 0.02875
0 0.7741666666666667 0.819375 0.16166666666666668 0.02875
0 0.20916666666666667 0.820625 0.17500000000000002 0.03125
0 0.49083333333333334 0.81875 0.16166666666666668 0.03
0 0.7775000000000001 0.764375 0.1716666666666667 0.03125
0 0.22083333333333335 0.764375 0.19166666666666668 0.03125
0 0.5008333333333334 0.76375 0.18500000000000003 0.03
0 0.7866666666666667 0.708125 0.19333333333333336 0.02875
0 0.5016666666666667 0.706875 0.18333333333333335 0.02875
0 0.22083333333333335 0.708125 0.19833333333333333 0.02875
0 0.20500000000000002 0.6531250000000001 0.15666666666666668 0.02875
0 0.7966666666666667 0.6531250000000001 0.19666666666666668 0.02875
0 0.4941666666666667 0.6525 0.16166666666666668 0.0275
0 0.7866666666666667 0.5975 0.18666666666666668 0.03
0 0.49500000000000005 0.5975 0.16 0.0275
0 0.20750000000000002 0.5975 0.15833333333333335 0.03
0 0.7733333333333334 0.541875 0.16 0.02875
0 0.2066666666666667 0.543125 0.16 0.03125
0 0.5033333333333334 0.540625 0.18333333333333335 0.02875
0 0.2041666666666667 0.4875 0.15166666666666667 0.0275
0 0.805 0.486875 0.22 0.02875
0 0.5016666666666667 0.486875 0.17 0.02875
0 0.5041666666666667 0.43125 0.18166666666666667 0.0275
0 0.2025 0.43125 0.15833333333333335 0.03
0 0.7658333333333334 0.429375 0.13833333333333334 0.02875
0 0.49083333333333334 0.37625000000000003 0.155 0.0275
0 0.20500000000000002 0.375625 0.16333333333333333 0.02875
0 0.7708333333333334 0.375 0.15166666666666667 0.03
0 0.49250000000000005 0.320625 0.16833333333333333 0.03125
0 0.7691666666666667 0.31875000000000003 0.15166666666666667 0.03
0 0.2025 0.32 0.16166666666666668 0.03
0 0.20916666666666667 0.265625 0.1716666666666667 0.02875
0 0.49333333333333335 0.26375 0.17 0.03
0 0.7891666666666667 0.261875 0.195 0.03125
0 0.20500000000000002 0.210625 0.17 0.03375
0 0.49333333333333335 0.208125 0.17 0.03125
0 0.7658333333333334 0.20625000000000002 0.14500000000000002 0.03
0 0.49833333333333335 0.1525 0.18333333333333335 0.0325
0 0.7841666666666667 0.15 0.21833333333333335 0.03
0 0.21250000000000002 0.1525 0.19166666666666668 0.035
0 0.5033333333333334 0.93 0.19 0.03
0 0.7958333333333334 0.93125 0.20500000000000002 0.03
