0 0.1925 0.981875 0.24500000000000002 0.03625
0 0.5375000000000001 0.976875 0.18500000000000003 0.04625
0 0.21583333333333335 0.923125 0.21166666666666667 0.03375
0 0.5266666666666667 0.911875 0.2066666666666667 0.03125
0 0.21916666666666668 0.860625 0.20500000000000002 0.03125
0 0.5366666666666667 0.85 0.19333333333333336 0.0325
0 0.8300000000000001 0.84875 0.21666666666666667 0.04
0 0.21583333333333335 0.7993750000000001 0.21166666666666667 0.03375
0 0.5258333333333334 0.7937500000000001 0.21833333333333335 0.04
0 0.8175 0.78625 0.24166666666666667 0.0325
0 0.2066666666666667 0.743125 0.22333333333333336 0.04625
0 0.53 0.730625 0.21333333333333335 0.03625
0 0.19583333333333336 0.671875 0.25833333333333336 0.03125
0 0.54 0.666875 0.19 0.03375
0 0.8375 0.6687500000000001 0.20833333333333334 0.0375
0 0.20916666666666667 0.6175 0.22833333333333336 0.0475
0 0.5375000000000001 0.60875 0.19833333333333333 0.035
0 0.8291666666666667 0.6125 0.225 0.0425
0 0.8308333333333334 0.551875 0.225 0.03875
0 0.1975 0.54875 0.255 0.0375
0 0.5291666666666667 0.546875 0.21166666666666667 0.03875
0 0.8166666666666668 0.489375 0.25333333333333335 0.03375
0 0.21750000000000003 0.48625 0.21166666666666667 0.04
0 0.5208333333333334 0.48875 0.23500000000000001 0.045
0 0.8175 0.42875 0.255 0.0325
0 0.5258333333333334 0.4275 0.22833333333333336 0.04
0 0.22083333333333335 0.421875 0.20500000000000002 0.03875
0 0.8308333333333334 0.3675 0.23500000000000001 0.035
0 0.5275000000000001 0.3675 0.22166666666666668 0.0425
0 0.20333333333333334 0.354375 0.24333333333333335 0.03625
0 0.8491666666666667 0.306875 0.2016666666666667 0.03375
0 0.5266666666666667 0.30125 0.23 0.035
0 0.20583333333333334 0.291875 0.24500000000000002 0.03875
0 0.8275 0.24375 0.24500000000000002 0.0325
0 0.5216666666666667 0.238125 0.2366666666666667 0.03625
0 0.18833333333333335 0.224375 0.27666666666666667 0.03625
0 0.8491666666666667 0.185625 0.20500000000000002 0.03125
0 0.5325000000000001 0.173125 0.225 0.03375
0 0.22416666666666668 0.16125 0.20833333333333334 0.0375
0 0.8333333333333334 0.125 0.23333333333333334 0.0425
0 0.515 0.108125 0.2566666666666667 0.03125
0 0.19583333333333336 0.094375 0.265 0.043750000000000004
0 0.8258333333333334 0.729375 0.22833333333333336 0.03625
0 0.8325 0.91625 0.20500000000000002 0.0575
0 0.8083333333333333 0.9656250000000001 0.24000000000000002 0.04875
