0 0.8 0.9606250000000001 0.22 0.04125
0 0.48833333333333334 0.9450000000000001 0.24333333333333335 0.0325
0 0.21416666666666667 0.94375 0.24500000000000002 0.035
0 0.7875000000000001 0.90125 0.24833333333333335 0.035
0 0.21916666666666668 0.891875 0.2016666666666667 0.03875
0 0.4841666666666667 0.8925000000000001 0.24500000000000002 0.04
0 0.795 0.8425 0.23333333333333334 0.0325
0 0.5016666666666667 0.838125 0.21666666666666667 0.03625
0 0.21416666666666667 0.83875 0.21166666666666667 0.04
0 0.8116666666666668 0.78625 0.2 0.035
0 0.21500000000000002 0.78 0.21000000000000002 0.0325
0 0.49250000000000005 0.776875 0.2316666666666667 0.03625
0 0.20583333333333334 0.731875 0.21833333333333335 0.04125
0 0.7858333333333334 0.7325 0.24500000000000002 0.0425
0 0.7933333333333333 0.67625 0.23 0.0375
0 0.1975 0.673125 0.23833333333333334 0.03125
0 0.4866666666666667 0.6687500000000001 0.24000000000000002 0.03
0 0.20583333333333334 0.620625 0.21166666666666667 0.03625
0 0.48333333333333334 0.614375 0.24333333333333335 0.03375
0 0.7858333333333334 0.62375 0.24166666666666667 0.0475
0 0.20083333333333334 0.56375 0.21833333333333335 0.0375
0 0.48333333333333334 0.55875 0.24000000000000002 0.03
0 0.7866666666666667 0.558125 0.23333333333333334 0.03125
0 0.19416666666666668 0.5075000000000001 0.22833333333333336 0.03
0 0.48500000000000004 0.503125 0.23333333333333334 0.03125
0 0.785 0.505 0.24000000000000002 0.04
0 0.21000000000000002 0.458125 0.2 0.043750000000000004
0 0.4991666666666667 0.451875 0.2016666666666667 0.04125
0 0.1991666666666667 0.398125 0.20500000000000002 0.03375
0 0.5033333333333334 0.39187500000000003 0.25 0.03625
0 0.7791666666666667 0.395 0.255 0.0525
0 0.19 0.344375 0.22666666666666668 0.04125
0 0.49000000000000005 0.33375 0.21666666666666667 0.03
0 0.7925000000000001 0.32937500000000003 0.2316666666666667 0.04125
0 0.20083333333333334 0.283125 0.2016666666666667 0.03125
0 0.48750000000000004 0.28375 0.22166666666666668 0.05
0 0.7875000000000001 0.274375 0.23500000000000001 0.04875
0 0.19 0.230625 0.22 0.043750000000000004
0 0.5 0.216875 0.19333333333333336 0.03125
0 0.775 0.209375 0.26 0.03875
0 0.18333333333333335 0.170625 0.22333333333333336 0.03625
0 0.5 0.161875 0.18666666666666668 0.03875
0 0.7875000000000001 0.1475 0.23833333333333334 0.035
0 0.7925000000000001 0.448125 0.20833333333333334 0.03625
0 0.5075000000000001 0.724375 0.2016666666666667 0.03625
