0 0.8083333333333333 0.97 0.26333333333333336 0.04
0 0.4691666666666667 0.96875 0.23833333333333334 0.045
0 0.16833333333333333 0.965 0.2366666666666667 0.0575
0 0.7883333333333333 0.91 0.23 0.04
0 0.4708333333333334 0.89875 0.23833333333333334 0.035
0 0.15416666666666667 0.8981250000000001 0.20833333333333334 0.04125
0 0.7991666666666667 0.848125 0.255 0.04625
0 0.48833333333333334 0.8375 0.28 0.04
0 0.18083333333333335 0.83125 0.265 0.0375
0 0.7983333333333333 0.781875 0.25333333333333335 0.043750000000000004
0 0.15916666666666668 0.7731250000000001 0.21833333333333335 0.04125
0 0.7941666666666667 0.7175 0.23833333333333334 0.045
0 0.7766666666666667 0.649375 0.21333333333333335 0.04125
0 0.1391666666666667 0.646875 0.19166666666666668 0.03875
0 0.47250000000000003 0.6475 0.24500000000000002 0.0425
0 0.7983333333333333 0.58375 0.25 0.04
0 0.165 0.58 0.24333333333333335 0.0325
0 0.4816666666666667 0.584375 0.26333333333333336 0.043750000000000004
0 0.4791666666666667 0.516875 0.26166666666666666 0.04125
0 0.79 0.525 0.24333333333333335 0.0525
0 0.17333333333333334 0.52125 0.25333333333333335 0.0475
0 0.16416666666666668 0.46187500000000004 0.24500000000000002 0.04625
0 0.465 0.45625 0.23333333333333334 0.04
0 0.7991666666666667 0.448125 0.25833333333333336 0.03375
0 0.16416666666666668 0.3975 0.24166666666666667 0.0475
0 0.46416666666666667 0.386875 0.2316666666666667 0.03375
0 0.7941666666666667 0.38875 0.255 0.0475
0 0.16 0.335 0.23333333333333334 0.05
0 0.4566666666666667 0.3275 0.22333333333333336 0.04
0 0.7991666666666667 0.32 0.25833333333333336 0.0425
0 0.14416666666666667 0.2625 0.20500000000000002 0.0325
0 0.4708333333333334 0.265625 0.24500000000000002 0.04625
0 0.7966666666666667 0.254375 0.26 0.04125
0 0.15333333333333335 0.20625000000000002 0.23 0.0425
0 0.4633333333333334 0.2 0.24000000000000002 0.0425
0 0.805 0.1875 0.2733333333333334 0.04
0 0.14166666666666666 0.14 0.21000000000000002 0.0425
0 0.4575 0.13 0.22833333333333336 0.035
0 0.1375 0.075625 0.19833333333333333 0.03625
0 0.4475 0.07062500000000001 0.20500000000000002 0.04125
0 0.7741666666666667 0.056875 0.21500000000000002 0.04125
0 0.8175 0.121875 0.3016666666666667 0.04625
0 0.5075000000000001 0.774375 0.29833333333333334 0.04875
0 0.4783333333333334 0.708125 0.24666666666666667 0.04875
0 0.14250000000000002 0.706875 0.19166666666666668 0.03875
