0 0.4675 0.95625 0.21500000000000002 0.04
0 0.7625000000000001 0.9550000000000001 0.24166666666666667 0.045
0 0.19416666666666668 0.900625 0.21833333333333335 0.02875
0 0.7933333333333333 0.895 0.2966666666666667 0.0325
0 0.18416666666666667 0.8456250000000001 0.20833333333333334 0.03375
0 0.78 0.846875 0.2733333333333334 0.04625
0 0.19583333333333336 0.79 0.225 0.035
0 0.7841666666666667 0.79 0.2783333333333334 0.045
0 0.4741666666666667 0.7825 0.22166666666666668 0.035
0 0.19 0.729375 0.21666666666666667 0.03375
0 0.48500000000000004 0.7275 0.24333333333333335 0.035
0 0.19333333333333336 0.67625 0.22 0.0375
0 0.7983333333333333 0.676875 0.3066666666666667 0.04125
0 0.4766666666666667 0.669375 0.22666666666666668 0.02875
0 0.20750000000000002 0.620625 0.24833333333333335 0.043750000000000004
0 0.4758333333333334 0.613125 0.21500000000000002 0.03125
0 0.8075000000000001 0.565625 0.325 0.04125
0 0.4766666666666667 0.56125 0.21666666666666667 0.035
0 0.21666666666666667 0.558125 0.2566666666666667 0.03625
0 0.4808333333333334 0.503125 0.22833333333333336 0.03125
0 0.18166666666666667 0.5 0.19333333333333336 0.0325
0 0.4708333333333334 0.4475 0.20500000000000002 0.0325
0 0.18916666666666668 0.445 0.20833333333333334 0.0325
0 0.7783333333333334 0.39687500000000003 0.2566666666666667 0.03875
0 0.4808333333333334 0.39125 0.225 0.03
0 0.18583333333333335 0.393125 0.2016666666666667 0.043750000000000004
0 0.7833333333333334 0.34 0.26 0.0375
0 0.4891666666666667 0.335 0.24166666666666667 0.0325
0 0.1991666666666667 0.333125 0.21833333333333335 0.03875
0 0.7858333333333334 0.28500000000000003 0.26833333333333337 0.0375
0 0.4791666666666667 0.276875 0.21500000000000002 0.03125
0 0.18666666666666668 0.273125 0.2066666666666667 0.03625
0 0.7883333333333333 0.2275 0.27 0.0375
0 0.4783333333333334 0.21875 0.21666666666666667 0.03
0 0.19666666666666668 0.21125 0.22333333333333336 0.0325
0 0.8083333333333333 0.1675 0.30333333333333334 0.0325
0 0.48000000000000004 0.1625 0.22 0.035
0 0.1925 0.155 0.21166666666666667 0.035
0 0.7516666666666667 0.455 0.2 0.045
0 0.18250000000000002 0.965 0.19833333333333333 0.05
0 0.48500000000000004 0.896875 0.23 0.03625
0 0.4766666666666667 0.844375 0.22333333333333336 0.04625
0 0.8033333333333333 0.508125 0.30333333333333334 0.04125
0 0.8200000000000001 0.623125 0.33666666666666667 0.04875
0 0.81 0.735 0.33333333333333337 0.0525
