0 0.7958333333333334 0.9725 0.23833333333333334 0.0375
0 0.7925000000000001 0.910625 0.24166666666666667 0.03625
0 0.4966666666666667 0.9081250000000001 0.27 0.043750000000000004
0 0.2016666666666667 0.904375 0.25 0.051250000000000004
0 0.8041666666666667 0.84125 0.26833333333333337 0.04
0 0.18666666666666668 0.83875 0.23 0.04
0 0.8083333333333333 0.786875 0.27666666666666667 0.04125
0 0.4841666666666667 0.78 0.2516666666666667 0.035
0 0.18250000000000002 0.775 0.22166666666666668 0.0325
0 0.8058333333333334 0.719375 0.27166666666666667 0.03375
0 0.4783333333333334 0.7175 0.24000000000000002 0.0325
0 0.18083333333333335 0.719375 0.21166666666666667 0.03875
0 0.4783333333333334 0.655625 0.24000000000000002 0.03375
0 0.18416666666666667 0.66125 0.225 0.0425
0 0.4733333333333334 0.59875 0.22666666666666668 0.04
0 0.7816666666666667 0.598125 0.23 0.04125
0 0.1875 0.535 0.23500000000000001 0.035
0 0.4591666666666667 0.53625 0.19833333333333333 0.0375
0 0.7725000000000001 0.53625 0.21500000000000002 0.04
0 0.16583333333333333 0.47750000000000004 0.19833333333333333 0.0375
0 0.4758333333333334 0.47625 0.23500000000000001 0.0425
0 0.7875000000000001 0.47375 0.23833333333333334 0.04
0 0.17250000000000001 0.41625 0.21166666666666667 0.0375
0 0.465 0.41375 0.21666666666666667 0.035
0 0.7891666666666667 0.414375 0.24500000000000002 0.043750000000000004
0 0.17583333333333334 0.36062500000000003 0.21500000000000002 0.043750000000000004
0 0.47250000000000003 0.355 0.23500000000000001 0.0425
0 0.7858333333333334 0.345625 0.24166666666666667 0.03875
0 0.165 0.293125 0.2 0.03375
0 0.47000000000000003 0.28875 0.23 0.0325
0 0.775 0.285625 0.22666666666666668 0.03625
0 0.4691666666666667 0.231875 0.22833333333333336 0.03875
0 0.165 0.233125 0.2 0.04125
0 0.7725000000000001 0.225625 0.21500000000000002 0.04125
0 0.17 0.17250000000000001 0.21333333333333335 0.03
0 0.4808333333333334 0.169375 0.24833333333333335 0.03625
0 0.7783333333333334 0.16625 0.22666666666666668 0.0375
0 0.15916666666666668 0.11625 0.19166666666666668 0.0325
0 0.4816666666666667 0.10875 0.24333333333333335 0.0375
0 0.7933333333333333 0.105 0.26666666666666666 0.04
0 0.8125 0.661875 0.275 0.03625
0 0.1975 0.9606250000000001 0.25833333333333336 0.03375
0 0.17083333333333334 0.6012500000000001 0.19833333333333333 0.0375
0 0.4808333333333334 0.97 0.225 0.0475
0 0.47250000000000003 0.8462500000000001 0.21833333333333335 0.045
