0 0.18250000000000002 0.9325 0.19833333333333333 0.0325
0 0.4916666666666667 0.93 0.22 0.0325
0 0.17916666666666667 0.87375 0.19166666666666668 0.03
0 0.4816666666666667 0.8725 0.2066666666666667 0.03
0 0.78 0.87 0.22666666666666668 0.03
0 0.18000000000000002 0.81625 0.19333333333333336 0.03
0 0.49083333333333334 0.815625 0.22166666666666668 0.02875
0 0.7683333333333334 0.81375 0.25333333333333335 0.03
0 0.7616666666666667 0.7575000000000001 0.19 0.03
0 0.4708333333333334 0.7575000000000001 0.18500000000000003 0.03
0 0.18166666666666667 0.758125 0.19 0.02875
0 0.7575000000000001 0.7000000000000001 0.17833333333333334 0.03
0 0.4683333333333334 0.700625 0.17666666666666667 0.02875
0 0.18250000000000002 0.700625 0.195 0.03125
0 0.18916666666666668 0.645625 0.20833333333333334 0.02875
0 0.7641666666666667 0.64375 0.18833333333333335 0.03
0 0.4675 0.644375 0.17500000000000002 0.02875
0 0.49333333333333335 0.5875 0.22666666666666668 0.0275
0 0.18416666666666667 0.5875 0.2016666666666667 0.03
0 0.7691666666666667 0.5875 0.19833333333333333 0.03
0 0.16583333333333333 0.53125 0.165 0.03
0 0.7658333333333334 0.53 0.19833333333333333 0.03
0 0.4716666666666667 0.53125 0.18000000000000002 0.0325
0 0.17 0.475625 0.17 0.03125
0 0.7416666666666667 0.474375 0.14666666666666667 0.02875
0 0.4866666666666667 0.474375 0.21666666666666667 0.03125
0 0.4708333333333334 0.4175 0.18500000000000003 0.03
0 0.16833333333333333 0.418125 0.2066666666666667 0.02875
0 0.7483333333333334 0.4175 0.16333333333333333 0.03
0 0.4525 0.36062500000000003 0.15166666666666667 0.02875
0 0.1716666666666667 0.36125 0.17666666666666667 0.0325
0 0.7616666666666667 0.36062500000000003 0.19 0.03125
0 0.49250000000000005 0.30375 0.2316666666666667 0.03
0 0.18500000000000003 0.305 0.2 0.0325
0 0.7625000000000001 0.30375 0.18833333333333335 0.03
0 0.7641666666666667 0.246875 0.19166666666666668 0.02875
0 0.4708333333333334 0.24625 0.18833333333333335 0.03
0 0.1716666666666667 0.2475 0.17333333333333334 0.03
0 0.19 0.19062500000000002 0.21000000000000002 0.03125
0 0.47500000000000003 0.18937500000000002 0.19333333333333336 0.02875
0 0.7666666666666667 0.18812500000000001 0.19666666666666668 0.03125
0 0.7625000000000001 0.130625 0.21500000000000002 0.03125
0 0.4916666666666667 0.13125 0.23 0.03
0 0.17 0.13375 0.17666666666666667 0.0375
0 0.7766666666666667 0.9293750000000001 0.23 0.02875
