0 0.15333333333333335 0.629375 0.21333333333333335 0.03875
0 0.4441666666666667 0.6225 0.24833333333333335 0.045
0 0.7125 0.619375 0.225 0.03625
0 0.44333333333333336 0.568125 0.24000000000000002 0.03625
0 0.7050000000000001 0.560625 0.21000000000000002 0.043750000000000004
0 0.15666666666666668 0.57125 0.22 0.04
0 0.15833333333333335 0.455 0.22666666666666668 0.035
0 0.7000000000000001 0.405 0.21333333333333335 0.03
0 0.44 0.39937500000000004 0.23333333333333334 0.03875
0 0.16416666666666668 0.39937500000000004 0.23500000000000001 0.03875
0 0.7041666666666667 0.35375 0.225 0.045
0 0.43833333333333335 0.343125 0.23333333333333334 0.03875
0 0.16416666666666668 0.3375 0.2316666666666667 0.045
0 0.6983333333333334 0.301875 0.21666666666666667 0.04875
0 0.43500000000000005 0.28500000000000003 0.22666666666666668 0.0375
0 0.1675 0.283125 0.24166666666666667 0.03625
0 0.6941666666666667 0.250625 0.20500000000000002 0.03625
0 0.43000000000000005 0.229375 0.22 0.03875
0 0.15916666666666668 0.226875 0.225 0.04125
0 0.6883333333333334 0.199375 0.19666666666666668 0.04125
0 0.43000000000000005 0.18 0.21333333333333335 0.04
0 0.15916666666666668 0.171875 0.22166666666666668 0.04125
0 0.6875 0.15 0.19833333333333333 0.04
0 0.43833333333333335 0.125 0.2366666666666667 0.0375
0 0.16 0.1125 0.22333333333333336 0.04
0 0.43500000000000005 0.45 0.22666666666666668 0.0375
0 0.16333333333333333 0.50875 0.22666666666666668 0.0375
0 0.44333333333333336 0.50875 0.22666666666666668 0.0375
0 0.6925 0.51125 0.20500000000000002 0.035
0 0.7058333333333334 0.45937500000000003 0.21500000000000002 0.03875
