0 0.5383333333333333 0.921875 0.19666666666666668 0.03375
0 0.8308333333333334 0.920625 0.19833333333333333 0.02875
0 0.2541666666666667 0.865 0.18166666666666667 0.03
0 0.5416666666666667 0.86625 0.18666666666666668 0.0325
0 0.8266666666666668 0.8625 0.2066666666666667 0.03
0 0.5466666666666667 0.80875 0.17666666666666667 0.03
0 0.8300000000000001 0.806875 0.2 0.02875
0 0.2566666666666667 0.808125 0.17666666666666667 0.03125
0 0.24916666666666668 0.7518750000000001 0.19166666666666668 0.03125
0 0.5275000000000001 0.750625 0.20833333333333334 0.03125
0 0.8416666666666667 0.749375 0.16333333333333333 0.02875
0 0.25583333333333336 0.69625 0.17500000000000002 0.0325
0 0.5341666666666667 0.69375 0.19833333333333333 0.03
0 0.8208333333333334 0.6925 0.21500000000000002 0.03
0 0.26 0.63875 0.21000000000000002 0.0325
0 0.5283333333333333 0.638125 0.21000000000000002 0.03375
0 0.8441666666666667 0.636875 0.165 0.02875
0 0.24583333333333335 0.581875 0.195 0.03375
0 0.5308333333333334 0.58125 0.2016666666666667 0.0325
0 0.8458333333333334 0.58 0.15833333333333335 0.03
0 0.26166666666666666 0.525 0.16333333333333333 0.03
0 0.5508333333333334 0.525 0.15833333333333335 0.035
0 0.8525 0.5225 0.14500000000000002 0.035
0 0.23750000000000002 0.4675 0.21166666666666667 0.03
0 0.53 0.46875 0.20333333333333334 0.0325
0 0.8258333333333334 0.465 0.2016666666666667 0.03
0 0.24250000000000002 0.41125 0.23500000000000001 0.03
0 0.5333333333333333 0.410625 0.19 0.02875
0 0.8241666666666667 0.40875 0.20500000000000002 0.03
0 0.27083333333333337 0.355 0.18500000000000003 0.03
0 0.5508333333333334 0.354375 0.155 0.02875
0 0.8250000000000001 0.3525 0.20333333333333334 0.03
0 0.22083333333333335 0.2975 0.23833333333333334 0.03
0 0.5391666666666667 0.296875 0.18500000000000003 0.03125
0 0.8141666666666667 0.29875 0.22166666666666668 0.035
0 0.2566666666666667 0.240625 0.16666666666666669 0.03125
0 0.8283333333333334 0.23875000000000002 0.18666666666666668 0.03
0 0.2316666666666667 0.18375 0.21666666666666667 0.03
0 0.8341666666666667 0.1825 0.18500000000000003 0.0325
0 0.2366666666666667 0.12625 0.2066666666666667 0.03
0 0.5341666666666667 0.12687500000000002 0.18500000000000003 0.03125
0 0.8333333333333334 0.12 0.19666666666666668 0.0375
0 0.5433333333333333 0.186875 0.18000000000000002 0.03375
0 0.5275000000000001 0.239375 0.2016666666666667 0.03625
0 0.22833333333333336 0.92625 0.24666666666666667 0.035
