0 0.17750000000000002 0.9275 0.16833333333333333 0.03
0 0.4941666666666667 0.926875 0.19833333333333333 0.03125
0 0.20583333333333334 0.87 0.22166666666666668 0.03
0 0.49500000000000005 0.86875 0.2066666666666667 0.03
0 0.7791666666666667 0.8675 0.18833333333333335 0.0325
0 0.18333333333333335 0.811875 0.16666666666666669 0.02875
0 0.7725000000000001 0.811875 0.17833333333333334 0.03125
0 0.5133333333333334 0.811875 0.24333333333333335 0.03125
0 0.49000000000000005 0.755625 0.19333333333333336 0.02875
0 0.18833333333333335 0.75625 0.18000000000000002 0.03
0 0.7766666666666667 0.754375 0.23 0.02875
0 0.795 0.6975 0.22333333333333336 0.03
0 0.48250000000000004 0.69875 0.18166666666666667 0.03
0 0.1875 0.698125 0.17833333333333334 0.03125
0 0.19166666666666668 0.64125 0.19 0.03
0 0.49500000000000005 0.64 0.19666666666666668 0.03
0 0.7716666666666667 0.640625 0.17333333333333334 0.03125
0 0.2 0.5856250000000001 0.21000000000000002 0.03125
0 0.48500000000000004 0.58375 0.18333333333333335 0.03
0 0.785 0.583125 0.2066666666666667 0.02875
0 0.49333333333333335 0.5275 0.2 0.03
0 0.7841666666666667 0.526875 0.2016666666666667 0.03125
0 0.19666666666666668 0.526875 0.19666666666666668 0.02875
0 0.4791666666666667 0.47125 0.17500000000000002 0.03
0 0.1975 0.47125 0.19833333333333333 0.03
0 0.7875000000000001 0.47250000000000003 0.20500000000000002 0.0325
0 0.7833333333333334 0.41375 0.2 0.03
0 0.49333333333333335 0.414375 0.24000000000000002 0.03125
0 0.195 0.41625 0.19333333333333336 0.035
0 0.5025000000000001 0.3575 0.21500000000000002 0.03
0 0.19166666666666668 0.358125 0.19 0.03125
0 0.7925000000000001 0.3575 0.21500000000000002 0.03
0 0.7875000000000001 0.30062500000000003 0.19833333333333333 0.02875
0 0.4741666666666667 0.30062500000000003 0.19166666666666668 0.02875
0 0.19083333333333335 0.30125 0.18833333333333335 0.03
0 0.7691666666666667 0.243125 0.1716666666666667 0.03125
0 0.48750000000000004 0.243125 0.18833333333333335 0.03125
0 0.20083333333333334 0.2425 0.20833333333333334 0.03
0 0.48333333333333334 0.186875 0.18333333333333335 0.03125
0 0.18833333333333335 0.186875 0.18333333333333335 0.02875
0 0.79 0.185625 0.21333333333333335 0.03125
0 0.49083333333333334 0.128125 0.19833333333333333 0.03125
0 0.7791666666666667 0.1275 0.19166666666666668 0.0325
0 0.2275 0.12875 0.26166666666666666 0.0325
0 0.7991666666666667 0.92875 0.2316666666666667 0.035
