0 0.20750000000000002 0.933125 0.24500000000000002 0.03375
0 0.4941666666666667 0.93375 0.21500000000000002 0.0325
0 0.7633333333333334 0.8768750000000001 0.18000000000000002 0.03125
0 0.4741666666666667 0.875 0.18166666666666667 0.03
0 0.1875 0.87625 0.19833333333333333 0.0325
0 0.7816666666666667 0.820625 0.21333333333333335 0.03125
0 0.48333333333333334 0.81875 0.2 0.03
0 0.1975 0.818125 0.22166666666666668 0.03125
0 0.48500000000000004 0.761875 0.2 0.02875
0 0.19083333333333335 0.760625 0.20500000000000002 0.03125
0 0.7925000000000001 0.7056250000000001 0.23833333333333334 0.03125
0 0.4733333333333334 0.70375 0.18000000000000002 0.0325
0 0.195 0.7025 0.20333333333333334 0.0275
0 0.7741666666666667 0.649375 0.19833333333333333 0.03125
0 0.48000000000000004 0.6481250000000001 0.19 0.03125
0 0.19166666666666668 0.646875 0.20333333333333334 0.02875
0 0.7733333333333334 0.593125 0.19666666666666668 0.03125
0 0.19583333333333336 0.59 0.21500000000000002 0.03
0 0.4866666666666667 0.589375 0.20333333333333334 0.02875
0 0.7741666666666667 0.53625 0.195 0.0325
0 0.48583333333333334 0.535625 0.19833333333333333 0.03125
0 0.18833333333333335 0.533125 0.19 0.02875
0 0.7775000000000001 0.48 0.20500000000000002 0.0325
0 0.49250000000000005 0.478125 0.25833333333333336 0.03125
0 0.18583333333333335 0.47625 0.19166666666666668 0.03
0 0.77 0.424375 0.18000000000000002 0.03375
0 0.49083333333333334 0.42125 0.21166666666666667 0.0325
0 0.1875 0.42 0.19166666666666668 0.03
0 0.78 0.36875 0.21333333333333335 0.035
0 0.4791666666666667 0.364375 0.18166666666666667 0.02875
0 0.17500000000000002 0.36312500000000003 0.16666666666666669 0.03125
0 0.7816666666666667 0.309375 0.2066666666666667 0.03375
0 0.48833333333333334 0.3075 0.20333333333333334 0.03
0 0.18500000000000003 0.3075 0.18666666666666668 0.0325
0 0.7725000000000001 0.251875 0.18500000000000003 0.02875
0 0.4816666666666667 0.251875 0.19 0.03125
0 0.18416666666666667 0.25 0.18833333333333335 0.03
0 0.7808333333333334 0.194375 0.20500000000000002 0.03375
0 0.4808333333333334 0.19375 0.18833333333333335 0.03
0 0.2066666666666667 0.19375 0.23 0.0325
0 0.7816666666666667 0.1375 0.19666666666666668 0.03
0 0.4916666666666667 0.136875 0.2066666666666667 0.02875
0 0.18916666666666668 0.136875 0.19833333333333333 0.02875
0 0.8025000000000001 0.7625000000000001 0.25833333333333336 0.0325
0 0.7741666666666667 0.9375 0.18833333333333335 0.035
