0 0.4475 0.93 0.18500000000000003 0.03
0 0.14416666666666667 0.9293750000000001 0.17500000000000002 0.03125
0 0.14916666666666667 0.8725 0.17833333333333334 0.03
0 0.7558333333333334 0.8725 0.21500000000000002 0.03
0 0.4441666666666667 0.87125 0.18166666666666667 0.03
0 0.7541666666666668 0.8150000000000001 0.20500000000000002 0.03
0 0.16166666666666668 0.8150000000000001 0.2066666666666667 0.03
0 0.44833333333333336 0.8150000000000001 0.18666666666666668 0.03
0 0.7466666666666667 0.758125 0.18666666666666668 0.02875
0 0.4516666666666667 0.75875 0.19 0.03
0 0.15083333333333335 0.7575000000000001 0.18833333333333335 0.0275
0 0.7575000000000001 0.701875 0.21833333333333335 0.03125
0 0.14 0.70125 0.16666666666666669 0.03
0 0.44 0.699375 0.16666666666666669 0.02875
0 0.7400000000000001 0.64375 0.22 0.03
0 0.15416666666666667 0.644375 0.195 0.02875
0 0.45333333333333337 0.6431250000000001 0.19333333333333336 0.02875
0 0.7583333333333334 0.586875 0.21333333333333335 0.02875
0 0.44333333333333336 0.586875 0.16666666666666669 0.02875
0 0.14250000000000002 0.585 0.1716666666666667 0.03
0 0.7441666666666668 0.53 0.18166666666666667 0.03
0 0.4441666666666667 0.52875 0.17833333333333334 0.03
0 0.15833333333333335 0.52875 0.2 0.03
0 0.7475 0.47375 0.18833333333333335 0.0325
0 0.455 0.471875 0.19666666666666668 0.02875
0 0.15000000000000002 0.471875 0.18333333333333335 0.02875
0 0.7475 0.415625 0.23500000000000001 0.03125
0 0.4466666666666667 0.41500000000000004 0.18333333333333335 0.03
0 0.1525 0.414375 0.18833333333333335 0.03125
0 0.7408333333333333 0.35875 0.17833333333333334 0.03
0 0.4441666666666667 0.358125 0.1716666666666667 0.02875
0 0.14666666666666667 0.356875 0.21666666666666667 0.03125
0 0.7591666666666668 0.301875 0.21500000000000002 0.03125
0 0.44083333333333335 0.3 0.165 0.03
0 0.15333333333333335 0.29875 0.19333333333333336 0.03
0 0.7425 0.244375 0.17833333333333334 0.02875
0 0.43750000000000006 0.24375 0.16166666666666668 0.0325
0 0.14666666666666667 0.24125 0.17666666666666667 0.03
0 0.7400000000000001 0.1875 0.17666666666666667 0.03
0 0.4391666666666667 0.186875 0.16166666666666668 0.03375
0 0.14500000000000002 0.183125 0.17666666666666667 0.02875
0 0.7541666666666668 0.13 0.2016666666666667 0.0325
0 0.4366666666666667 0.129375 0.16 0.03125
0 0.12000000000000001 0.12625 0.12666666666666668 0.0325
0 0.7383333333333334 0.931875 0.18000000000000002 0.03375
