0 0.43083333333333335 0.909375 0.15166666666666667 0.02875
0 0.16166666666666668 0.90625 0.19 0.03
0 0.7441666666666668 0.86 0.195 0.03
0 0.44583333333333336 0.854375 0.18166666666666667 0.02875
0 0.1575 0.850625 0.18500000000000003 0.02875
0 0.7341666666666667 0.8043750000000001 0.1716666666666667 0.02875
0 0.4658333333333334 0.80125 0.22166666666666668 0.0325
0 0.155 0.79625 0.17666666666666667 0.03
0 0.7366666666666667 0.749375 0.17333333333333334 0.02875
0 0.45333333333333337 0.744375 0.19 0.02875
0 0.165 0.74125 0.18666666666666668 0.0275
0 0.7366666666666667 0.69375 0.18000000000000002 0.03
0 0.4525 0.689375 0.18833333333333335 0.02875
0 0.155 0.686875 0.17666666666666667 0.02875
0 0.7475 0.63875 0.2016666666666667 0.03
0 0.4475 0.633125 0.18166666666666667 0.02875
0 0.14250000000000002 0.63375 0.14500000000000002 0.0325
0 0.7508333333333334 0.581875 0.20500000000000002 0.02875
0 0.45833333333333337 0.579375 0.19666666666666668 0.02875
0 0.16666666666666669 0.576875 0.18666666666666668 0.02875
0 0.7416666666666667 0.526875 0.18333333333333335 0.02875
0 0.4666666666666667 0.5231250000000001 0.21666666666666667 0.03125
0 0.16666666666666669 0.520625 0.18666666666666668 0.02875
0 0.7408333333333333 0.471875 0.18166666666666667 0.03125
0 0.45583333333333337 0.468125 0.19166666666666668 0.02875
0 0.17416666666666666 0.46625 0.20500000000000002 0.03
0 0.7516666666666667 0.4175 0.2 0.0325
0 0.4591666666666667 0.414375 0.195 0.03125
0 0.16666666666666669 0.410625 0.19333333333333336 0.02875
0 0.7775000000000001 0.36062500000000003 0.2516666666666667 0.03125
0 0.4516666666666667 0.35875 0.18000000000000002 0.03
0 0.1716666666666667 0.35625 0.2 0.03
0 0.7508333333333334 0.304375 0.19166666666666668 0.02875
0 0.46416666666666667 0.301875 0.20500000000000002 0.02875
0 0.17083333333333334 0.299375 0.195 0.02875
0 0.7325 0.24875 0.14500000000000002 0.0275
0 0.44833333333333336 0.246875 0.17 0.03125
0 0.17416666666666666 0.24375 0.20500000000000002 0.03
0 0.7491666666666668 0.19187500000000002 0.18500000000000003 0.02875
0 0.4708333333333334 0.19062500000000002 0.20833333333333334 0.03125
0 0.17416666666666666 0.18812500000000001 0.2016666666666667 0.02875
0 0.7533333333333334 0.135625 0.19333333333333336 0.03125
0 0.4625 0.134375 0.19833333333333333 0.03125
0 0.15666666666666668 0.1325 0.16666666666666669 0.0325
0 0.7425 0.91625 0.19833333333333333 0.035
