0 0.4916666666666667 0.9400000000000001 0.19666666666666668 0.0325
0 0.195 0.938125 0.19333333333333336 0.02875
0 0.47750000000000004 0.880625 0.16166666666666668 0.02875
0 0.1925 0.880625 0.18500000000000003 0.02875
0 0.7908333333333334 0.878125 0.20500000000000002 0.02875
0 0.4758333333333334 0.8225 0.165 0.03
0 0.19416666666666668 0.8225 0.195 0.03
0 0.8016666666666667 0.82125 0.22333333333333336 0.03
0 0.1925 0.765625 0.18500000000000003 0.02875
0 0.7958333333333334 0.76375 0.21500000000000002 0.03
0 0.47500000000000003 0.76375 0.16333333333333333 0.03
0 0.7808333333333334 0.7075 0.18500000000000003 0.03
0 0.48750000000000004 0.7075 0.18833333333333335 0.03
0 0.19166666666666668 0.708125 0.18333333333333335 0.02875
0 0.7958333333333334 0.650625 0.21500000000000002 0.02875
0 0.48000000000000004 0.650625 0.17 0.02875
0 0.18500000000000003 0.65 0.17333333333333334 0.03
0 0.7883333333333333 0.59375 0.2 0.03
0 0.4783333333333334 0.593125 0.16666666666666669 0.02875
0 0.19 0.594375 0.17666666666666667 0.02875
0 0.79 0.5375 0.2 0.03
0 0.4783333333333334 0.536875 0.16666666666666669 0.02875
0 0.18416666666666667 0.53625 0.16833333333333333 0.03
0 0.7741666666666667 0.480625 0.21166666666666667 0.03125
0 0.18083333333333335 0.48 0.16166666666666668 0.0275
0 0.4891666666666667 0.47875 0.18500000000000003 0.03
0 0.79 0.42375 0.20333333333333334 0.03
0 0.48583333333333334 0.42312500000000003 0.17500000000000002 0.02875
0 0.18250000000000002 0.42312500000000003 0.16166666666666668 0.02875
0 0.7908333333333334 0.366875 0.20500000000000002 0.02875
0 0.47250000000000003 0.36625 0.15833333333333335 0.03
0 0.19333333333333336 0.364375 0.18666666666666668 0.02875
0 0.7891666666666667 0.31 0.2016666666666667 0.03
0 0.4866666666666667 0.308125 0.18333333333333335 0.02875
0 0.195 0.30875 0.19333333333333336 0.03
0 0.7833333333333334 0.253125 0.18333333333333335 0.02875
0 0.4783333333333334 0.251875 0.16666666666666669 0.02875
0 0.18833333333333335 0.251875 0.18333333333333335 0.03125
0 0.7825000000000001 0.19625 0.18500000000000003 0.03
0 0.48333333333333334 0.19375 0.18000000000000002 0.03
0 0.19 0.195625 0.18000000000000002 0.03125
0 0.7875000000000001 0.13875 0.195 0.0325
0 0.4916666666666667 0.136875 0.19333333333333336 0.02875
0 0.18833333333333335 0.140625 0.19333333333333336 0.03625
0 0.7941666666666667 0.935625 0.20833333333333334 0.03375
