0 0.5283333333333333 0.93625 0.2066666666666667 0.035
0 0.8266666666666668 0.93125 0.2 0.03
0 0.23583333333333334 0.878125 0.2016666666666667 0.02875
0 0.54 0.875 0.18000000000000002 0.03
0 0.8108333333333334 0.8768750000000001 0.22833333333333336 0.03125
0 0.23583333333333334 0.820625 0.195 0.02875
0 0.5441666666666667 0.818125 0.16833333333333333 0.02875
0 0.8241666666666667 0.8175 0.2016666666666667 0.03
0 0.2341666666666667 0.764375 0.2016666666666667 0.02875
0 0.5375000000000001 0.764375 0.17833333333333334 0.03375
0 0.8233333333333334 0.760625 0.2 0.02875
0 0.23500000000000001 0.706875 0.19666666666666668 0.02875
0 0.535 0.7056250000000001 0.18666666666666668 0.03125
0 0.8266666666666668 0.704375 0.19 0.02875
0 0.21666666666666667 0.65125 0.23 0.0325
0 0.5466666666666667 0.6481250000000001 0.16 0.02875
0 0.8291666666666667 0.6481250000000001 0.18833333333333335 0.03125
0 0.22083333333333335 0.594375 0.22833333333333336 0.03125
0 0.5425 0.591875 0.1716666666666667 0.03125
0 0.8408333333333334 0.59 0.15833333333333335 0.03
0 0.23083333333333333 0.538125 0.20500000000000002 0.02875
0 0.5291666666666667 0.535 0.195 0.03
0 0.8308333333333334 0.53625 0.17833333333333334 0.035
0 0.22916666666666669 0.48125 0.20833333333333334 0.03
0 0.5266666666666667 0.478125 0.19 0.02875
0 0.8266666666666668 0.47625 0.18333333333333335 0.03
0 0.24916666666666668 0.42625 0.165 0.03
0 0.5441666666666667 0.420625 0.19833333333333333 0.03125
0 0.24333333333333335 0.37 0.17 0.03
0 0.5425 0.364375 0.16166666666666668 0.03125
0 0.2316666666666667 0.31125 0.20333333333333334 0.03
0 0.53 0.308125 0.19 0.03125
0 0.8216666666666668 0.305625 0.19333333333333336 0.02875
0 0.23333333333333334 0.255 0.19666666666666668 0.03
0 0.5325000000000001 0.250625 0.21166666666666667 0.03125
0 0.8400000000000001 0.2475 0.16 0.03
0 0.24000000000000002 0.19875 0.17666666666666667 0.03
0 0.535 0.194375 0.21000000000000002 0.03125
0 0.8291666666666667 0.19187500000000002 0.18166666666666667 0.03125
0 0.22666666666666668 0.14125000000000001 0.2066666666666667 0.0325
0 0.5408333333333334 0.13625 0.16166666666666668 0.0325
0 0.8258333333333334 0.135625 0.18833333333333335 0.03625
0 0.8258333333333334 0.36875 0.19166666666666668 0.04
0 0.8291666666666667 0.4225 0.18500000000000003 0.04
0 0.24000000000000002 0.935 0.21666666666666667 0.0425
