0 0.81 0.93125 0.16333333333333333 0.03
0 0.7983333333333333 0.874375 0.19 0.02875
0 0.19416666666666668 0.87 0.2016666666666667 0.03
0 0.51 0.870625 0.17 0.03125
0 0.8075000000000001 0.81625 0.1716666666666667 0.03
0 0.515 0.81375 0.16666666666666669 0.0325
0 0.20833333333333334 0.811875 0.18333333333333335 0.02875
0 0.79 0.75875 0.21000000000000002 0.03
0 0.21750000000000003 0.755 0.165 0.03
0 0.4991666666666667 0.754375 0.2016666666666667 0.03125
0 0.8008333333333334 0.701875 0.18500000000000003 0.02875
0 0.5016666666666667 0.699375 0.19333333333333336 0.02875
0 0.21916666666666668 0.698125 0.15833333333333335 0.03125
0 0.8025000000000001 0.6431250000000001 0.18833333333333335 0.02875
0 0.5216666666666667 0.64125 0.15666666666666668 0.03
0 0.21500000000000002 0.640625 0.16666666666666669 0.03125
0 0.8008333333333334 0.588125 0.19166666666666668 0.03125
0 0.5175000000000001 0.584375 0.16833333333333333 0.02875
0 0.21166666666666667 0.584375 0.18000000000000002 0.03125
0 0.8041666666666667 0.530625 0.18500000000000003 0.03125
0 0.5016666666666667 0.529375 0.19333333333333336 0.03375
0 0.2016666666666667 0.5275 0.20333333333333334 0.0325
0 0.7991666666666667 0.474375 0.19833333333333333 0.03125
0 0.5125000000000001 0.471875 0.1716666666666667 0.02875
0 0.20833333333333334 0.47000000000000003 0.18666666666666668 0.03
0 0.8141666666666667 0.4175 0.16833333333333333 0.0325
0 0.505 0.41375 0.19666666666666668 0.03
0 0.20750000000000002 0.413125 0.18833333333333335 0.02875
0 0.8066666666666668 0.36 0.18666666666666668 0.0325
0 0.5033333333333334 0.358125 0.19666666666666668 0.02875
0 0.21916666666666668 0.35625 0.165 0.03
0 0.8200000000000001 0.30312500000000003 0.16333333333333333 0.03125
0 0.5058333333333334 0.301875 0.19833333333333333 0.03125
0 0.2066666666666667 0.299375 0.19333333333333336 0.02875
0 0.8108333333333334 0.244375 0.17833333333333334 0.02875
0 0.5041666666666667 0.24375 0.19833333333333333 0.03
0 0.20333333333333334 0.240625 0.20333333333333334 0.03375
0 0.8041666666666667 0.1875 0.19166666666666668 0.03
0 0.5183333333333333 0.18625 0.17333333333333334 0.03
0 0.21166666666666667 0.185 0.18000000000000002 0.035
0 0.5091666666666667 0.128125 0.18833333333333335 0.03125
0 0.20583333333333334 0.1275 0.19833333333333333 0.035
0 0.7983333333333333 0.1325 0.21666666666666667 0.0325
0 0.4941666666666667 0.933125 0.2016666666666667 0.04125
0 0.19666666666666668 0.928125 0.20333333333333334 0.02875
