0 0.4591666666666667 0.9225 0.18166666666666667 0.03
0 0.1691666666666667 0.9225 0.2016666666666667 0.0325
0 0.7716666666666667 0.865 0.21333333333333335 0.03
0 0.15583333333333335 0.864375 0.16833333333333333 0.02875
0 0.455 0.863125 0.17 0.03125
0 0.765 0.80875 0.2 0.0325
0 0.165 0.806875 0.18666666666666668 0.03125
0 0.465 0.80625 0.19333333333333336 0.0325
0 0.7575000000000001 0.750625 0.18500000000000003 0.03125
0 0.15416666666666667 0.749375 0.16166666666666668 0.03125
0 0.4633333333333334 0.748125 0.19 0.03125
0 0.7658333333333334 0.69375 0.2016666666666667 0.03
0 0.45333333333333337 0.691875 0.16333333333333333 0.03125
0 0.18166666666666667 0.690625 0.21666666666666667 0.02875
0 0.76 0.63625 0.18000000000000002 0.03
0 0.465 0.634375 0.18666666666666668 0.03125
0 0.1675 0.63375 0.18833333333333335 0.03
0 0.765 0.579375 0.19666666666666668 0.03125
0 0.46416666666666667 0.57875 0.18166666666666667 0.03
0 0.165 0.576875 0.17666666666666667 0.03125
0 0.7766666666666667 0.521875 0.21000000000000002 0.03125
0 0.4683333333333334 0.52125 0.19333333333333336 0.03
0 0.15916666666666668 0.52 0.16833333333333333 0.03
0 0.7583333333333334 0.465 0.18000000000000002 0.03
0 0.16166666666666668 0.46375 0.16333333333333333 0.0325
0 0.4625 0.463125 0.17833333333333334 0.03125
0 0.77 0.408125 0.20333333333333334 0.03125
0 0.4633333333333334 0.406875 0.18000000000000002 0.03125
0 0.17583333333333334 0.405625 0.19833333333333333 0.03125
0 0.7625000000000001 0.35125 0.18166666666666667 0.03
0 0.4658333333333334 0.35000000000000003 0.18500000000000003 0.03
0 0.17583333333333334 0.348125 0.18833333333333335 0.02875
0 0.7633333333333334 0.29375 0.18666666666666668 0.03
0 0.4691666666666667 0.2925 0.18500000000000003 0.03
0 0.17833333333333334 0.290625 0.20333333333333334 0.02875
0 0.765 0.236875 0.22 0.03125
0 0.4716666666666667 0.235625 0.19 0.02875
0 0.17916666666666667 0.23375 0.19833333333333333 0.03
0 0.7658333333333334 0.17875 0.18833333333333335 0.0325
0 0.47000000000000003 0.1775 0.18333333333333335 0.03
0 0.17083333333333334 0.178125 0.18500000000000003 0.03375
0 0.7766666666666667 0.12125 0.2066666666666667 0.0325
0 0.465 0.12125 0.17666666666666667 0.0325
0 0.1675 0.12125 0.17500000000000002 0.0375
0 0.7575000000000001 0.921875 0.195 0.03625
