0 0.4691666666666667 0.656875 0.225 0.03625
0 0.21916666666666668 0.6531250000000001 0.225 0.03375
0 0.7208333333333333 0.6 0.22166666666666668 0.035
0 0.4758333333333334 0.60375 0.2316666666666667 0.03
0 0.21916666666666668 0.605625 0.22833333333333336 0.03625
0 0.22083333333333335 0.5525 0.22833333333333336 0.0325
0 0.4708333333333334 0.551875 0.21833333333333335 0.03625
0 0.7233333333333334 0.505625 0.22 0.03625
0 0.47250000000000003 0.49875 0.225 0.035
0 0.22 0.499375 0.22333333333333336 0.03625
0 0.7275 0.450625 0.23500000000000001 0.03375
0 0.4683333333333334 0.45437500000000003 0.21000000000000002 0.03625
0 0.21916666666666668 0.45 0.22166666666666668 0.03
0 0.7258333333333333 0.401875 0.22833333333333336 0.03125
0 0.4683333333333334 0.4 0.21333333333333335 0.0375
0 0.22416666666666668 0.39937500000000004 0.225 0.03625
0 0.7300000000000001 0.34625 0.23333333333333334 0.0375
0 0.2225 0.348125 0.21500000000000002 0.02875
0 0.465 0.2975 0.21333333333333335 0.03
0 0.22333333333333336 0.30312500000000003 0.21333333333333335 0.03875
0 0.7233333333333334 0.29625 0.21666666666666667 0.035
0 0.22833333333333336 0.25625 0.21666666666666667 0.035
0 0.7275 0.25 0.22833333333333336 0.035
0 0.4716666666666667 0.248125 0.22 0.03375
0 0.23083333333333333 0.20500000000000002 0.21500000000000002 0.04
0 0.4591666666666667 0.198125 0.19166666666666668 0.03375
0 0.7300000000000001 0.1975 0.23 0.045
0 0.47000000000000003 0.344375 0.21666666666666667 0.03375
0 0.7308333333333333 0.655 0.24500000000000002 0.04
0 0.7300000000000001 0.551875 0.2366666666666667 0.03375
