0 0.16833333333333333 0.914375 0.18666666666666668 0.03125
0 0.48000000000000004 0.91125 0.21666666666666667 0.035
0 0.45833333333333337 0.85375 0.16666666666666669 0.03
0 0.17750000000000002 0.855 0.20500000000000002 0.03
0 0.7683333333333334 0.854375 0.20333333333333334 0.03625
0 0.1691666666666667 0.7987500000000001 0.18833333333333335 0.0325
0 0.48250000000000004 0.79625 0.21833333333333335 0.03
0 0.7541666666666668 0.795 0.18166666666666667 0.03
0 0.7508333333333334 0.73875 0.1716666666666667 0.03
0 0.48250000000000004 0.739375 0.20833333333333334 0.02875
0 0.16416666666666668 0.74 0.1716666666666667 0.03
0 0.17916666666666667 0.68375 0.20833333333333334 0.03
0 0.4608333333333334 0.6825 0.17833333333333334 0.03
0 0.7608333333333334 0.681875 0.19833333333333333 0.03125
0 0.15833333333333335 0.628125 0.16 0.02875
0 0.7666666666666667 0.6275000000000001 0.2066666666666667 0.0325
0 0.46416666666666667 0.625625 0.18166666666666667 0.02875
0 0.17083333333333334 0.571875 0.17833333333333334 0.02875
0 0.7616666666666667 0.570625 0.2 0.03125
0 0.4708333333333334 0.56875 0.195 0.03
0 0.15916666666666668 0.514375 0.16833333333333333 0.03125
0 0.4808333333333334 0.5125 0.21833333333333335 0.03
0 0.7625000000000001 0.511875 0.2016666666666667 0.03375
0 0.16833333333333333 0.4575 0.18333333333333335 0.03
0 0.4666666666666667 0.45625 0.19 0.03
0 0.7483333333333334 0.455 0.2 0.03
0 0.47500000000000003 0.400625 0.2 0.03125
0 0.7366666666666667 0.39937500000000004 0.18000000000000002 0.02875
0 0.4591666666666667 0.34375 0.1716666666666667 0.0275
0 0.18000000000000002 0.344375 0.21000000000000002 0.02875
0 0.7425 0.343125 0.21166666666666667 0.03125
0 0.17750000000000002 0.286875 0.20500000000000002 0.02875
0 0.4675 0.286875 0.18833333333333335 0.02875
0 0.7566666666666667 0.28500000000000003 0.23333333333333334 0.03
0 0.45583333333333337 0.23125 0.1716666666666667 0.0325
0 0.18000000000000002 0.23 0.21333333333333335 0.03
0 0.745 0.22875 0.2066666666666667 0.03
0 0.4525 0.17250000000000001 0.15833333333333335 0.03
0 0.1625 0.173125 0.18166666666666667 0.03125
0 0.7408333333333333 0.17250000000000001 0.20500000000000002 0.0325
0 0.455 0.115 0.17333333333333334 0.03
0 0.18166666666666667 0.11750000000000001 0.21666666666666667 0.0375
0 0.14500000000000002 0.401875 0.14333333333333334 0.03875
0 0.7691666666666667 0.915625 0.21166666666666667 0.04125
