0 0.18000000000000002 0.9125 0.17666666666666667 0.03
0 0.7666666666666667 0.91125 0.17 0.03
0 0.4758333333333334 0.91 0.1716666666666667 0.03
0 0.195 0.853125 0.2066666666666667 0.02875
0 0.4758333333333334 0.8525 0.1716666666666667 0.03
0 0.7708333333333334 0.851875 0.17500000000000002 0.02875
0 0.7658333333333334 0.79625 0.16833333333333333 0.03
0 0.19583333333333336 0.796875 0.20833333333333334 0.03125
0 0.49333333333333335 0.795 0.2066666666666667 0.03
0 0.7725000000000001 0.740625 0.1716666666666667 0.02875
0 0.4766666666666667 0.738125 0.16333333333333333 0.02875
0 0.2 0.739375 0.21333333333333335 0.03125
0 0.7875000000000001 0.6825 0.2016666666666667 0.0325
0 0.4783333333333334 0.68375 0.17 0.03
0 0.2025 0.6825 0.20833333333333334 0.03
0 0.7825000000000001 0.6275000000000001 0.2016666666666667 0.0325
0 0.48500000000000004 0.625625 0.18666666666666668 0.03125
0 0.18000000000000002 0.626875 0.16666666666666669 0.03125
0 0.7783333333333334 0.57125 0.19 0.0325
0 0.4816666666666667 0.5700000000000001 0.17333333333333334 0.03
0 0.19166666666666668 0.569375 0.19333333333333336 0.03125
0 0.7608333333333334 0.513125 0.155 0.02875
0 0.49583333333333335 0.513125 0.20500000000000002 0.03125
0 0.20333333333333334 0.5125 0.21666666666666667 0.03
0 0.7725000000000001 0.45687500000000003 0.17833333333333334 0.03125
0 0.49500000000000005 0.455625 0.2 0.02875
0 0.20333333333333334 0.45625 0.21333333333333335 0.0325
0 0.7791666666666667 0.4 0.18500000000000003 0.03
0 0.48000000000000004 0.4 0.17333333333333334 0.0325
0 0.19333333333333336 0.39937500000000004 0.18666666666666668 0.02875
0 0.765 0.343125 0.16 0.02875
0 0.4891666666666667 0.3425 0.19166666666666668 0.03
0 0.18166666666666667 0.341875 0.17 0.02875
0 0.7608333333333334 0.28750000000000003 0.15166666666666667 0.0325
0 0.49500000000000005 0.28625 0.20333333333333334 0.03
0 0.195 0.285625 0.19333333333333336 0.02875
0 0.7658333333333334 0.230625 0.16166666666666668 0.03125
0 0.4816666666666667 0.22875 0.21000000000000002 0.03
0 0.1875 0.228125 0.18166666666666667 0.02875
0 0.8058333333333334 0.173125 0.24166666666666667 0.02875
0 0.4733333333333334 0.17250000000000001 0.18666666666666668 0.0325
0 0.18333333333333335 0.171875 0.17 0.03125
0 0.8083333333333333 0.11625 0.24666666666666667 0.0325
0 0.4741666666666667 0.11625 0.16166666666666668 0.0325
0 0.19583333333333336 0.11812500000000001 0.19833333333333333 0.03625
