0 0.17333333333333334 0.9325 0.14333333333333334 0.03
0 0.48833333333333334 0.9275 0.17666666666666667 0.035
0 0.18166666666666667 0.875 0.16 0.03
0 0.4866666666666667 0.87125 0.17333333333333334 0.03
0 0.7908333333333334 0.86875 0.20500000000000002 0.03
0 0.18583333333333335 0.8175 0.1716666666666667 0.0275
0 0.49000000000000005 0.8150000000000001 0.18333333333333335 0.0275
0 0.7908333333333334 0.813125 0.19833333333333333 0.02875
0 0.19083333333333335 0.76 0.17833333333333334 0.0275
0 0.48500000000000004 0.756875 0.17666666666666667 0.02875
0 0.7858333333333334 0.755625 0.195 0.02875
0 0.19416666666666668 0.7025 0.18833333333333335 0.03
0 0.4758333333333334 0.700625 0.15833333333333335 0.02875
0 0.7883333333333333 0.6975 0.20333333333333334 0.03
0 0.19166666666666668 0.645 0.18333333333333335 0.0325
0 0.4741666666666667 0.64125 0.155 0.0275
0 0.8066666666666668 0.64125 0.24000000000000002 0.0275
0 0.18083333333333335 0.589375 0.16166666666666668 0.02875
0 0.4916666666666667 0.5856250000000001 0.19333333333333336 0.02875
0 0.8008333333333334 0.584375 0.225 0.03125
0 0.19833333333333333 0.531875 0.19666666666666668 0.02875
0 0.49500000000000005 0.528125 0.2 0.02875
0 0.7825000000000001 0.526875 0.195 0.03125
0 0.21500000000000002 0.47375 0.2366666666666667 0.03
0 0.4891666666666667 0.471875 0.19166666666666668 0.02875
0 0.7683333333333334 0.470625 0.16666666666666669 0.02875
0 0.17500000000000002 0.416875 0.15666666666666668 0.02875
0 0.4716666666666667 0.41625 0.15333333333333335 0.03
0 0.7825000000000001 0.413125 0.19833333333333333 0.02875
0 0.18250000000000002 0.36062500000000003 0.19833333333333333 0.03125
0 0.47750000000000004 0.3575 0.16833333333333333 0.0275
0 0.7691666666666667 0.355625 0.1716666666666667 0.02875
0 0.19 0.3025 0.22 0.03
0 0.48500000000000004 0.30062500000000003 0.18666666666666668 0.02875
0 0.7783333333333334 0.299375 0.19 0.02875
0 0.19 0.245625 0.19333333333333336 0.03125
0 0.48500000000000004 0.244375 0.18333333333333335 0.02875
0 0.7591666666666668 0.241875 0.14833333333333334 0.02875
0 0.17583333333333334 0.19 0.16166666666666668 0.03
0 0.4766666666666667 0.18625 0.17333333333333334 0.03
0 0.7616666666666667 0.18375 0.15666666666666668 0.0325
0 0.47250000000000003 0.129375 0.16166666666666668 0.02875
0 0.7741666666666667 0.125 0.18500000000000003 0.03
0 0.18666666666666668 0.129375 0.18333333333333335 0.03375
0 0.79 0.9275 0.19333333333333336 0.0325
