0 0.48250000000000004 0.920625 0.195 0.03125
0 0.18583333333333335 0.920625 0.19166666666666668 0.02875
0 0.7766666666666667 0.8625 0.19666666666666668 0.0275
0 0.4866666666666667 0.8618750000000001 0.19666666666666668 0.02875
0 0.18250000000000002 0.8625 0.18833333333333335 0.03
0 0.7725000000000001 0.80375 0.18833333333333335 0.0275
0 0.5008333333333334 0.805 0.22166666666666668 0.0325
0 0.1675 0.805 0.15833333333333335 0.03
0 0.7758333333333334 0.74875 0.195 0.03
0 0.4916666666666667 0.7475 0.2066666666666667 0.0275
0 0.18500000000000003 0.7475 0.19 0.03
0 0.7833333333333334 0.690625 0.21666666666666667 0.02875
0 0.48333333333333334 0.689375 0.19333333333333336 0.02875
0 0.19083333333333335 0.690625 0.19833333333333333 0.02875
0 0.7708333333333334 0.633125 0.19166666666666668 0.02875
0 0.46 0.633125 0.14666666666666667 0.02875
0 0.20500000000000002 0.633125 0.26666666666666666 0.02875
0 0.77 0.5806250000000001 0.18666666666666668 0.03375
0 0.4691666666666667 0.57625 0.16166666666666668 0.0275
0 0.17 0.57625 0.15666666666666668 0.03
0 0.7725000000000001 0.52 0.195 0.0275
0 0.4816666666666667 0.52 0.19 0.03
0 0.18916666666666668 0.52 0.195 0.03
0 0.7816666666666667 0.46375 0.2066666666666667 0.0275
0 0.4841666666666667 0.46375 0.195 0.03
0 0.18000000000000002 0.4625 0.17666666666666667 0.0275
0 0.7616666666666667 0.406875 0.17 0.02875
0 0.4783333333333334 0.406875 0.18333333333333335 0.02875
0 0.18083333333333335 0.406875 0.17833333333333334 0.02875
0 0.7716666666666667 0.354375 0.18666666666666668 0.03375
0 0.46166666666666667 0.35125 0.15000000000000002 0.03
0 0.18083333333333335 0.35000000000000003 0.225 0.0275
0 0.7641666666666667 0.293125 0.17500000000000002 0.02875
0 0.4816666666666667 0.29375 0.19 0.03
0 0.16166666666666668 0.29375 0.17333333333333334 0.03
0 0.48250000000000004 0.236875 0.19166666666666668 0.02875
0 0.775 0.236875 0.19666666666666668 0.03125
0 0.7716666666666667 0.179375 0.19 0.03125
0 0.4816666666666667 0.183125 0.18666666666666668 0.03375
0 0.1691666666666667 0.17875 0.155 0.0275
0 0.7708333333333334 0.1225 0.18500000000000003 0.0325
0 0.4733333333333334 0.121875 0.17333333333333334 0.02875
0 0.16333333333333333 0.125 0.14666666666666667 0.0325
0 0.16333333333333333 0.23750000000000002 0.15333333333333335 0.03
0 0.7775000000000001 0.918125 0.19166666666666668 0.03125
