0 0.8016666666666667 0.93 0.2 0.03
0 0.5158333333333334 0.928125 0.19166666666666668 0.03125
0 0.8116666666666668 0.874375 0.18000000000000002 0.03125
0 0.225 0.8718750000000001 0.19 0.02875
0 0.5241666666666667 0.873125 0.17500000000000002 0.03125
0 0.81 0.81875 0.17666666666666667 0.0275
0 0.24250000000000002 0.8175 0.15833333333333335 0.03
0 0.5225000000000001 0.816875 0.17833333333333334 0.02875
0 0.2225 0.76125 0.2016666666666667 0.03
0 0.5308333333333334 0.761875 0.16166666666666668 0.02875
0 0.8133333333333334 0.7625000000000001 0.17666666666666667 0.03
0 0.8141666666666667 0.708125 0.17500000000000002 0.02875
0 0.21916666666666668 0.706875 0.20833333333333334 0.03125
0 0.5108333333333334 0.706875 0.20500000000000002 0.02875
0 0.8108333333333334 0.65375 0.18166666666666667 0.0275
0 0.5208333333333334 0.65125 0.18166666666666667 0.0275
0 0.23500000000000001 0.65125 0.18000000000000002 0.03
0 0.8016666666666667 0.598125 0.19666666666666668 0.02875
0 0.5308333333333334 0.596875 0.165 0.02875
0 0.23833333333333334 0.595 0.17333333333333334 0.03
0 0.8125 0.543125 0.18166666666666667 0.02875
0 0.5175000000000001 0.541875 0.195 0.02875
0 0.21583333333333335 0.54 0.21500000000000002 0.03
0 0.8125 0.48812500000000003 0.18166666666666667 0.02875
0 0.5066666666666667 0.48625 0.21666666666666667 0.0275
0 0.22916666666666669 0.48375 0.195 0.03
0 0.8183333333333334 0.433125 0.17666666666666667 0.02875
0 0.5316666666666667 0.43125 0.16333333333333333 0.03
0 0.24250000000000002 0.42875 0.16833333333333333 0.03
0 0.8116666666666668 0.37625000000000003 0.19666666666666668 0.03
0 0.5258333333333334 0.375625 0.18166666666666667 0.02875
0 0.24000000000000002 0.37375 0.17 0.03
0 0.8225 0.32125 0.16833333333333333 0.03
0 0.5316666666666667 0.32 0.17666666666666667 0.03
0 0.23583333333333334 0.3175 0.17833333333333334 0.03
0 0.8116666666666668 0.26625 0.19666666666666668 0.03
0 0.5083333333333334 0.26375 0.22333333333333336 0.03
0 0.21583333333333335 0.26125 0.22166666666666668 0.03
0 0.8150000000000001 0.210625 0.19 0.02875
0 0.5291666666666667 0.208125 0.17500000000000002 0.02875
0 0.23750000000000002 0.20500000000000002 0.18166666666666667 0.03
0 0.5158333333333334 0.153125 0.20500000000000002 0.03125
0 0.2516666666666667 0.148125 0.15666666666666668 0.03375
0 0.8266666666666668 0.15625 0.17333333333333334 0.0325
0 0.21416666666666667 0.9293750000000001 0.20500000000000002 0.03375
