0 0.5041666666666667 0.9343750000000001 0.21833333333333335 0.03125
0 0.21333333333333335 0.93375 0.23 0.03
0 0.7975000000000001 0.8768750000000001 0.225 0.03125
0 0.4941666666666667 0.87625 0.20500000000000002 0.03
0 0.2025 0.875625 0.21500000000000002 0.03125
0 0.5091666666666667 0.81875 0.2316666666666667 0.03
0 0.18500000000000003 0.819375 0.17333333333333334 0.02875
0 0.79 0.820625 0.2066666666666667 0.03375
0 0.7933333333333333 0.761875 0.21666666666666667 0.02875
0 0.51 0.761875 0.23333333333333334 0.03125
0 0.2 0.76125 0.20333333333333334 0.03
0 0.1875 0.704375 0.17500000000000002 0.02875
0 0.5141666666666667 0.70375 0.24166666666666667 0.03
0 0.7891666666666667 0.704375 0.21166666666666667 0.03125
0 0.77 0.64875 0.17 0.03
0 0.48750000000000004 0.6481250000000001 0.18166666666666667 0.02875
0 0.18333333333333335 0.6475 0.17333333333333334 0.03
0 0.79 0.59125 0.2066666666666667 0.0325
0 0.48500000000000004 0.5906250000000001 0.18000000000000002 0.02875
0 0.21416666666666667 0.5906250000000001 0.22166666666666668 0.02875
0 0.7875000000000001 0.534375 0.20500000000000002 0.02875
0 0.48250000000000004 0.5337500000000001 0.17500000000000002 0.03
0 0.19 0.534375 0.18000000000000002 0.02875
0 0.79 0.478125 0.21333333333333335 0.03125
0 0.49833333333333335 0.478125 0.2066666666666667 0.02875
0 0.21166666666666667 0.47750000000000004 0.22333333333333336 0.03
0 0.7733333333333334 0.420625 0.17666666666666667 0.03125
0 0.49750000000000005 0.419375 0.20500000000000002 0.02875
0 0.19083333333333335 0.420625 0.18833333333333335 0.03125
0 0.7708333333333334 0.364375 0.1716666666666667 0.03375
0 0.5016666666666667 0.364375 0.21333333333333335 0.02875
0 0.19833333333333333 0.36375 0.20333333333333334 0.03
0 0.765 0.308125 0.16 0.02875
0 0.49833333333333335 0.30875 0.21000000000000002 0.0325
0 0.19083333333333335 0.306875 0.18166666666666667 0.02875
0 0.7833333333333334 0.25 0.19 0.03
0 0.48250000000000004 0.249375 0.1716666666666667 0.02875
0 0.2 0.251875 0.20333333333333334 0.03375
0 0.7716666666666667 0.1925 0.17333333333333334 0.03
0 0.48000000000000004 0.19375 0.17 0.0325
0 0.16583333333333333 0.19375 0.135 0.0325
0 0.77 0.135625 0.16333333333333333 0.02875
0 0.47750000000000004 0.135 0.2016666666666667 0.03
0 0.18166666666666667 0.135625 0.17 0.03625
0 0.805 0.9375 0.2366666666666667 0.04
