0 0.5041666666666667 0.928125 0.23833333333333334 0.03375
0 0.8258333333333334 0.926875 0.19833333333333333 0.03375
0 0.24333333333333335 0.8718750000000001 0.22333333333333336 0.03125
0 0.5258333333333334 0.86875 0.19833333333333333 0.03
0 0.8200000000000001 0.86875 0.2066666666666667 0.03
0 0.8275 0.810625 0.18166666666666667 0.02875
0 0.24500000000000002 0.758125 0.18333333333333335 0.03125
0 0.5133333333333334 0.755625 0.21000000000000002 0.02875
0 0.8191666666666667 0.753125 0.19833333333333333 0.02875
0 0.2016666666666667 0.701875 0.2566666666666667 0.02875
0 0.515 0.6975 0.21333333333333335 0.03
0 0.8150000000000001 0.69625 0.2066666666666667 0.03
0 0.22166666666666668 0.645 0.21666666666666667 0.03
0 0.5283333333333333 0.64125 0.18666666666666668 0.03
0 0.8150000000000001 0.63875 0.20333333333333334 0.03
0 0.21500000000000002 0.5875 0.22333333333333336 0.03
0 0.5166666666666667 0.584375 0.2066666666666667 0.02875
0 0.8216666666666668 0.583125 0.18666666666666668 0.02875
0 0.24416666666666667 0.530625 0.16833333333333333 0.02875
0 0.5325000000000001 0.528125 0.16833333333333333 0.02875
0 0.8133333333333334 0.52625 0.20333333333333334 0.03
0 0.22833333333333336 0.47375 0.2 0.0325
0 0.5266666666666667 0.471875 0.17666666666666667 0.03125
0 0.8008333333333334 0.468125 0.225 0.02875
0 0.225 0.418125 0.20333333333333334 0.03125
0 0.5233333333333333 0.41500000000000004 0.18000000000000002 0.03
0 0.8075000000000001 0.413125 0.2016666666666667 0.02875
0 0.20833333333333334 0.361875 0.23333333333333334 0.03125
0 0.51 0.358125 0.21333333333333335 0.02875
0 0.8083333333333333 0.35625 0.21000000000000002 0.03
0 0.21833333333333335 0.305 0.21000000000000002 0.03
0 0.4991666666666667 0.30125 0.22833333333333336 0.03
0 0.8033333333333333 0.29875 0.21666666666666667 0.03
0 0.21416666666666667 0.248125 0.21833333333333335 0.03375
0 0.5075000000000001 0.245 0.21500000000000002 0.03
0 0.8025000000000001 0.24125 0.21833333333333335 0.03
0 0.22166666666666668 0.19062500000000002 0.20333333333333334 0.03375
0 0.5016666666666667 0.18875 0.22333333333333336 0.0325
0 0.8025000000000001 0.185 0.21833333333333335 0.03
0 0.21250000000000002 0.1325 0.21833333333333335 0.0325
0 0.5216666666666667 0.13125 0.18000000000000002 0.0325
0 0.8125 0.13 0.18500000000000003 0.0375
0 0.22083333333333335 0.930625 0.22833333333333336 0.03625
0 0.4991666666666667 0.8150000000000001 0.23500000000000001 0.03
0 0.23583333333333334 0.81625 0.19833333333333333 0.0325
