0 0.8333333333333334 0.928125 0.21333333333333335 0.03375
0 0.5416666666666667 0.925625 0.2 0.02875
0 0.2541666666666667 0.870625 0.18833333333333335 0.02875
0 0.5408333333333334 0.869375 0.19166666666666668 0.02875
0 0.8441666666666667 0.870625 0.19166666666666668 0.02875
0 0.8308333333333334 0.8143750000000001 0.21500000000000002 0.03125
0 0.2541666666666667 0.813125 0.195 0.02875
0 0.5683333333333334 0.811875 0.14333333333333334 0.02875
0 0.24583333333333335 0.756875 0.20833333333333334 0.03125
0 0.525 0.755625 0.22333333333333336 0.02875
0 0.8450000000000001 0.7575000000000001 0.18000000000000002 0.03
0 0.25 0.7000000000000001 0.2 0.0325
0 0.8250000000000001 0.70125 0.22666666666666668 0.0325
0 0.5475 0.700625 0.17833333333333334 0.03125
0 0.2566666666666667 0.64375 0.18666666666666668 0.03
0 0.5375000000000001 0.6425 0.2016666666666667 0.03
0 0.8358333333333334 0.6431250000000001 0.19833333333333333 0.03125
0 0.24416666666666667 0.58875 0.20833333333333334 0.0325
0 0.5391666666666667 0.58625 0.19833333333333333 0.03
0 0.8358333333333334 0.58625 0.2016666666666667 0.03
0 0.24833333333333335 0.53 0.20333333333333334 0.03
0 0.5383333333333333 0.53 0.20333333333333334 0.03
0 0.8325 0.530625 0.19833333333333333 0.03375
0 0.2541666666666667 0.474375 0.18500000000000003 0.02875
0 0.5275000000000001 0.47500000000000003 0.22166666666666668 0.0325
0 0.8316666666666667 0.473125 0.2 0.02875
0 0.24750000000000003 0.4175 0.2016666666666667 0.03
0 0.5375000000000001 0.418125 0.20500000000000002 0.03125
0 0.8300000000000001 0.416875 0.21000000000000002 0.03125
0 0.24416666666666667 0.361875 0.2016666666666667 0.02875
0 0.5375000000000001 0.36062500000000003 0.19833333333333333 0.02875
0 0.8275 0.36062500000000003 0.21500000000000002 0.03125
0 0.27166666666666667 0.305 0.15333333333333335 0.03
0 0.5333333333333333 0.30375 0.21000000000000002 0.03
0 0.8425 0.30312500000000003 0.17833333333333334 0.02875
0 0.22583333333333336 0.2475 0.24500000000000002 0.03
0 0.5583333333333333 0.246875 0.16 0.02875
0 0.8375 0.24625 0.195 0.03
0 0.225 0.19062500000000002 0.24666666666666667 0.03125
0 0.5408333333333334 0.19 0.18833333333333335 0.03
0 0.8500000000000001 0.19062500000000002 0.17 0.03125
0 0.2275 0.134375 0.24166666666666667 0.03125
0 0.5325000000000001 0.134375 0.21166666666666667 0.03125
0 0.8441666666666667 0.133125 0.18500000000000003 0.02625
0 0.24250000000000002 0.9325 0.21833333333333335 0.04
