0 0.8033333333333333 0.9293750000000001 0.2 0.02875
0 0.5083333333333334 0.928125 0.2 0.02875
0 0.7891666666666667 0.8718750000000001 0.2316666666666667 0.02875
0 0.5091666666666667 0.869375 0.195 0.02875
0 0.21666666666666667 0.86875 0.19666666666666668 0.03
0 0.7766666666666667 0.81375 0.26 0.03
0 0.5025000000000001 0.813125 0.21166666666666667 0.03125
0 0.19666666666666668 0.8125 0.24333333333333335 0.0325
0 0.8266666666666668 0.7575000000000001 0.15666666666666668 0.0325
0 0.20916666666666667 0.755625 0.22166666666666668 0.03125
0 0.5041666666666667 0.755 0.21166666666666667 0.03
0 0.8066666666666668 0.7000000000000001 0.2 0.0325
0 0.1975 0.698125 0.24166666666666667 0.02875
0 0.505 0.6975 0.20333333333333334 0.03
0 0.8025000000000001 0.6431250000000001 0.20500000000000002 0.03125
0 0.24583333333333335 0.6425 0.14833333333333334 0.03
0 0.5366666666666667 0.641875 0.14333333333333334 0.02875
0 0.8075000000000001 0.58625 0.195 0.0325
0 0.23083333333333333 0.58375 0.17833333333333334 0.03
0 0.51 0.585 0.19333333333333336 0.03
0 0.8041666666666667 0.52875 0.20500000000000002 0.03
0 0.24333333333333335 0.5275 0.15666666666666668 0.03
0 0.5233333333333333 0.5275 0.17666666666666667 0.03
0 0.7983333333333333 0.47250000000000003 0.21666666666666667 0.03
0 0.22916666666666669 0.47125 0.18166666666666667 0.03
0 0.5091666666666667 0.470625 0.20500000000000002 0.03125
0 0.8183333333333334 0.416875 0.21666666666666667 0.02875
0 0.2275 0.413125 0.2316666666666667 0.02875
0 0.535 0.41375 0.15333333333333335 0.03
0 0.8058333333333334 0.359375 0.20500000000000002 0.02875
0 0.5283333333333333 0.356875 0.17 0.02875
0 0.22833333333333336 0.3575 0.22333333333333336 0.03
0 0.5116666666666667 0.301875 0.2 0.02875
0 0.81 0.3025 0.19333333333333336 0.03
0 0.23500000000000001 0.3 0.17666666666666667 0.03
0 0.7975000000000001 0.245625 0.21833333333333335 0.02875
0 0.4991666666666667 0.24375 0.225 0.03
0 0.21916666666666668 0.24375 0.2016666666666667 0.03
0 0.8025000000000001 0.1875 0.21833333333333335 0.03
0 0.5016666666666667 0.186875 0.22333333333333336 0.03125
0 0.2225 0.18625 0.195 0.03
0 0.24666666666666667 0.12875 0.14666666666666667 0.03
0 0.5166666666666667 0.13 0.19 0.0325
0 0.8016666666666667 0.13375 0.22333333333333336 0.03
0 0.21500000000000002 0.93 0.20333333333333334 0.0325
