0 0.7808333333333334 0.709375 0.24500000000000002 0.043750000000000004
0 0.7791666666666667 0.650625 0.24166666666666667 0.04125
0 0.48833333333333334 0.645625 0.22 0.04875
0 0.17333333333333334 0.633125 0.15000000000000002 0.03875
0 0.7841666666666667 0.468125 0.23833333333333334 0.03875
0 0.49000000000000005 0.47250000000000003 0.21666666666666667 0.0425
0 0.18333333333333335 0.458125 0.16333333333333333 0.03875
0 0.19 0.405 0.17 0.035
0 0.5016666666666667 0.4 0.23333333333333334 0.0525
0 0.7833333333333334 0.3525 0.22333333333333336 0.0425
0 0.5016666666666667 0.3525 0.23 0.04
0 0.7841666666666667 0.29375 0.22166666666666668 0.04
0 0.49750000000000005 0.285625 0.225 0.051250000000000004
0 0.18666666666666668 0.23375 0.16 0.04
0 0.7808333333333334 0.23375 0.21500000000000002 0.0425
0 0.49833333333333335 0.23 0.22333333333333336 0.035
0 0.785 0.170625 0.22 0.03875
0 0.4866666666666667 0.16625 0.2 0.045
0 0.18833333333333335 0.17625 0.16 0.04
0 0.19333333333333336 0.29375 0.16 0.04
0 0.1925 0.34875 0.165 0.0425
0 0.2066666666666667 0.5225 0.2 0.05
0 0.17416666666666666 0.578125 0.14166666666666666 0.04625
0 0.1675 0.688125 0.14166666666666666 0.04625
0 0.49333333333333335 0.52875 0.21666666666666667 0.0425
0 0.49333333333333335 0.5825 0.21666666666666667 0.0425
0 0.48833333333333334 0.7025 0.22 0.0475
0 0.7808333333333334 0.5875 0.23500000000000001 0.045
0 0.7858333333333334 0.52625 0.23500000000000001 0.045
0 0.7925000000000001 0.410625 0.23833333333333334 0.03875
