0 0.5775 0.93 0.16166666666666668 0.03
0 0.8691666666666668 0.9237500000000001 0.15833333333333335 0.03
0 0.27083333333333337 0.883125 0.19166666666666668 0.02875
0 0.5683333333333334 0.875 0.18000000000000002 0.03
0 0.8516666666666667 0.86875 0.18666666666666668 0.0325
0 0.26416666666666666 0.82875 0.20500000000000002 0.03
0 0.5650000000000001 0.820625 0.17666666666666667 0.03125
0 0.8408333333333334 0.8143750000000001 0.20500000000000002 0.02875
0 0.2833333333333333 0.7725 0.16333333333333333 0.03
0 0.55 0.765 0.21000000000000002 0.03
0 0.8608333333333333 0.758125 0.165 0.02875
0 0.2625 0.716875 0.2016666666666667 0.02875
0 0.5558333333333334 0.709375 0.18500000000000003 0.02875
0 0.8400000000000001 0.704375 0.20333333333333334 0.02875
0 0.26833333333333337 0.661875 0.18000000000000002 0.03125
0 0.5633333333333334 0.654375 0.17333333333333334 0.02875
0 0.8525 0.65 0.17500000000000002 0.03
0 0.275 0.6062500000000001 0.16666666666666669 0.03
0 0.5466666666666667 0.6 0.20333333333333334 0.03
0 0.8416666666666667 0.593125 0.19333333333333336 0.02875
0 0.25916666666666666 0.5525 0.19166666666666668 0.0325
0 0.56 0.5437500000000001 0.17 0.0275
0 0.8583333333333334 0.538125 0.14333333333333334 0.02875
0 0.27166666666666667 0.49625 0.16666666666666669 0.03
0 0.5575 0.489375 0.17500000000000002 0.02875
0 0.8316666666666667 0.485 0.2066666666666667 0.0325
0 0.2775 0.440625 0.14833333333333334 0.03125
0 0.5458333333333334 0.435 0.195 0.03
0 0.8300000000000001 0.42812500000000003 0.19666666666666668 0.02875
0 0.2575 0.384375 0.18500000000000003 0.02875
0 0.5483333333333333 0.378125 0.18000000000000002 0.02875
0 0.8308333333333334 0.371875 0.2016666666666667 0.02875
0 0.25333333333333335 0.32937500000000003 0.18000000000000002 0.02875
0 0.555 0.32375 0.17 0.03
0 0.8433333333333334 0.316875 0.17333333333333334 0.02875
0 0.2516666666666667 0.2725 0.19 0.03
0 0.5383333333333333 0.268125 0.19666666666666668 0.03125
0 0.8291666666666667 0.261875 0.19166666666666668 0.02875
0 0.24500000000000002 0.218125 0.19 0.03375
0 0.5375000000000001 0.211875 0.195 0.03125
0 0.8166666666666668 0.206875 0.21666666666666667 0.03125
0 0.25916666666666666 0.16 0.165 0.03
0 0.55 0.155 0.16666666666666669 0.03
0 0.8300000000000001 0.15125 0.19 0.04
0 0.26083333333333336 0.93875 0.21833333333333335 0.0375
