0 0.19416666666666668 0.928125 0.2516666666666667 0.03625
0 0.8225 0.925 0.21500000000000002 0.035
0 0.5016666666666667 0.9237500000000001 0.24000000000000002 0.035
0 0.1991666666666667 0.8668750000000001 0.2516666666666667 0.03625
0 0.5125000000000001 0.8618750000000001 0.22166666666666668 0.03375
0 0.7975000000000001 0.859375 0.255 0.03375
0 0.21166666666666667 0.806875 0.22666666666666668 0.03375
0 0.5058333333333334 0.80625 0.22833333333333336 0.0375
0 0.8033333333333333 0.803125 0.2366666666666667 0.03375
0 0.1975 0.74875 0.255 0.0325
0 0.5016666666666667 0.7475 0.22666666666666668 0.0325
0 0.22916666666666669 0.69125 0.19833333333333333 0.03
0 0.5216666666666667 0.6843750000000001 0.19666666666666668 0.03375
0 0.2225 0.63625 0.21166666666666667 0.0425
0 0.21916666666666668 0.5750000000000001 0.21166666666666667 0.03
0 0.5041666666666667 0.573125 0.21833333333333335 0.03375
0 0.21750000000000003 0.5175 0.225 0.03
0 0.7925000000000001 0.5181250000000001 0.23500000000000001 0.03375
0 0.5 0.515625 0.23 0.02875
0 0.49083333333333334 0.4625 0.23500000000000001 0.0275
0 0.21916666666666668 0.4625 0.22166666666666668 0.0325
0 0.7908333333333334 0.46187500000000004 0.2316666666666667 0.03125
0 0.5058333333333334 0.40875 0.20833333333333334 0.03
0 0.22166666666666668 0.406875 0.21666666666666667 0.02875
0 0.7866666666666667 0.406875 0.23 0.03375
0 0.22333333333333336 0.351875 0.21000000000000002 0.02875
0 0.5016666666666667 0.3525 0.22333333333333336 0.03
0 0.5008333333333334 0.29812500000000003 0.21833333333333335 0.03125
0 0.21916666666666668 0.296875 0.225 0.02875
0 0.5116666666666667 0.24375 0.19666666666666668 0.0275
0 0.22083333333333335 0.24375 0.22166666666666668 0.0275
0 0.22666666666666668 0.1925 0.2066666666666667 0.0275
0 0.505 0.1925 0.2066666666666667 0.03
0 0.2316666666666667 0.141875 0.2 0.03125
0 0.5008333333333334 0.13875 0.21500000000000002 0.03
0 0.7975000000000001 0.13875 0.18833333333333335 0.04
0 0.7925000000000001 0.19 0.2016666666666667 0.04
0 0.7941666666666667 0.244375 0.21166666666666667 0.04125
0 0.7858333333333334 0.29812500000000003 0.22166666666666668 0.03375
0 0.7891666666666667 0.3525 0.22833333333333336 0.035
0 0.7966666666666667 0.573125 0.23333333333333334 0.04125
0 0.7975000000000001 0.6275000000000001 0.23500000000000001 0.04
0 0.7891666666666667 0.68875 0.24166666666666667 0.045
0 0.8175 0.743125 0.21166666666666667 0.03875
0 0.5283333333333333 0.6225 0.18333333333333335 0.0425
