0 0.4708333333333334 0.9125 0.25833333333333336 0.0325
0 0.14750000000000002 0.9125 0.2016666666666667 0.035
0 0.46166666666666667 0.851875 0.24000000000000002 0.03625
0 0.16833333333333333 0.8475 0.24000000000000002 0.035
0 0.18333333333333335 0.78625 0.26333333333333336 0.0325
0 0.4566666666666667 0.785625 0.22666666666666668 0.03375
0 0.14750000000000002 0.723125 0.195 0.03625
0 0.465 0.7212500000000001 0.2366666666666667 0.035
0 0.7633333333333334 0.66125 0.23333333333333334 0.035
0 0.45583333333333337 0.660625 0.21833333333333335 0.03375
0 0.15666666666666668 0.6575 0.2066666666666667 0.0375
0 0.1691666666666667 0.599375 0.22833333333333336 0.03125
0 0.4666666666666667 0.598125 0.24000000000000002 0.03125
0 0.7666666666666667 0.5925 0.24666666666666667 0.045
0 0.7391666666666667 0.5437500000000001 0.19166666666666668 0.035
0 0.45083333333333336 0.536875 0.2016666666666667 0.03125
0 0.1675 0.53625 0.22833333333333336 0.0325
0 0.4566666666666667 0.478125 0.2066666666666667 0.03125
0 0.18333333333333335 0.478125 0.25 0.03125
0 0.4708333333333334 0.42125 0.24166666666666667 0.035
0 0.165 0.418125 0.21333333333333335 0.03375
0 0.765 0.36625 0.24333333333333335 0.035
0 0.4575 0.359375 0.21166666666666667 0.03125
0 0.15166666666666667 0.3575 0.18333333333333335 0.03
0 0.7641666666666667 0.31 0.24500000000000002 0.035
0 0.18000000000000002 0.30062500000000003 0.23333333333333334 0.03375
0 0.7483333333333334 0.24875 0.2066666666666667 0.0325
0 0.17750000000000002 0.24125 0.225 0.03
0 0.1625 0.1825 0.18833333333333335 0.035
0 0.14750000000000002 0.130625 0.15166666666666667 0.02875
0 0.16833333333333333 0.07062500000000001 0.21000000000000002 0.04125
0 0.455 0.07875 0.2066666666666667 0.05
0 0.4808333333333334 0.14125000000000001 0.255 0.05
0 0.4891666666666667 0.19 0.25833333333333336 0.0325
0 0.4783333333333334 0.244375 0.24333333333333335 0.04125
0 0.4683333333333334 0.3 0.22333333333333336 0.04
0 0.7541666666666668 0.4225 0.21500000000000002 0.04
0 0.7475 0.478125 0.21500000000000002 0.03875
0 0.7891666666666667 0.72375 0.28833333333333333 0.035
0 0.7875000000000001 0.7825 0.2916666666666667 0.045
0 0.8200000000000001 0.843125 0.3566666666666667 0.03125
0 0.8250000000000001 0.9075 0.35000000000000003 0.0425
0 0.7425 0.09 0.21166666666666667 0.035
0 0.7333333333333334 0.14125000000000001 0.18000000000000002 0.035
0 0.7741666666666667 0.196875 0.26833333333333337 0.04125
