0 0.5308333333333334 0.9243750000000001 0.24500000000000002 0.03125
0 0.8541666666666667 0.925625 0.19166666666666668 0.03375
0 0.22916666666666669 0.870625 0.26833333333333337 0.03125
0 0.5308333333333334 0.8668750000000001 0.24500000000000002 0.03125
0 0.8608333333333333 0.865625 0.17500000000000002 0.03375
0 0.26 0.813125 0.21000000000000002 0.02875
0 0.5525 0.811875 0.19833333333333333 0.02875
0 0.8233333333333334 0.81 0.24000000000000002 0.03
0 0.24500000000000002 0.7575000000000001 0.24000000000000002 0.03
0 0.5316666666666667 0.754375 0.2366666666666667 0.02875
0 0.8441666666666667 0.75375 0.2016666666666667 0.03
0 0.24583333333333335 0.699375 0.22833333333333336 0.02875
0 0.5466666666666667 0.696875 0.19666666666666668 0.02875
0 0.8325 0.69625 0.21833333333333335 0.03
0 0.26 0.6425 0.21000000000000002 0.03
0 0.5583333333333333 0.640625 0.17666666666666667 0.02875
0 0.8091666666666667 0.641875 0.25833333333333336 0.03125
0 0.26583333333333337 0.586875 0.195 0.02875
0 0.56 0.583125 0.17333333333333334 0.02875
0 0.8375 0.584375 0.2016666666666667 0.03125
0 0.25333333333333335 0.529375 0.22 0.03125
0 0.8433333333333334 0.526875 0.18666666666666668 0.02875
0 0.545 0.5275 0.20333333333333334 0.03
0 0.56 0.474375 0.17 0.02875
0 0.27666666666666667 0.47500000000000003 0.17 0.03
0 0.8366666666666667 0.47000000000000003 0.19333333333333336 0.03
0 0.5391666666666667 0.42125 0.20500000000000002 0.03
0 0.2575 0.42 0.21166666666666667 0.03
0 0.8233333333333334 0.41625 0.21666666666666667 0.03
0 0.55 0.36625 0.17666666666666667 0.03
0 0.27416666666666667 0.364375 0.18166666666666667 0.02875
0 0.8091666666666667 0.36375 0.23500000000000001 0.0275
0 0.27416666666666667 0.31125 0.17833333333333334 0.03
0 0.56 0.310625 0.16333333333333333 0.02875
0 0.8341666666666667 0.311875 0.17833333333333334 0.03125
0 0.5408333333333334 0.256875 0.2016666666666667 0.02875
0 0.8341666666666667 0.25875 0.17833333333333334 0.03
0 0.27083333333333337 0.25625 0.18166666666666667 0.03
0 0.24750000000000003 0.20375000000000001 0.2316666666666667 0.0275
0 0.5391666666666667 0.203125 0.20500000000000002 0.02875
0 0.8266666666666668 0.203125 0.18000000000000002 0.02875
0 0.5466666666666667 0.150625 0.18000000000000002 0.02875
0 0.25083333333333335 0.149375 0.225 0.03125
0 0.8258333333333334 0.14625 0.20500000000000002 0.035
0 0.22916666666666669 0.930625 0.2783333333333334 0.03875
