0 0.7916666666666667 0.678125 0.25 0.03125
0 0.7883333333333333 0.508125 0.24666666666666667 0.02875
0 0.4866666666666667 0.508125 0.21000000000000002 0.03125
0 0.7358333333333333 0.453125 0.14500000000000002 0.03125
0 0.48250000000000004 0.450625 0.19166666666666668 0.02875
0 0.4716666666666667 0.3975 0.17333333333333334 0.03
0 0.7441666666666668 0.39937500000000004 0.15166666666666667 0.03375
0 0.18500000000000003 0.395625 0.18000000000000002 0.03125
0 0.7491666666666668 0.34500000000000003 0.1716666666666667 0.0275
0 0.4916666666666667 0.34375 0.21333333333333335 0.035
0 0.2 0.33875 0.2066666666666667 0.03
0 0.4741666666666667 0.290625 0.17500000000000002 0.02875
0 0.7483333333333334 0.290625 0.16666666666666669 0.03125
0 0.21500000000000002 0.28500000000000003 0.23 0.03
0 0.48000000000000004 0.238125 0.18000000000000002 0.02875
0 0.49083333333333334 0.185625 0.20500000000000002 0.02625
0 0.49333333333333335 0.135 0.21000000000000002 0.0275
0 0.225 0.130625 0.22333333333333336 0.03625
0 0.20833333333333334 0.181875 0.20333333333333334 0.03375
0 0.19 0.231875 0.17 0.03375
0 0.21666666666666667 0.446875 0.26333333333333336 0.03625
0 0.19583333333333336 0.505625 0.21500000000000002 0.03625
0 0.19083333333333335 0.561875 0.2016666666666667 0.03125
0 0.21416666666666667 0.61875 0.25833333333333336 0.0375
0 0.17333333333333334 0.675 0.17666666666666667 0.04
0 0.17916666666666667 0.7325 0.20833333333333334 0.0375
0 0.1875 0.795 0.21833333333333335 0.0375
0 0.1925 0.853125 0.23833333333333334 0.04125
0 0.21500000000000002 0.913125 0.2833333333333333 0.03875
0 0.4716666666666667 0.56125 0.18333333333333335 0.0375
0 0.47750000000000004 0.62 0.20833333333333334 0.0325
0 0.4658333333333334 0.6775 0.1716666666666667 0.04
0 0.4691666666666667 0.73375 0.18166666666666667 0.035
0 0.48250000000000004 0.79625 0.20500000000000002 0.0375
0 0.49583333333333335 0.854375 0.23500000000000001 0.03625
0 0.49583333333333335 0.913125 0.24833333333333335 0.03625
0 0.7575000000000001 0.13375 0.18166666666666667 0.035
0 0.7591666666666668 0.185 0.18833333333333335 0.035
0 0.7516666666666667 0.233125 0.18666666666666668 0.03625
0 0.7591666666666668 0.563125 0.18166666666666667 0.03375
0 0.7716666666666667 0.62 0.2066666666666667 0.0375
0 0.7591666666666668 0.73375 0.18166666666666667 0.035
0 0.7625000000000001 0.795 0.19166666666666668 0.035
0 0.77 0.853125 0.19666666666666668 0.03375
0 0.7658333333333334 0.910625 0.18500000000000003 0.03625
