0 0.21000000000000002 0.923125 0.22 0.02875
0 0.49833333333333335 0.919375 0.21666666666666667 0.03625
0 0.22833333333333336 0.8668750000000001 0.26 0.03125
0 0.7825000000000001 0.8618750000000001 0.21833333333333335 0.03125
0 0.48000000000000004 0.86375 0.18333333333333335 0.03
0 0.18500000000000003 0.8125 0.17666666666666667 0.0325
0 0.4816666666666667 0.80875 0.18666666666666668 0.03
0 0.7716666666666667 0.805625 0.19666666666666668 0.02875
0 0.19166666666666668 0.7575000000000001 0.18666666666666668 0.0325
0 0.5041666666666667 0.753125 0.23500000000000001 0.02875
0 0.7875000000000001 0.75 0.225 0.0325
0 0.1925 0.703125 0.18500000000000003 0.03375
0 0.49083333333333334 0.69875 0.20500000000000002 0.0325
0 0.78 0.6950000000000001 0.21666666666666667 0.0325
0 0.18500000000000003 0.645 0.17 0.03
0 0.7891666666666667 0.64 0.2316666666666667 0.0325
0 0.1975 0.58875 0.195 0.0275
0 0.7641666666666667 0.5856250000000001 0.18166666666666667 0.03125
0 0.17833333333333334 0.534375 0.16 0.02875
0 0.49500000000000005 0.47750000000000004 0.21666666666666667 0.03
0 0.19 0.47625 0.18666666666666668 0.03
0 0.7658333333333334 0.47375 0.19166666666666668 0.0325
0 0.785 0.419375 0.23 0.03375
0 0.19 0.421875 0.18333333333333335 0.03375
0 0.505 0.419375 0.24000000000000002 0.03125
0 0.21416666666666667 0.368125 0.2316666666666667 0.03375
0 0.7841666666666667 0.365 0.22833333333333336 0.03
0 0.4791666666666667 0.364375 0.18500000000000003 0.03375
0 0.4966666666666667 0.310625 0.22 0.03125
0 0.79 0.308125 0.24333333333333335 0.02875
0 0.19666666666666668 0.30875 0.19666666666666668 0.035
0 0.49000000000000005 0.25625 0.21000000000000002 0.0275
0 0.7658333333333334 0.25375000000000003 0.19833333333333333 0.0275
0 0.21916666666666668 0.255 0.23833333333333334 0.0325
0 0.22583333333333336 0.2025 0.24833333333333335 0.0275
0 0.51 0.2025 0.24666666666666667 0.03
0 0.775 0.200625 0.22 0.02875
0 0.7958333333333334 0.15 0.26166666666666666 0.03
0 0.49500000000000005 0.14875 0.22 0.03
0 0.21583333333333335 0.15 0.23500000000000001 0.04
0 0.5241666666666667 0.53125 0.265 0.0325
0 0.7875000000000001 0.531875 0.22166666666666668 0.03625
0 0.505 0.586875 0.23333333333333334 0.03375
0 0.5 0.64 0.22333333333333336 0.0475
0 0.7683333333333334 0.9175 0.19333333333333336 0.0425
