0 0.17250000000000001 0.9275 0.195 0.03
0 0.47000000000000003 0.9293750000000001 0.2066666666666667 0.03375
0 0.7683333333333334 0.874375 0.21333333333333335 0.03375
0 0.48750000000000004 0.87125 0.23833333333333334 0.0325
0 0.19583333333333336 0.8668750000000001 0.24500000000000002 0.03125
0 0.7733333333333334 0.81625 0.22666666666666668 0.0325
0 0.4966666666666667 0.81375 0.26 0.0325
0 0.19833333333333333 0.8125 0.24666666666666667 0.0325
0 0.18916666666666668 0.755 0.225 0.03
0 0.7716666666666667 0.7000000000000001 0.22333333333333336 0.03
0 0.4916666666666667 0.69875 0.25 0.0325
0 0.1975 0.695625 0.24833333333333335 0.03375
0 0.17583333333333334 0.6431250000000001 0.19833333333333333 0.02875
0 0.46 0.64125 0.18666666666666668 0.03
0 0.7608333333333334 0.64125 0.20833333333333334 0.03
0 0.7425 0.588125 0.1716666666666667 0.03375
0 0.4541666666666667 0.584375 0.17500000000000002 0.03125
0 0.15916666666666668 0.58375 0.1716666666666667 0.0325
0 0.17333333333333334 0.53125 0.2 0.03
0 0.7391666666666667 0.53 0.1716666666666667 0.035
0 0.45333333333333337 0.5275 0.17 0.0325
0 0.18583333333333335 0.475625 0.21833333333333335 0.03125
0 0.745 0.471875 0.17666666666666667 0.02875
0 0.4516666666666667 0.47125 0.16333333333333333 0.0325
0 0.4566666666666667 0.418125 0.17666666666666667 0.03125
0 0.18166666666666667 0.418125 0.21000000000000002 0.03125
0 0.745 0.413125 0.18000000000000002 0.03625
0 0.2 0.3625 0.24666666666666667 0.0275
0 0.45833333333333337 0.36062500000000003 0.17666666666666667 0.03125
0 0.7375 0.356875 0.1716666666666667 0.03125
0 0.7333333333333334 0.30125 0.16333333333333333 0.03
0 0.16083333333333336 0.254375 0.15833333333333335 0.03125
0 0.48833333333333334 0.25 0.24000000000000002 0.0325
0 0.7675000000000001 0.244375 0.225 0.03125
0 0.16583333333333333 0.196875 0.17500000000000002 0.03125
0 0.4608333333333334 0.194375 0.19166666666666668 0.03125
0 0.7391666666666667 0.1875 0.1716666666666667 0.0325
0 0.4741666666666667 0.14 0.21833333333333335 0.03
0 0.7541666666666668 0.13375 0.20833333333333334 0.0275
0 0.17250000000000001 0.14375000000000002 0.17833333333333334 0.035
0 0.21166666666666667 0.30875 0.26333333333333336 0.0375
0 0.775 0.94125 0.22666666666666668 0.0525
0 0.47750000000000004 0.306875 0.21833333333333335 0.03375
0 0.5041666666666667 0.756875 0.275 0.04125
0 0.7641666666666667 0.758125 0.21833333333333335 0.03625
