0 0.49250000000000005 0.913125 0.24833333333333335 0.03875
0 0.48500000000000004 0.8612500000000001 0.23 0.0275
0 0.7741666666666667 0.8618750000000001 0.23500000000000001 0.03125
0 0.7625000000000001 0.8093750000000001 0.20500000000000002 0.02875
0 0.4808333333333334 0.806875 0.22166666666666668 0.02875
0 0.16833333333333333 0.8043750000000001 0.17666666666666667 0.03125
0 0.775 0.755625 0.22666666666666668 0.02875
0 0.465 0.75 0.18666666666666668 0.03
0 0.2016666666666667 0.748125 0.24333333333333335 0.03125
0 0.7741666666666667 0.700625 0.22166666666666668 0.03125
0 0.4633333333333334 0.6950000000000001 0.18000000000000002 0.03
0 0.18333333333333335 0.6925 0.2066666666666667 0.03
0 0.7583333333333334 0.64 0.18666666666666668 0.0325
0 0.49583333333333335 0.63625 0.24500000000000002 0.035
0 0.19416666666666668 0.63375 0.22833333333333336 0.0325
0 0.7758333333333334 0.5875 0.21500000000000002 0.0325
0 0.47500000000000003 0.581875 0.19 0.02875
0 0.19333333333333336 0.578125 0.22333333333333336 0.03125
0 0.7708333333333334 0.52875 0.19833333333333333 0.0325
0 0.19416666666666668 0.5225 0.22166666666666668 0.0325
0 0.7866666666666667 0.47125 0.24000000000000002 0.03
0 0.1691666666666667 0.4675 0.165 0.035
0 0.7675000000000001 0.415625 0.195 0.02875
0 0.4741666666666667 0.41000000000000003 0.18833333333333335 0.0325
0 0.19666666666666668 0.408125 0.21666666666666667 0.02875
0 0.7725000000000001 0.359375 0.20833333333333334 0.03125
0 0.7616666666666667 0.30375 0.18000000000000002 0.03
0 0.47500000000000003 0.299375 0.18666666666666668 0.03375
0 0.18250000000000002 0.293125 0.18500000000000003 0.03125
0 0.775 0.25 0.20333333333333334 0.03
0 0.49333333333333335 0.24375 0.21666666666666667 0.03
0 0.19166666666666668 0.240625 0.19333333333333336 0.03125
0 0.7808333333333334 0.194375 0.21833333333333335 0.02875
0 0.49750000000000005 0.18937500000000002 0.225 0.02875
0 0.195 0.183125 0.2 0.02875
0 0.7875000000000001 0.139375 0.2316666666666667 0.03125
0 0.5 0.13875 0.22333333333333336 0.0325
0 0.21750000000000003 0.13125 0.24500000000000002 0.0425
0 0.2341666666666667 0.354375 0.29500000000000004 0.03375
0 0.5041666666666667 0.35875 0.2316666666666667 0.04
0 0.48333333333333334 0.474375 0.2066666666666667 0.043750000000000004
0 0.4816666666666667 0.525625 0.20333333333333334 0.03125
0 0.18500000000000003 0.8618750000000001 0.2 0.03625
0 0.1975 0.910625 0.2316666666666667 0.03625
0 0.7708333333333334 0.91625 0.22833333333333336 0.0375
