0 0.5133333333333334 0.66 0.23333333333333334 0.0475
0 0.8391666666666667 0.6625 0.165 0.045
0 0.23083333333333333 0.65375 0.21166666666666667 0.04
0 0.22583333333333336 0.595 0.22166666666666668 0.04
0 0.5108333333333334 0.5975 0.23500000000000001 0.04
0 0.8341666666666667 0.596875 0.17500000000000002 0.04625
0 0.22666666666666668 0.53625 0.21666666666666667 0.04
0 0.5358333333333334 0.536875 0.18833333333333335 0.04125
0 0.8325 0.5337500000000001 0.17833333333333334 0.04
0 0.22916666666666669 0.48375 0.21833333333333335 0.0325
0 0.5366666666666667 0.471875 0.18333333333333335 0.03625
0 0.8366666666666667 0.471875 0.16666666666666669 0.043750000000000004
0 0.23 0.4325 0.22 0.045
0 0.8308333333333334 0.406875 0.17500000000000002 0.04125
0 0.22833333333333336 0.36625 0.21666666666666667 0.035
0 0.8341666666666667 0.34875 0.16166666666666668 0.035
0 0.22916666666666669 0.313125 0.21500000000000002 0.03875
0 0.5241666666666667 0.29375 0.19166666666666668 0.0375
0 0.8333333333333334 0.285625 0.16 0.04125
0 0.2366666666666667 0.25625 0.2 0.0375
0 0.52 0.23125 0.19 0.045
0 0.8283333333333334 0.225 0.16333333333333333 0.035
0 0.2316666666666667 0.20125 0.21333333333333335 0.0375
0 0.23750000000000002 0.145625 0.20500000000000002 0.03125
0 0.5166666666666667 0.11625 0.19333333333333336 0.055
0 0.8158333333333334 0.105 0.19833333333333333 0.04
0 0.5216666666666667 0.17500000000000002 0.19666666666666668 0.045
0 0.8233333333333334 0.1625 0.19666666666666668 0.045
0 0.5333333333333333 0.355625 0.18000000000000002 0.04625
0 0.5333333333333333 0.415625 0.18000000000000002 0.04625
