0 0.8266666666666668 0.570625 0.29000000000000004 0.03875
0 0.4916666666666667 0.568125 0.26333333333333336 0.03625
0 0.16333333333333333 0.56625 0.26666666666666666 0.0375
0 0.8258333333333334 0.52 0.28500000000000003 0.0375
0 0.15583333333333335 0.5175 0.23833333333333334 0.0325
0 0.4941666666666667 0.5175 0.26833333333333337 0.035
0 0.8250000000000001 0.470625 0.2833333333333333 0.03875
0 0.49583333333333335 0.469375 0.265 0.03625
0 0.18333333333333335 0.469375 0.2866666666666667 0.03875
0 0.49500000000000005 0.419375 0.26333333333333336 0.03625
0 0.8183333333333334 0.41625 0.26666666666666666 0.0425
0 0.17583333333333334 0.42 0.26833333333333337 0.04
0 0.18083333333333335 0.373125 0.26833333333333337 0.03875
0 0.5008333333333334 0.370625 0.27166666666666667 0.03625
0 0.8266666666666668 0.36875 0.2866666666666667 0.04
0 0.16333333333333333 0.32625 0.22666666666666668 0.0325
0 0.8266666666666668 0.319375 0.29000000000000004 0.03125
0 0.5083333333333334 0.3225 0.28 0.04
0 0.17 0.278125 0.23333333333333334 0.03625
0 0.5025000000000001 0.27625 0.26833333333333337 0.0375
0 0.8250000000000001 0.264375 0.2866666666666667 0.03875
0 0.5116666666666667 0.226875 0.2866666666666667 0.03375
0 0.8041666666666667 0.21937500000000001 0.24166666666666667 0.03375
0 0.49833333333333335 0.183125 0.25 0.03375
0 0.81 0.165625 0.25333333333333335 0.04125
0 0.5016666666666667 0.13375 0.26333333333333336 0.03
0 0.8266666666666668 0.11812500000000001 0.2866666666666667 0.03625
0 0.19833333333333333 0.135625 0.26666666666666666 0.03875
0 0.19416666666666668 0.18375 0.26833333333333337 0.03
0 0.19666666666666668 0.230625 0.27666666666666667 0.03375
