0 0.2041666666666667 0.9425 0.22833333333333336 0.03
0 0.515 0.933125 0.19 0.02875
0 0.7983333333333333 0.930625 0.2066666666666667 0.03375
0 0.22416666666666668 0.88125 0.18833333333333335 0.03
0 0.5008333333333334 0.874375 0.22166666666666668 0.03125
0 0.7891666666666667 0.87 0.225 0.0325
0 0.19666666666666668 0.823125 0.24666666666666667 0.03125
0 0.5016666666666667 0.819375 0.21333333333333335 0.03125
0 0.7908333333333334 0.813125 0.21833333333333335 0.03125
0 0.22333333333333336 0.765 0.18333333333333335 0.0325
0 0.52 0.76125 0.18000000000000002 0.0325
0 0.7908333333333334 0.75625 0.21500000000000002 0.0325
0 0.20916666666666667 0.7075 0.22166666666666668 0.03
0 0.5066666666666667 0.70375 0.20333333333333334 0.035
0 0.7725000000000001 0.7025 0.2516666666666667 0.03
0 0.225 0.64875 0.19 0.03
0 0.5233333333333333 0.6481250000000001 0.16333333333333333 0.02875
0 0.21750000000000003 0.59125 0.21166666666666667 0.03
0 0.525 0.589375 0.16 0.03125
0 0.21583333333333335 0.535 0.21833333333333335 0.03
0 0.5041666666666667 0.535 0.20500000000000002 0.03
0 0.8041666666666667 0.5337500000000001 0.17500000000000002 0.035
0 0.21583333333333335 0.479375 0.21833333333333335 0.02875
0 0.7841666666666667 0.48 0.21500000000000002 0.03
0 0.5008333333333334 0.480625 0.21166666666666667 0.03625
0 0.5025000000000001 0.42625 0.2016666666666667 0.03
0 0.7966666666666667 0.42562500000000003 0.18666666666666668 0.03125
0 0.2316666666666667 0.4225 0.19 0.03
0 0.49333333333333335 0.37125 0.22666666666666668 0.03
0 0.8041666666666667 0.370625 0.16833333333333333 0.03125
0 0.23083333333333333 0.366875 0.18833333333333335 0.03125
0 0.4941666666666667 0.318125 0.22166666666666668 0.03125
0 0.7691666666666667 0.319375 0.23500000000000001 0.03375
0 0.22 0.311875 0.21000000000000002 0.03625
0 0.52 0.263125 0.17 0.02875
0 0.23500000000000001 0.260625 0.18000000000000002 0.02875
0 0.7841666666666667 0.26375 0.2016666666666667 0.0325
0 0.7858333333333334 0.213125 0.195 0.02875
0 0.49083333333333334 0.21125 0.2316666666666667 0.03
0 0.22916666666666669 0.205625 0.19833333333333333 0.02875
0 0.5141666666666667 0.16 0.18166666666666667 0.0275
0 0.23083333333333333 0.153125 0.195 0.02875
0 0.7658333333333334 0.15812500000000002 0.21500000000000002 0.03125
0 0.79 0.589375 0.20333333333333334 0.03625
0 0.7983333333333333 0.64375 0.19666666666666668 0.04
