0 0.4783333333333334 0.914375 0.2066666666666667 0.03875
0 0.18250000000000002 0.868125 0.22166666666666668 0.03375
0 0.49500000000000005 0.86375 0.25 0.0325
0 0.765 0.858125 0.21666666666666667 0.03125
0 0.20833333333333334 0.811875 0.26333333333333336 0.03125
0 0.7633333333333334 0.805625 0.20333333333333334 0.02875
0 0.4741666666666667 0.8093750000000001 0.20500000000000002 0.03125
0 0.46416666666666667 0.755 0.18500000000000003 0.03
0 0.18500000000000003 0.75375 0.22333333333333336 0.0325
0 0.7691666666666667 0.75125 0.21833333333333335 0.03
0 0.7725000000000001 0.696875 0.22166666666666668 0.02875
0 0.46 0.6975 0.17666666666666667 0.03
0 0.17416666666666666 0.696875 0.19833333333333333 0.02875
0 0.7658333333333334 0.64125 0.2016666666666667 0.0325
0 0.165 0.639375 0.17 0.02875
0 0.46416666666666667 0.639375 0.18166666666666667 0.03125
0 0.7616666666666667 0.5856250000000001 0.19333333333333336 0.02875
0 0.45583333333333337 0.58125 0.165 0.0325
0 0.17250000000000001 0.58125 0.18833333333333335 0.03
0 0.7566666666666667 0.529375 0.18333333333333335 0.02875
0 0.47000000000000003 0.525 0.19 0.0325
0 0.18416666666666667 0.524375 0.20833333333333334 0.03375
0 0.75 0.47125 0.17 0.03
0 0.48833333333333334 0.470625 0.21666666666666667 0.02875
0 0.1925 0.466875 0.22166666666666668 0.03125
0 0.7641666666666667 0.41625 0.19833333333333333 0.03
0 0.4916666666666667 0.411875 0.23 0.03125
0 0.21250000000000002 0.41125 0.26166666666666666 0.0325
0 0.7533333333333334 0.361875 0.17333333333333334 0.02875
0 0.4666666666666667 0.36062500000000003 0.17333333333333334 0.03375
0 0.20333333333333334 0.355 0.2366666666666667 0.03
0 0.7675000000000001 0.306875 0.19833333333333333 0.02875
0 0.49250000000000005 0.3025 0.22166666666666668 0.03
0 0.17083333333333334 0.29875 0.1716666666666667 0.03
0 0.7541666666666668 0.251875 0.17833333333333334 0.02875
0 0.465 0.246875 0.17 0.03125
0 0.17750000000000002 0.241875 0.17833333333333334 0.03375
0 0.7733333333333334 0.19875 0.22 0.0275
0 0.18666666666666668 0.18812500000000001 0.19666666666666668 0.02875
0 0.7558333333333334 0.148125 0.17833333333333334 0.03125
0 0.17500000000000002 0.131875 0.17 0.03125
0 0.48250000000000004 0.139375 0.195 0.04125
0 0.4816666666666667 0.1925 0.19 0.0375
0 0.16166666666666668 0.925625 0.18000000000000002 0.043750000000000004
0 0.7791666666666667 0.914375 0.23833333333333334 0.03375
