0 0.5291666666666667 0.931875 0.21833333333333335 0.03125
0 0.2525 0.9375 0.265 0.0375
0 0.8216666666666668 0.8768750000000001 0.22333333333333336 0.03125
0 0.21500000000000002 0.8775000000000001 0.18666666666666668 0.0325
0 0.5333333333333333 0.875 0.22333333333333336 0.03
0 0.24333333333333335 0.818125 0.24000000000000002 0.03125
0 0.8258333333333334 0.760625 0.22833333333333336 0.02875
0 0.2366666666666667 0.760625 0.21666666666666667 0.03125
0 0.5491666666666667 0.756875 0.255 0.03625
0 0.8083333333333333 0.700625 0.2 0.03125
0 0.2541666666666667 0.703125 0.2516666666666667 0.03625
0 0.5366666666666667 0.7000000000000001 0.22333333333333336 0.035
0 0.8216666666666668 0.645625 0.23333333333333334 0.02875
0 0.23750000000000002 0.645625 0.22166666666666668 0.03125
0 0.5483333333333333 0.64375 0.25 0.03
0 0.8125 0.58875 0.21500000000000002 0.03
0 0.5275000000000001 0.588125 0.20833333333333334 0.03125
0 0.23583333333333334 0.586875 0.21500000000000002 0.03125
0 0.8125 0.534375 0.21833333333333335 0.02875
0 0.5233333333333333 0.533125 0.2 0.02875
0 0.22833333333333336 0.5325 0.19666666666666668 0.03
0 0.5383333333333333 0.479375 0.23 0.02875
0 0.7916666666666667 0.48 0.18000000000000002 0.0375
0 0.24166666666666667 0.476875 0.21666666666666667 0.02875
0 0.7908333333333334 0.42312500000000003 0.17833333333333334 0.03125
0 0.5116666666666667 0.425 0.17333333333333334 0.0325
0 0.24500000000000002 0.42312500000000003 0.21666666666666667 0.02875
0 0.5058333333333334 0.37125 0.165 0.0275
0 0.8083333333333333 0.369375 0.21000000000000002 0.03375
0 0.24000000000000002 0.3675 0.20333333333333334 0.0325
0 0.545 0.318125 0.24333333333333335 0.02875
0 0.8008333333333334 0.315625 0.20500000000000002 0.02875
0 0.2341666666666667 0.314375 0.19166666666666668 0.02875
0 0.5275000000000001 0.265 0.2016666666666667 0.03
0 0.8075000000000001 0.2625 0.21833333333333335 0.03
0 0.23500000000000001 0.261875 0.18333333333333335 0.03125
0 0.5083333333333334 0.2125 0.16333333333333333 0.0275
0 0.7991666666666667 0.21 0.20500000000000002 0.03
0 0.5158333333333334 0.16125 0.17833333333333334 0.0275
0 0.8150000000000001 0.1575 0.24000000000000002 0.03
0 0.24666666666666667 0.15812500000000002 0.21000000000000002 0.03875
0 0.24416666666666667 0.206875 0.2016666666666667 0.02875
0 0.8066666666666668 0.935625 0.19 0.03875
0 0.5516666666666667 0.81375 0.26 0.03
0 0.8133333333333334 0.815625 0.22 0.03375
