0 0.4991666666666667 0.91625 0.22833333333333336 0.0325
0 0.22416666666666668 0.916875 0.2316666666666667 0.03625
0 0.7791666666666667 0.86625 0.23500000000000001 0.03
0 0.22166666666666668 0.865625 0.22333333333333336 0.03125
0 0.5016666666666667 0.86375 0.23333333333333334 0.0325
0 0.21250000000000002 0.808125 0.20500000000000002 0.03375
0 0.8075000000000001 0.7625000000000001 0.28500000000000003 0.035
0 0.22416666666666668 0.75875 0.22166666666666668 0.03
0 0.7791666666666667 0.709375 0.22833333333333336 0.02875
0 0.225 0.705 0.22 0.03
0 0.7858333333333334 0.656875 0.24500000000000002 0.03125
0 0.20500000000000002 0.650625 0.19 0.02875
0 0.4766666666666667 0.650625 0.18000000000000002 0.03125
0 0.795 0.60375 0.25333333333333335 0.0325
0 0.2025 0.595625 0.18166666666666667 0.02875
0 0.48333333333333334 0.595625 0.18333333333333335 0.03375
0 0.20333333333333334 0.541875 0.18333333333333335 0.02875
0 0.49750000000000005 0.49375 0.21166666666666667 0.03
0 0.2225 0.4875 0.21833333333333335 0.03
0 0.20833333333333334 0.435625 0.18333333333333335 0.03125
0 0.20333333333333334 0.380625 0.17 0.03125
0 0.4916666666666667 0.330625 0.19666666666666668 0.02875
0 0.20916666666666667 0.32625 0.18833333333333335 0.03
0 0.2 0.274375 0.16333333333333333 0.02875
0 0.4791666666666667 0.225 0.16833333333333333 0.03
0 0.2225 0.21937500000000001 0.20500000000000002 0.03125
0 0.4816666666666667 0.17250000000000001 0.16666666666666669 0.0275
0 0.19583333333333336 0.1675 0.14833333333333334 0.035
0 0.8150000000000001 0.178125 0.27666666666666667 0.03875
0 0.8083333333333333 0.22875 0.27666666666666667 0.0375
0 0.8133333333333334 0.283125 0.27 0.03375
0 0.5258333333333334 0.278125 0.255 0.03375
0 0.8008333333333334 0.333125 0.265 0.03125
0 0.5216666666666667 0.385625 0.25333333333333335 0.02875
0 0.4758333333333334 0.436875 0.1716666666666667 0.02875
0 0.8075000000000001 0.388125 0.275 0.03625
0 0.8233333333333334 0.440625 0.31 0.02875
0 0.8225 0.496875 0.305 0.03625
0 0.5183333333333333 0.546875 0.25333333333333335 0.03375
0 0.8083333333333333 0.54875 0.27666666666666667 0.0325
0 0.5033333333333334 0.704375 0.2366666666666667 0.03375
0 0.4966666666666667 0.75625 0.21666666666666667 0.035
0 0.4808333333333334 0.80875 0.18833333333333335 0.035
0 0.7983333333333333 0.81375 0.2733333333333334 0.0375
0 0.7866666666666667 0.9187500000000001 0.2566666666666667 0.0375
