0 0.155 0.9237500000000001 0.17 0.03
0 0.1691666666666667 0.869375 0.2016666666666667 0.03125
0 0.7566666666666667 0.86875 0.31 0.035
0 0.7341666666666667 0.81625 0.25833333333333336 0.0325
0 0.17 0.81625 0.2066666666666667 0.03
0 0.7466666666666667 0.765 0.28 0.0325
0 0.42500000000000004 0.76125 0.18333333333333335 0.03
0 0.1716666666666667 0.760625 0.21000000000000002 0.03125
0 0.7483333333333334 0.7125 0.2866666666666667 0.0325
0 0.42750000000000005 0.7075 0.18833333333333335 0.03
0 0.16833333333333333 0.70625 0.20333333333333334 0.0325
0 0.1525 0.649375 0.16833333333333333 0.02875
0 0.7208333333333333 0.5975 0.22166666666666668 0.03
0 0.17666666666666667 0.5925 0.21666666666666667 0.0325
0 0.7350000000000001 0.543125 0.25 0.03125
0 0.4566666666666667 0.54 0.23 0.03
0 0.1691666666666667 0.53625 0.2016666666666667 0.035
0 0.165 0.48375 0.18666666666666668 0.0325
0 0.4516666666666667 0.48375 0.21666666666666667 0.03
0 0.7158333333333334 0.431875 0.21500000000000002 0.03125
0 0.46 0.42875 0.23333333333333334 0.035
0 0.17583333333333334 0.424375 0.20833333333333334 0.03125
0 0.7475 0.376875 0.275 0.03125
0 0.4416666666666667 0.374375 0.2 0.02875
0 0.1716666666666667 0.369375 0.19 0.02875
0 0.7233333333333334 0.3225 0.22 0.0325
0 0.43083333333333335 0.319375 0.1716666666666667 0.02875
0 0.16416666666666668 0.314375 0.17500000000000002 0.02875
0 0.7258333333333333 0.26875 0.22833333333333336 0.0275
0 0.4416666666666667 0.265625 0.19333333333333336 0.02875
0 0.17083333333333334 0.259375 0.18833333333333335 0.03125
0 0.7366666666666667 0.214375 0.24666666666666667 0.02875
0 0.445 0.210625 0.19333333333333336 0.03125
0 0.1875 0.204375 0.21500000000000002 0.03125
0 0.7458333333333333 0.15812500000000002 0.265 0.03375
0 0.445 0.155 0.19333333333333336 0.03
0 0.19 0.15 0.21333333333333335 0.035
0 0.7416666666666667 0.489375 0.26333333333333336 0.03375
0 0.45833333333333337 0.595625 0.2366666666666667 0.03375
0 0.4591666666666667 0.650625 0.24833333333333335 0.03625
0 0.7191666666666667 0.655 0.22833333333333336 0.035
0 0.43083333333333335 0.81625 0.19166666666666668 0.0275
0 0.43083333333333335 0.8668750000000001 0.19833333333333333 0.03125
0 0.445 0.9225 0.21000000000000002 0.0325
0 0.7366666666666667 0.9225 0.27666666666666667 0.0325
