0 0.49250000000000005 0.91625 0.225 0.03
0 0.7975000000000001 0.916875 0.19166666666666668 0.03125
0 0.23 0.864375 0.19333333333333336 0.02875
0 0.505 0.860625 0.2066666666666667 0.02875
0 0.7933333333333333 0.8612500000000001 0.20333333333333334 0.03
0 0.21083333333333334 0.80875 0.22833333333333336 0.03
0 0.5125000000000001 0.80625 0.19166666666666668 0.03
0 0.8108333333333334 0.806875 0.16833333333333333 0.03125
0 0.21000000000000002 0.75375 0.22666666666666668 0.03
0 0.5091666666666667 0.75125 0.19166666666666668 0.0275
0 0.8083333333333333 0.750625 0.17333333333333334 0.02875
0 0.22166666666666668 0.69875 0.21000000000000002 0.03
0 0.52 0.696875 0.17333333333333334 0.02875
0 0.8091666666666667 0.698125 0.16833333333333333 0.03125
0 0.22166666666666668 0.644375 0.19 0.02875
0 0.4991666666666667 0.6425 0.2016666666666667 0.03
0 0.7883333333333333 0.64125 0.19333333333333336 0.03
0 0.22166666666666668 0.588125 0.19333333333333336 0.02875
0 0.5016666666666667 0.586875 0.19666666666666668 0.02875
0 0.7891666666666667 0.586875 0.19833333333333333 0.02875
0 0.23083333333333333 0.533125 0.18166666666666667 0.02875
0 0.49250000000000005 0.5325 0.22166666666666668 0.03
0 0.8091666666666667 0.53125 0.16166666666666668 0.03
0 0.22083333333333335 0.479375 0.19833333333333333 0.03375
0 0.505 0.476875 0.19666666666666668 0.02875
0 0.7883333333333333 0.476875 0.2 0.02875
0 0.24083333333333334 0.42375 0.15166666666666667 0.0275
0 0.5091666666666667 0.4225 0.18833333333333335 0.03
0 0.795 0.421875 0.19666666666666668 0.02875
0 0.2325 0.368125 0.16833333333333333 0.03125
0 0.505 0.368125 0.20333333333333334 0.03125
0 0.7916666666666667 0.3675 0.2066666666666667 0.0325
0 0.2316666666666667 0.3125 0.17333333333333334 0.0325
0 0.5033333333333334 0.313125 0.19 0.02875
0 0.8008333333333334 0.313125 0.18833333333333335 0.03125
0 0.5141666666666667 0.2575 0.18166666666666667 0.0275
0 0.23333333333333334 0.256875 0.17333333333333334 0.03125
0 0.7858333333333334 0.256875 0.21500000000000002 0.02875
0 0.5258333333333334 0.20125 0.16166666666666668 0.03
0 0.8125 0.20125 0.155 0.03
0 0.21833333333333335 0.2 0.2 0.03
0 0.5125000000000001 0.146875 0.19166666666666668 0.03125
0 0.2341666666666667 0.145 0.16833333333333333 0.03
0 0.805 0.1475 0.18333333333333335 0.03
0 0.22583333333333336 0.920625 0.20500000000000002 0.03625
