0 0.4541666666666667 0.906875 0.19166666666666668 0.02875
0 0.15666666666666668 0.905625 0.16666666666666669 0.03125
0 0.745 0.8562500000000001 0.21000000000000002 0.03
0 0.4633333333333334 0.85375 0.2 0.0325
0 0.195 0.851875 0.24333333333333335 0.03125
0 0.745 0.801875 0.21000000000000002 0.03125
0 0.4525 0.796875 0.18500000000000003 0.02875
0 0.16416666666666668 0.796875 0.17500000000000002 0.02875
0 0.7291666666666667 0.745625 0.1716666666666667 0.02875
0 0.46166666666666667 0.743125 0.19333333333333336 0.02875
0 0.15000000000000002 0.74125 0.15333333333333335 0.03
0 0.7383333333333334 0.690625 0.18333333333333335 0.02875
0 0.445 0.6875 0.16333333333333333 0.03
0 0.18916666666666668 0.68625 0.22833333333333336 0.03
0 0.7425 0.63625 0.19166666666666668 0.03
0 0.4425 0.6325000000000001 0.15166666666666667 0.03
0 0.16416666666666668 0.631875 0.165 0.02875
0 0.7466666666666667 0.58125 0.19666666666666668 0.03
0 0.4466666666666667 0.578125 0.21000000000000002 0.02875
0 0.16583333333333333 0.576875 0.165 0.02875
0 0.7383333333333334 0.525 0.17333333333333334 0.0325
0 0.18416666666666667 0.521875 0.19833333333333333 0.02875
0 0.44583333333333336 0.521875 0.155 0.03125
0 0.7225 0.47125 0.14833333333333334 0.0325
0 0.43833333333333335 0.4675 0.14333333333333334 0.03
0 0.18333333333333335 0.46625 0.2066666666666667 0.03
0 0.7391666666666667 0.41500000000000004 0.17833333333333334 0.03
0 0.465 0.414375 0.19333333333333336 0.03125
0 0.17833333333333334 0.410625 0.19333333333333336 0.02875
0 0.7633333333333334 0.35875 0.22666666666666668 0.03
0 0.43833333333333335 0.3575 0.14 0.03
0 0.17666666666666667 0.355625 0.19 0.02875
0 0.7275 0.30312500000000003 0.15166666666666667 0.03125
0 0.4516666666666667 0.3025 0.16 0.03
0 0.16583333333333333 0.30062500000000003 0.165 0.02875
0 0.7525000000000001 0.24625 0.19833333333333333 0.03
0 0.4733333333333334 0.24625 0.21000000000000002 0.03
0 0.18166666666666667 0.24625 0.19666666666666668 0.0325
0 0.7516666666666667 0.19062500000000002 0.2 0.03125
0 0.4666666666666667 0.19125 0.19333333333333336 0.0325
0 0.18083333333333335 0.18875 0.19833333333333333 0.03
0 0.7266666666666667 0.135 0.19333333333333336 0.0325
0 0.4475 0.13375 0.15166666666666667 0.03
0 0.17333333333333334 0.136875 0.18333333333333335 0.03875
0 0.7216666666666667 0.91125 0.16666666666666669 0.035
