0 0.8046666666666666 0.19575 0.21333333333333332 0.035
0 0.8213333333333334 0.242375 0.18 0.03825
0 0.8293333333333333 0.287375 0.16 0.03175
0 0.8358333333333333 0.3315 0.15566666666666665 0.03
0 0.8313333333333333 0.374875 0.17333333333333334 0.03325
0 0.827 0.42225 0.178 0.035
0 0.8291666666666666 0.473125 0.191 0.03325
0 0.8326666666666667 0.5181250000000001 0.19333333333333333 0.043250000000000004
0 0.8303333333333333 0.569875 0.19799999999999998 0.03325
0 0.8336666666666667 0.6215 0.19133333333333333 0.0335
0 0.8381666666666666 0.667375 0.191 0.03825
0 0.837 0.719875 0.19799999999999998 0.03675
0 0.8436666666666667 0.770625 0.18866666666666665 0.04175
0 0.8381666666666666 0.82475 0.20433333333333334 0.04
0 0.8548333333333333 0.87975 0.18433333333333332 0.04
0 0.5813333333333334 0.197375 0.18 0.03175
0 0.588 0.24225 0.16666666666666666 0.035
0 0.587 0.28400000000000003 0.17333333333333334 0.0315
0 0.5848333333333333 0.329 0.18233333333333332 0.035
0 0.5815 0.374875 0.18433333333333332 0.03325
0 0.5903333333333333 0.419875 0.17533333333333334 0.03675
0 0.5846666666666667 0.4665 0.18666666666666665 0.0335
0 0.5925 0.515625 0.18433333333333332 0.03825
0 0.5958333333333333 0.565625 0.16433333333333333 0.03825
0 0.5903333333333333 0.615625 0.16666666666666666 0.03825
0 0.5836666666666667 0.665625 0.18866666666666665 0.03825
0 0.5736666666666667 0.717375 0.218 0.03825
0 0.577 0.76825 0.21133333333333332 0.04
0 0.5825 0.820625 0.21766666666666665 0.04175
0 0.5781666666666666 0.883125 0.22233333333333333 0.04675
0 0.3615 0.1965 0.16233333333333333 0.0365
0 0.36266666666666664 0.23900000000000002 0.16 0.035
0 0.35366666666666663 0.283125 0.182 0.03675
0 0.3448333333333333 0.32725 0.19566666666666666 0.035
0 0.347 0.373125 0.16466666666666666 0.03675
0 0.34149999999999997 0.42075 0.17099999999999999 0.035
0 0.3446666666666667 0.464875 0.16 0.03675
0 0.34249999999999997 0.514875 0.16433333333333333 0.03325
0 0.30933333333333335 0.563125 0.22666666666666666 0.03675
0 0.3215 0.610625 0.20233333333333334 0.03825
0 0.31366666666666665 0.660625 0.222 0.04825
0 0.32366666666666666 0.7165 0.18866666666666665 0.04
0 0.3348333333333333 0.76975 0.17566666666666667 0.04
0 0.3215 0.81825 0.19766666666666666 0.04
0 0.30033333333333334 0.8715 0.23533333333333334 0.043500000000000004
