0 0.2405 0.100375 0.259 0.04075
0 0.21716666666666665 0.1525 0.21233333333333332 0.045
0 0.22433333333333333 0.208375 0.23333333333333334 0.043250000000000004
0 0.23383333333333334 0.2625 0.26766666666666666 0.045
0 0.23216666666666666 0.3175 0.25766666666666665 0.0415
0 0.21883333333333332 0.369125 0.24233333333333332 0.03825
0 0.225 0.428375 0.25 0.03675
0 0.4905 0.095875 0.181 0.03325
0 0.5205 0.147125 0.24766666666666665 0.035750000000000004
0 0.5206666666666666 0.203375 0.25666666666666665 0.03825
0 0.5016666666666667 0.2605 0.21466666666666667 0.0375
0 0.5011666666666666 0.316625 0.22233333333333333 0.043250000000000004
0 0.5021666666666667 0.372875 0.21566666666666667 0.03925
0 0.5071666666666667 0.4295 0.23233333333333334 0.0375
0 0.8155 0.092 0.25566666666666665 0.0475
0 0.7978333333333333 0.14625 0.23099999999999998 0.0375
0 0.7983333333333333 0.197875 0.22799999999999998 0.04075
0 0.8106666666666666 0.259625 0.2633333333333333 0.04075
0 0.8145 0.312 0.2776666666666667 0.0425
0 0.8095 0.372875 0.2523333333333333 0.04425
0 0.7983333333333333 0.43125 0.23466666666666666 0.0425
0 0.22266666666666665 0.483375 0.25666666666666665 0.03825
0 0.21566666666666667 0.5407500000000001 0.24666666666666665 0.035
0 0.2095 0.599125 0.24766666666666665 0.03675
0 0.21116666666666667 0.657875 0.25766666666666665 0.03425
0 0.21 0.715 0.26666666666666666 0.0365
0 0.19 0.77325 0.23533333333333334 0.045
0 0.18566666666666667 0.834125 0.22666666666666666 0.03825
0 0.1905 0.896625 0.239 0.04825
0 0.5111666666666667 0.4875 0.24233333333333332 0.035
0 0.5133333333333333 0.5475 0.26466666666666666 0.043500000000000004
0 0.505 0.603375 0.24133333333333332 0.03675
0 0.5076666666666666 0.66325 0.24666666666666665 0.045
0 0.5023333333333333 0.7262500000000001 0.2533333333333333 0.0475
0 0.48783333333333334 0.7825 0.21766666666666665 0.045
0 0.495 0.845875 0.23199999999999998 0.04675
0 0.5011666666666666 0.910875 0.2623333333333333 0.05675
0 0.8066666666666666 0.49625 0.24866666666666665 0.044
0 0.8109999999999999 0.552125 0.26 0.04075
0 0.8188333333333333 0.610375 0.2776666666666667 0.04425
0 0.815 0.675 0.27199999999999996 0.0385
0 0.8121666666666666 0.73825 0.27566666666666667 0.04
0 0.8205 0.802 0.2856666666666667 0.0525
0 0.825 0.86425 0.29666666666666663 0.045
0 0.8071666666666666 0.92875 0.26766666666666666 0.049
