0 0.18833333333333332 0.145375 0.22133333333333333 0.035750000000000004
0 0.165 0.19875 0.18133333333333332 0.039
0 0.17166666666666666 0.25325000000000003 0.18533333333333332 0.035
0 0.18766666666666665 0.309125 0.21333333333333332 0.03325
0 0.18283333333333332 0.363375 0.20566666666666666 0.03675
0 0.18833333333333332 0.42 0.21666666666666665 0.0385
0 0.16833333333333333 0.474625 0.172 0.035750000000000004
0 0.45399999999999996 0.14200000000000002 0.19 0.0325
0 0.46599999999999997 0.197125 0.22333333333333333 0.03925
0 0.46216666666666667 0.255375 0.211 0.03425
0 0.4661666666666667 0.30875 0.219 0.0325
0 0.45116666666666666 0.365 0.17766666666666667 0.035
0 0.45116666666666666 0.419125 0.191 0.03675
0 0.46116666666666667 0.474625 0.20233333333333334 0.03425
0 0.7716666666666666 0.143375 0.2653333333333333 0.03175
0 0.7516666666666666 0.199625 0.22333333333333333 0.035750000000000004
0 0.7588333333333334 0.25375000000000003 0.24433333333333332 0.034
0 0.7645 0.30875 0.25566666666666665 0.039
0 0.755 0.36625 0.24133333333333332 0.034
0 0.749 0.419625 0.22666666666666666 0.03425
0 0.7561666666666667 0.473375 0.23433333333333334 0.03675
0 0.7516666666666666 0.528 0.22799999999999998 0.0375
0 0.7633333333333333 0.5825 0.2533333333333333 0.0365
0 0.45166666666666666 0.530875 0.188 0.03175
0 0.45666666666666667 0.58175 0.20199999999999999 0.035
0 0.17333333333333334 0.528375 0.182 0.03175
0 0.1905 0.5825 0.21433333333333332 0.04
0 0.20716666666666667 0.6405 0.2523333333333333 0.0375
0 0.4805 0.63875 0.23433333333333334 0.0375
0 0.4593333333333333 0.6955 0.19666666666666666 0.0325
0 0.47383333333333333 0.74925 0.221 0.03
0 0.4638333333333333 0.80375 0.20766666666666667 0.0325
0 0.4755 0.86 0.22233333333333333 0.03
0 0.48233333333333334 0.9137500000000001 0.24666666666666665 0.0325
0 0.7555 0.6375000000000001 0.23566666666666666 0.0385
0 0.7766666666666666 0.6950000000000001 0.2713333333333333 0.0315
0 0.7593333333333333 0.749125 0.23666666666666666 0.03675
0 0.766 0.8025 0.25666666666666665 0.0315
0 0.7843333333333333 0.859625 0.2866666666666667 0.03075
0 0.7711666666666667 0.9125 0.25566666666666665 0.035
0 0.18383333333333332 0.69125 0.20566666666666666 0.0375
0 0.20216666666666666 0.74625 0.23766666666666666 0.041
0 0.19783333333333333 0.80125 0.23566666666666666 0.039
0 0.17833333333333332 0.852875 0.19466666666666665 0.03925
0 0.20049999999999998 0.912875 0.241 0.04075
