0 0.2225 0.694375 0.24166666666666667 0.03875
0 0.7908333333333334 0.698125 0.225 0.03375
0 0.515 0.694375 0.22333333333333336 0.03625
0 0.22666666666666668 0.6375000000000001 0.2366666666666667 0.0375
0 0.7866666666666667 0.644375 0.2366666666666667 0.043750000000000004
0 0.5191666666666667 0.63875 0.21500000000000002 0.0375
0 0.7958333333333334 0.5825 0.22833333333333336 0.0375
0 0.22666666666666668 0.578125 0.2366666666666667 0.03875
0 0.5141666666666667 0.583125 0.2316666666666667 0.043750000000000004
0 0.5133333333333334 0.5275 0.2366666666666667 0.035
0 0.7958333333333334 0.53125 0.2316666666666667 0.04
0 0.2225 0.524375 0.2516666666666667 0.03875
0 0.795 0.470625 0.24000000000000002 0.03875
0 0.52 0.46625 0.22666666666666668 0.0425
0 0.2316666666666667 0.463125 0.24000000000000002 0.03625
0 0.8016666666666667 0.4175 0.22666666666666668 0.035
0 0.5216666666666667 0.41000000000000003 0.23333333333333334 0.0375
0 0.2275 0.4 0.24833333333333335 0.04
0 0.8 0.364375 0.24000000000000002 0.04125
0 0.5691666666666667 0.354375 0.14500000000000002 0.03125
0 0.22833333333333336 0.34 0.25 0.04
0 0.8 0.306875 0.24333333333333335 0.03625
0 0.5258333333333334 0.2975 0.23833333333333334 0.0425
0 0.23333333333333334 0.28500000000000003 0.24000000000000002 0.035
0 0.8066666666666668 0.244375 0.2366666666666667 0.04125
0 0.5316666666666667 0.235625 0.23 0.03875
0 0.23583333333333334 0.22875 0.23500000000000001 0.04
0 0.81 0.194375 0.23 0.03625
0 0.5316666666666667 0.18 0.23333333333333334 0.0375
0 0.24416666666666667 0.165625 0.225 0.03625
