0 0.18500000000000003 0.666875 0.22666666666666668 0.04625
0 0.7525000000000001 0.64375 0.21500000000000002 0.0475
0 0.47500000000000003 0.6625 0.2366666666666667 0.0425
0 0.18166666666666667 0.605625 0.21666666666666667 0.03875
0 0.4716666666666667 0.5962500000000001 0.23 0.04
0 0.7508333333333334 0.59125 0.225 0.035
0 0.17833333333333334 0.541875 0.21333333333333335 0.04125
0 0.4708333333333334 0.539375 0.22833333333333336 0.03625
0 0.7483333333333334 0.536875 0.21666666666666667 0.03875
0 0.745 0.48375 0.21333333333333335 0.0375
0 0.4658333333333334 0.483125 0.22166666666666668 0.03625
0 0.17833333333333334 0.481875 0.21333333333333335 0.043750000000000004
0 0.17416666666666666 0.42375 0.21166666666666667 0.035
0 0.4666666666666667 0.425 0.22333333333333336 0.04
0 0.7433333333333334 0.3725 0.22 0.0425
0 0.4658333333333334 0.368125 0.225 0.03875
0 0.17666666666666667 0.366875 0.21666666666666667 0.04625
0 0.7400000000000001 0.31625000000000003 0.21666666666666667 0.04
0 0.4241666666666667 0.306875 0.14833333333333334 0.03125
0 0.17750000000000002 0.30625 0.21833333333333335 0.035
0 0.7441666666666668 0.261875 0.225 0.04125
0 0.465 0.251875 0.23 0.03875
0 0.17416666666666666 0.244375 0.21166666666666667 0.03875
0 0.46 0.195625 0.22333333333333336 0.04125
0 0.17666666666666667 0.19 0.21333333333333335 0.055
0 0.4633333333333334 0.14125000000000001 0.23 0.045
0 0.17583333333333334 0.13 0.2016666666666667 0.0575
0 0.7308333333333333 0.15937500000000002 0.21833333333333335 0.03875
0 0.7391666666666667 0.206875 0.21833333333333335 0.03875
0 0.7516666666666667 0.4275 0.22 0.0425
