0 0.21616666666666665 0.14575 0.23233333333333334 0.035
0 0.204 0.1995 0.20333333333333334 0.0425
0 0.20166666666666666 0.249625 0.19466666666666665 0.03425
0 0.20833333333333331 0.3025 0.20533333333333334 0.0365
0 0.205 0.3525 0.20333333333333334 0.0335
0 0.2045 0.41000000000000003 0.189 0.0385
0 0.48333333333333334 0.145 0.19799999999999998 0.03
0 0.48883333333333334 0.19625 0.19766666666666666 0.0325
0 0.48333333333333334 0.252 0.19133333333333333 0.0325
0 0.4766666666666666 0.302 0.182 0.0325
0 0.4933333333333333 0.35375 0.21533333333333332 0.0375
0 0.489 0.405 0.19999999999999998 0.035
0 0.7716666666666666 0.141625 0.22999999999999998 0.03175
0 0.769 0.18962500000000002 0.23333333333333334 0.03925
0 0.7543333333333333 0.24375 0.20666666666666667 0.031
0 0.7444999999999999 0.29912500000000003 0.18433333333333332 0.03175
0 0.7633333333333333 0.35175 0.20666666666666667 0.04
0 0.7743333333333333 0.404625 0.23333333333333334 0.035750000000000004
0 0.2205 0.46375 0.23233333333333334 0.039
0 0.48783333333333334 0.459625 0.20233333333333334 0.03425
0 0.7688333333333333 0.459625 0.22233333333333333 0.035750000000000004
0 0.195 0.5175 0.17666666666666667 0.03
0 0.204 0.56875 0.19666666666666666 0.036000000000000004
0 0.225 0.62425 0.24333333333333332 0.035
0 0.48616666666666664 0.514625 0.19899999999999998 0.03425
0 0.48 0.56675 0.18666666666666665 0.04
0 0.49216666666666664 0.624125 0.211 0.03825
0 0.765 0.5125 0.21866666666666665 0.043500000000000004
0 0.7783333333333333 0.567125 0.24333333333333332 0.04075
0 0.7755 0.62375 0.23766666666666666 0.041
0 0.7595 0.67925 0.20566666666666666 0.04
0 0.474 0.678 0.18333333333333332 0.0375
0 0.225 0.679125 0.25666666666666665 0.03825
0 0.48233333333333334 0.733 0.18666666666666665 0.0375
0 0.7783333333333333 0.7375 0.23199999999999998 0.043500000000000004
0 0.18616666666666665 0.732 0.179 0.0325
0 0.2095 0.785875 0.219 0.03825
0 0.481 0.792125 0.19333333333333333 0.03925
0 0.7756666666666666 0.7987500000000001 0.22 0.046
0 0.21116666666666667 0.845875 0.20233333333333334 0.03825
0 0.486 0.8512500000000001 0.21 0.041
0 0.7888333333333333 0.85575 0.249 0.035
0 0.7821666666666667 0.91625 0.22433333333333333 0.039
0 0.4928333333333333 0.9167500000000001 0.23433333333333334 0.04
0 0.1905 0.905875 0.18566666666666667 0.03825
