0 0.8453333333333333 0.132875 0.19866666666666666 0.03425
0 0.5708333333333333 0.1355 0.20566666666666666 0.0425
0 0.2865 0.140375 0.239 0.035750000000000004
0 0.298 0.192125 0.19999999999999998 0.03925
0 0.30316666666666664 0.243375 0.20099999999999998 0.03825
0 0.5741666666666666 0.1875 0.19899999999999998 0.0385
0 0.5675 0.240875 0.21433333333333332 0.043250000000000004
0 0.8476666666666667 0.185375 0.20333333333333334 0.03425
0 0.8486666666666667 0.239125 0.19866666666666666 0.03825
0 0.5743333333333334 0.294625 0.19666666666666666 0.04075
0 0.2793333333333333 0.2975 0.23333333333333334 0.035
0 0.2803333333333333 0.34875 0.238 0.041
0 0.2781666666666667 0.40425 0.24433333333333332 0.035
0 0.577 0.34800000000000003 0.20866666666666667 0.0375
0 0.5743333333333334 0.4045 0.20333333333333334 0.0325
0 0.8491666666666666 0.295 0.19566666666666666 0.04
0 0.847 0.350375 0.19999999999999998 0.03425
0 0.28099999999999997 0.45625 0.24333333333333332 0.0375
0 0.5598333333333333 0.457125 0.22766666666666666 0.03425
0 0.8498333333333333 0.406625 0.20099999999999998 0.043250000000000004
0 0.846 0.45787500000000003 0.19999999999999998 0.03075
0 0.29983333333333334 0.512125 0.19433333333333333 0.035750000000000004
0 0.3025 0.56375 0.18433333333333332 0.0325
0 0.5613333333333334 0.512125 0.23333333333333334 0.03425
0 0.847 0.515 0.19533333333333333 0.0335
0 0.5541666666666667 0.56925 0.241 0.035
0 0.27366666666666667 0.62 0.23333333333333334 0.035
0 0.27149999999999996 0.675 0.25566666666666665 0.0385
0 0.2598333333333333 0.729125 0.2723333333333333 0.03675
0 0.2563333333333333 0.7887500000000001 0.27666666666666667 0.036000000000000004
0 0.5498333333333333 0.623375 0.241 0.03675
0 0.8393333333333333 0.5700000000000001 0.20666666666666667 0.0365
0 0.5436666666666666 0.6775 0.258 0.0365
0 0.563 0.733375 0.22999999999999998 0.03675
0 0.833 0.623375 0.22999999999999998 0.03325
0 0.8265 0.6845 0.24766666666666665 0.0425
0 0.8464999999999999 0.73875 0.20099999999999998 0.039
0 0.8293333333333333 0.792125 0.24 0.04075
0 0.5498333333333333 0.7945 0.24766666666666665 0.0375
0 0.5569999999999999 0.852875 0.23533333333333334 0.03425
0 0.26866666666666666 0.8446250000000001 0.25 0.03425
0 0.26866666666666666 0.898375 0.248 0.03675
0 0.5493333333333333 0.9075 0.24666666666666665 0.0365
0 0.8343333333333333 0.85 0.23666666666666666 0.04
0 0.8208333333333333 0.908375 0.26766666666666666 0.04175
