0 0.2588320115356885 0.146625 0.22999279019466473 0.03825
0 0.5528118240807498 0.145 0.22602739726027396 0.0335
0 0.8311103100216294 0.142125 0.21016582552271088 0.03425
0 0.8424657534246575 0.193375 0.2328767123287671 0.04175
0 0.8357966834895457 0.2425 0.21737563085796682 0.035
0 0.8406633020908435 0.290375 0.2343186733958183 0.03925
0 0.8357966834895457 0.34375 0.21521268925739004 0.034
0 0.8329127613554433 0.39375 0.218817591925018 0.0375
0 0.8538211968276856 0.44925 0.2584715212689257 0.04
0 0.5355082912761355 0.193375 0.20295602018745493 0.03325
0 0.5589401586157173 0.24825 0.24044700793078586 0.035
0 0.558759913482336 0.29625 0.24513338139870222 0.034
0 0.5331651045421774 0.349125 0.1910598413842826 0.03675
0 0.5329848594087959 0.397125 0.1935832732516222 0.035750000000000004
0 0.5437995674116799 0.450875 0.21521268925739004 0.03175
0 0.2665825522710887 0.19875 0.25270367700072094 0.039
0 0.2595529920692141 0.247125 0.2335976928622927 0.03925
0 0.25468637346791634 0.30175 0.2332372025955299 0.035
0 0.25324441240086515 0.35000000000000003 0.22602739726027396 0.0385
0 0.2370223503965393 0.404125 0.18637346791636625 0.03675
0 0.25739005046863733 0.452875 0.2054794520547945 0.03075
0 0.24783705839942322 0.505 0.19574621485219898 0.0285
0 0.5324441240086517 0.50425 0.18961788031723142 0.035
0 0.8419250180245132 0.50325 0.23179524152847872 0.035
0 0.8262436914203316 0.55625 0.19826964671953856 0.034
0 0.5443403028118241 0.5553750000000001 0.22350396539293438 0.035750000000000004
0 0.25450612833453495 0.557 0.21124729632299927 0.0325
0 0.2636986301369863 0.61125 0.22963229992790193 0.0425
0 0.54253785147801 0.611625 0.21268925739005046 0.03675
0 0.8520187454938716 0.6128750000000001 0.2570295602018745 0.03925
0 0.8280461427541456 0.6687500000000001 0.1925018024513338 0.039
0 0.5391131939437634 0.663 0.2080028839221341 0.0325
0 0.2626171593366979 0.6625 0.22746935832732515 0.0315
0 0.2534246575342466 0.7116250000000001 0.21629416005767843 0.03675
0 0.249098774333093 0.765875 0.2076423936553713 0.03675
0 0.25324441240086515 0.823375 0.21377072819033885 0.04175
0 0.2714491708723864 0.88075 0.2501802451333814 0.045
0 0.5432588320115357 0.72 0.22855082912761354 0.04
0 0.5306416726748377 0.7745 0.18889689978370583 0.0375
0 0.5474044700793078 0.8320000000000001 0.22963229992790193 0.0425
0 0.8377793799567411 0.724125 0.21629416005767843 0.04175
0 0.8635544340302811 0.7825 0.26063446286950254 0.035
0 0.8666186012977649 0.839125 0.26676279740447006 0.03675
0 0.8695025234318673 0.899625 0.2609949531362653 0.03925
0 0.5569574621485219 0.893375 0.2487382840663302 0.04675
