0 0.8714285714285714 0.17297979797979798 0.20476190476190476 0.027777777777777776
0 0.555952380952381 0.17297979797979798 0.24603174603174602 0.03434343434343434
0 0.2523809523809524 0.1726010101010101 0.26587301587301587 0.037121212121212124
0 0.23333333333333334 0.21843434343434343 0.30158730158730157 0.03787878787878788
0 0.24365079365079365 0.26805555555555555 0.2857142857142857 0.0345959595959596
0 0.2376984126984127 0.3181818181818182 0.2896825396825397 0.03686868686868687
0 0.2154761904761905 0.36527777777777776 0.32936507936507936 0.03358585858585859
0 0.55 0.2191919191919192 0.2714285714285714 0.03787878787878788
0 0.5545634920634921 0.26805555555555555 0.2567460317460317 0.03611111111111111
0 0.5380952380952381 0.31603535353535356 0.2873015873015873 0.03611111111111111
0 0.540079365079365 0.3669191919191919 0.28015873015873016 0.0404040404040404
0 0.8787698412698413 0.22095959595959597 0.19325396825396826 0.031313131313131314
0 0.8801587301587301 0.26856060606060606 0.1984126984126984 0.03207070707070707
0 0.8827380952380952 0.31691919191919193 0.19325396825396826 0.03434343434343434
0 0.8720238095238095 0.3661616161616162 0.21706349206349207 0.03686868686868687
0 0.8634920634920635 0.4166666666666667 0.23412698412698413 0.03535353535353535
0 0.8587301587301587 0.46464646464646464 0.23809523809523808 0.03383838383838384
0 0.5488095238095239 0.41919191919191917 0.25793650793650796 0.03888888888888889
0 0.2642857142857143 0.41363636363636364 0.2396825396825397 0.03282828282828283
0 0.23313492063492064 0.4662878787878788 0.275 0.038636363636363635
0 0.5406746031746031 0.4667929292929293 0.2765873015873016 0.0345959595959596
0 0.5432539682539682 0.5147727272727273 0.27380952380952384 0.0345959595959596
0 0.2371031746031746 0.5143939393939394 0.28055555555555556 0.03535353535353535
0 0.8859126984126984 0.5160353535353536 0.18373015873015874 0.03207070707070707
0 0.8873015873015873 0.5665404040404041 0.18412698412698414 0.038636363636363635
0 0.5392857142857143 0.5674242424242424 0.2976190476190476 0.0404040404040404
0 0.23313492063492064 0.5665404040404041 0.28055555555555556 0.03358585858585859
0 0.21924603174603174 0.61489898989899 0.31626984126984126 0.03939393939393939
0 0.22341269841269842 0.6670454545454545 0.2976190476190476 0.04116161616161616
0 0.2257936507936508 0.7217171717171718 0.28174603174603174 0.04292929292929293
0 0.22123015873015872 0.7765151515151515 0.2988095238095238 0.04292929292929293
0 0.24365079365079365 0.8257575757575758 0.25396825396825395 0.03888888888888889
0 0.20992063492063492 0.8847222222222222 0.3134920634920635 0.03358585858585859
0 0.5513888888888889 0.614520202020202 0.25277777777777777 0.03207070707070707
0 0.5434523809523809 0.6695707070707071 0.2765873015873016 0.03106060606060606
0 0.5327380952380952 0.7234848484848485 0.30277777777777776 0.03939393939393939
0 0.5375 0.7752525252525253 0.29642857142857143 0.03535353535353535
0 0.5361111111111111 0.8311868686868686 0.29365079365079366 0.039646464646464645
0 0.555952380952381 0.8843434343434343 0.2642857142857143 0.03787878787878788
0 0.8781746031746032 0.6203282828282828 0.21825396825396826 0.03358585858585859
0 0.8748015873015873 0.6691919191919192 0.23293650793650794 0.03535353535353535
0 0.8628968253968254 0.7213383838383839 0.2511904761904762 0.037121212121212124
0 0.8793650793650793 0.7736111111111111 0.21825396825396826 0.037121212121212124
0 0.8833333333333333 0.8286616161616162 0.21031746031746032 0.039646464646464645
0 0.8833333333333333 0.8813131313131313 0.2126984126984127 0.03383838383838384
