0 0.1911764705882353 0.16414141414141414 0.23109243697478993 0.03383838383838384
0 0.20651260504201682 0.2159090909090909 0.27605042016806725 0.03636363636363636
0 0.19264705882352942 0.2667929292929293 0.23403361344537815 0.037121212121212124
0 0.20021008403361346 0.3181818181818182 0.2550420168067227 0.03383838383838384
0 0.17436974789915968 0.3669191919191919 0.21176470588235297 0.03535353535353535
0 0.18487394957983194 0.41919191919191917 0.23781512605042018 0.03888888888888889
0 0.17373949579831935 0.4702020202020202 0.21302521008403363 0.03282828282828283
0 0.16953781512605043 0.5210858585858585 0.22142857142857145 0.03207070707070707
0 0.5399159663865547 0.16792929292929293 0.26218487394957984 0.03434343434343434
0 0.5210084033613446 0.21666666666666667 0.22941176470588237 0.03282828282828283
0 0.5258403361344538 0.2696969696969697 0.24495798319327733 0.03787878787878788
0 0.5420168067226891 0.3210858585858586 0.27983193277310925 0.03611111111111111
0 0.49642857142857144 0.37247474747474746 0.19453781512605042 0.03787878787878788
0 0.5138655462184875 0.41792929292929293 0.22689075630252103 0.03939393939393939
0 0.5308823529411765 0.4734848484848485 0.2634453781512605 0.04292929292929293
0 0.5119747899159665 0.5227272727272727 0.2281512605042017 0.03383838383838384
0 0.8544117647058824 0.17462121212121212 0.23823529411764707 0.04621212121212121
0 0.8521008403361345 0.22525252525252526 0.23949579831932774 0.03787878787878788
0 0.8439075630252101 0.273989898989899 0.21722689075630253 0.03636363636363636
0 0.8409663865546219 0.3210858585858586 0.2281512605042017 0.0345959595959596
0 0.842436974789916 0.37373737373737376 0.23361344537815126 0.03888888888888889
0 0.8340336134453782 0.4263888888888889 0.2142857142857143 0.0345959595959596
0 0.8243697478991597 0.476010101010101 0.19747899159663868 0.031313131313131314
0 0.852310924369748 0.5286616161616161 0.26176470588235295 0.038636363636363635
0 0.8481092436974791 0.5820707070707071 0.2508403361344538 0.03787878787878788
0 0.534453781512605 0.5741161616161616 0.28991596638655465 0.03358585858585859
0 0.19033613445378153 0.5712121212121212 0.2605042016806723 0.03282828282828283
0 0.196218487394958 0.6194444444444445 0.2773109243697479 0.03535353535353535
0 0.4972689075630252 0.6262626262626263 0.21554621848739497 0.03383838383838384
0 0.846638655462185 0.6338383838383839 0.25882352941176473 0.03888888888888889
0 0.8340336134453782 0.6868686868686869 0.24537815126050422 0.04191919191919192
0 0.8460084033613446 0.7424242424242424 0.2634453781512605 0.04393939393939394
0 0.4972689075630252 0.6789141414141414 0.22142857142857145 0.04116161616161616
0 0.5035714285714286 0.7319444444444444 0.2281512605042017 0.03611111111111111
0 0.5126050420168068 0.7849747474747475 0.2605042016806723 0.04621212121212121
0 0.1773109243697479 0.6746212121212121 0.24789915966386555 0.0345959595959596
0 0.17857142857142858 0.7234848484848485 0.23949579831932774 0.03434343434343434
0 0.17310924369747901 0.7732323232323233 0.24789915966386555 0.03787878787878788
0 0.17310924369747901 0.8265151515151515 0.23109243697478993 0.030303030303030304
0 0.17647058823529413 0.8787878787878788 0.24369747899159666 0.04191919191919192
0 0.509873949579832 0.8380050505050505 0.2634453781512605 0.039646464646464645
0 0.5222689075630252 0.8964646464646464 0.2773109243697479 0.045454545454545456
0 0.8563025210084034 0.797979797979798 0.2815126050420168 0.03535353535353535
0 0.8537815126050421 0.8468434343434343 0.273109243697479 0.037121212121212124
0 0.8550420168067228 0.9036616161616161 0.2705882352941177 0.039646464646464645
