0 0.1415525114155251 0.1820345778000501 0.19459079733052334 0.031821598596842894
0 0.4120126448893572 0.18416436983212228 0.19459079733052334 0.03908794788273616
0 0.6954689146469968 0.18078175895765472 0.2107481559536354 0.03432723628163368
0 0.6977520196698279 0.23390127787521925 0.220231822971549 0.03833625657729892
0 0.6847558833860203 0.2848910047607116 0.19423955040393395 0.03507892758707091
0 0.7140850017562346 0.33700826860435984 0.25500526870389884 0.03908794788273616
0 0.6779065683175272 0.3871210223001754 0.18967334035827185 0.031069907291405664
0 0.4074464348436951 0.23465296918065648 0.18967334035827185 0.031821598596842894
0 0.4137688795223042 0.2822600851916813 0.20512820512820512 0.03332498120771737
0 0.41429574991218826 0.3357554497619644 0.2012644889357218 0.036582310197945375
0 0.3991921320688444 0.387496867952894 0.17316473480857042 0.036832873966424456
0 0.41025641025641024 0.4376096216487096 0.19107832806462943 0.031821598596842894
0 0.7147874956094133 0.44099223252317715 0.24938531787846857 0.03507892758707091
0 0.13926940639269406 0.23302430468554247 0.19423955040393395 0.03157103482836382
0 0.14032314717246225 0.28313705838135805 0.1872146118721461 0.03157103482836382
0 0.1462943449244819 0.3357554497619644 0.20828942746750964 0.04159358556752694
0 0.14980681419037584 0.3854923578050614 0.21320688443976116 0.03432723628163368
0 0.1473480857042501 0.4363568028063142 0.20828942746750964 0.039338511651215234
0 0.4172813487881981 0.4906038586820346 0.20231822971549 0.03257328990228013
0 0.6935370565507551 0.49185667752442996 0.21180189673340358 0.030067652217489353
0 0.6736916051984545 0.5424705587572037 0.1742184755883386 0.03257328990228013
0 0.4020021074815595 0.5387121022300175 0.1696522655426765 0.030067652217489353
0 0.14453811029153493 0.4873465296918066 0.20477695820161573 0.031069907291405664
0 0.11626273270108886 0.5387121022300175 0.1510361784334387 0.03507892758707091
0 0.4165788549350193 0.5909546479579053 0.20372321742184754 0.039338511651215234
0 0.6882683526519143 0.5925833124530193 0.2061819459079733 0.03908794788273616
0 0.6917808219178082 0.6477073415184165 0.21320688443976116 0.03257328990228013
0 0.6743940990516333 0.6970684039087948 0.17562346329469616 0.03257328990228013
0 0.684931506849315 0.7470558757203709 0.1966982788900597 0.030819343522926586
0 0.41025641025641024 0.6423202204961163 0.20723568668774148 0.03332498120771737
0 0.4120126448893572 0.6958155850663994 0.2058306989813839 0.03507892758707091
0 0.4137688795223042 0.7488098220997244 0.20934316824727783 0.03432723628163368
0 0.6784334387074114 0.8026810323227261 0.19564453811029153 0.031821598596842894
0 0.6800140498770636 0.851916812828865 0.2107481559536354 0.03507892758707091
0 0.12574639971900245 0.5909546479579053 0.17702845100105374 0.035830618892508145
0 0.12644889357218125 0.6419443748433976 0.18967334035827185 0.03758456527186169
0 0.142781875658588 0.6935605111500878 0.220231822971549 0.03257328990228013
0 0.1192483315770987 0.7484339764470058 0.16403231471724622 0.03507892758707091
0 0.1282051282051282 0.7980456026058632 0.18616087109237794 0.03758456527186169
0 0.40042149631190727 0.8023051866700075 0.1966982788900597 0.03257328990228013
0 0.4067439409905163 0.8565522425457279 0.20723568668774148 0.035830618892508145
0 0.4160519845451352 0.9079178150839389 0.22585177379697927 0.03833625657729892
0 0.1322444678609062 0.8522926584815835 0.19915700737618544 0.0408418942620897
0 0.13505444327362134 0.9015284389877224 0.20477695820161573 0.03758456527186169
0 0.7053038285914998 0.9091706339263342 0.2514927994380049 0.035830618892508145
