0 0.7745 0.1375 0.2583333333333333 0.0375
0 0.5311666666666667 0.13625 0.18833333333333332 0.0325
0 0.2753333333333333 0.134375 0.19666666666666666 0.03625
0 0.26616666666666666 0.18625 0.20833333333333331 0.0375
0 0.5361666666666667 0.18375 0.19166666666666665 0.0275
0 0.8078333333333333 0.184375 0.205 0.03375
0 0.7945 0.238125 0.22833333333333333 0.03875
0 0.532 0.23875000000000002 0.21666666666666665 0.04
0 0.2828333333333333 0.235625 0.175 0.03125
0 0.267 0.283125 0.19666666666666666 0.03375
0 0.5461666666666667 0.28875 0.175 0.035
0 0.8086666666666666 0.288125 0.21333333333333332 0.03625
0 0.8145 0.33875 0.19833333333333333 0.035
0 0.5295 0.3425 0.20833333333333331 0.0325
0 0.25866666666666666 0.336875 0.22333333333333333 0.03875
0 0.267 0.388125 0.22333333333333333 0.03875
0 0.5311666666666667 0.393125 0.20833333333333331 0.03125
0 0.8095 0.389375 0.21166666666666667 0.03375
0 0.5428333333333333 0.440625 0.175 0.03375
0 0.262 0.448125 0.21666666666666665 0.03625
0 0.8119999999999999 0.4425 0.21 0.0375
0 0.8086666666666666 0.496875 0.22333333333333333 0.03625
0 0.5336666666666666 0.494375 0.20333333333333334 0.03625
0 0.2645 0.4975 0.21166666666666667 0.03
0 0.2578333333333333 0.5475 0.22166666666666665 0.035
0 0.26616666666666666 0.601875 0.195 0.03875
0 0.542 0.550625 0.19 0.03375
0 0.5386666666666666 0.6012500000000001 0.19999999999999998 0.0375
0 0.8036666666666666 0.55 0.23666666666666666 0.045
0 0.8211666666666666 0.6075 0.225 0.04
0 0.8203333333333334 0.655 0.21 0.04
0 0.5428333333333333 0.656875 0.205 0.03875
0 0.24616666666666664 0.660625 0.245 0.04125
0 0.24533333333333332 0.7175 0.25 0.0425
0 0.25616666666666665 0.77625 0.21833333333333332 0.0425
0 0.2553333333333333 0.839375 0.22666666666666666 0.051250000000000004
0 0.23616666666666666 0.900625 0.24833333333333332 0.051250000000000004
0 0.532 0.71125 0.21 0.035
0 0.522 0.76875 0.25666666666666665 0.05
0 0.5336666666666666 0.825625 0.22999999999999998 0.043750000000000004
0 0.542 0.88875 0.21666666666666665 0.0475
0 0.827 0.711875 0.19999999999999998 0.03625
0 0.8295 0.765 0.205 0.0425
0 0.8145 0.8225 0.2383333333333333 0.04
0 0.8336666666666667 0.881875 0.19333333333333333 0.043750000000000004
