0 0.175 0.115625 0.19999999999999998 0.03375
0 0.45666666666666667 0.115625 0.22 0.03875
0 0.7258333333333333 0.113125 0.205 0.03875
0 0.7374999999999999 0.16375 0.2383333333333333 0.0375
0 0.7316666666666667 0.22 0.21666666666666665 0.04
0 0.7633333333333333 0.27187500000000003 0.2733333333333333 0.04125
0 0.7274999999999999 0.326875 0.20166666666666666 0.03875
0 0.7266666666666667 0.38125000000000003 0.21333333333333332 0.0425
0 0.7374999999999999 0.434375 0.22166666666666665 0.04125
0 0.7408333333333333 0.491875 0.215 0.04125
0 0.745 0.54875 0.22999999999999998 0.0375
0 0.7558333333333334 0.6012500000000001 0.24166666666666667 0.0325
0 0.7274999999999999 0.66125 0.20166666666666666 0.0425
0 0.44166666666666665 0.166875 0.18333333333333332 0.03375
0 0.45666666666666667 0.22 0.22333333333333333 0.0425
0 0.45499999999999996 0.274375 0.21666666666666665 0.03875
0 0.45666666666666667 0.32625 0.21666666666666665 0.0425
0 0.45666666666666667 0.38375000000000004 0.22333333333333333 0.0425
0 0.4666666666666667 0.4375 0.24666666666666665 0.0425
0 0.45916666666666667 0.49375 0.23166666666666666 0.0375
0 0.445 0.546875 0.21 0.04125
0 0.4508333333333333 0.60375 0.21833333333333332 0.0425
0 0.45166666666666666 0.665 0.21666666666666665 0.0375
0 0.4508333333333333 0.71625 0.215 0.0425
0 0.45 0.775 0.22 0.04
0 0.4633333333333333 0.83625 0.23333333333333334 0.045
0 0.4408333333333333 0.890625 0.20833333333333331 0.04625
0 0.7441666666666666 0.716875 0.215 0.04125
0 0.7374999999999999 0.774375 0.19833333333333333 0.03875
0 0.7583333333333333 0.8375 0.2533333333333333 0.0425
0 0.7491666666666666 0.889375 0.24833333333333332 0.043750000000000004
0 0.1825 0.170625 0.21833333333333332 0.03625
0 0.1725 0.22187500000000002 0.20833333333333331 0.03375
0 0.16333333333333333 0.276875 0.19333333333333333 0.03625
0 0.19666666666666666 0.32875 0.2533333333333333 0.035
0 0.18 0.381875 0.22666666666666666 0.03875
0 0.16999999999999998 0.43625 0.21 0.035
0 0.16583333333333333 0.49062500000000003 0.21166666666666667 0.03875
0 0.15666666666666665 0.548125 0.19333333333333333 0.03875
0 0.1625 0.604375 0.22166666666666665 0.03875
0 0.16416666666666666 0.663125 0.22166666666666665 0.04125
0 0.1575 0.7175 0.215 0.04
0 0.18333333333333332 0.77625 0.2533333333333333 0.0475
0 0.17916666666666667 0.835 0.24166666666666667 0.04
0 0.15833333333333333 0.8925000000000001 0.21333333333333332 0.045
