0 0.7270236087689713 0.13560300057703403 0.22554806070826305 0.03462204270051933
0 0.7344013490725126 0.18465089440276974 0.21079258010118043 0.03462204270051933
0 0.7396711635750421 0.23225620311598383 0.1918212478920742 0.031736872475476054
0 0.740725126475548 0.2791402192729371 0.193929173693086 0.030294287362954413
0 0.741779089376054 0.32602423542989034 0.20446880269814502 0.040392383150605886
0 0.7459949409780775 0.37435083669936525 0.2002529510961214 0.038949798038084245
0 0.7459949409780775 0.4226774379688401 0.20446880269814502 0.037507212925562604
0 0.751264755480607 0.4774956722446624 0.21500843170320402 0.04327755337564916
0 0.752318718381113 0.5279861511829198 0.21711635750421585 0.037507212925562604
0 0.7575885328836425 0.582804385458742 0.21922428330522764 0.046162723600692436
0 0.7481028667790893 0.6376226197345642 0.23397976391231026 0.037507212925562604
0 0.7428330522765598 0.6953260242354299 0.2613827993254637 0.04904789382573572
0 0.7776138279932546 0.7523081361800346 0.22133220910623944 0.038949798038084245
0 0.7913153456998313 0.8136180034622043 0.20236087689713322 0.040392383150605886
0 0.7807757166947723 0.8742065781881131 0.22765598650927485 0.04327755337564916
0 0.46037099494097805 0.12189844200807846 0.21500843170320402 0.038949798038084245
0 0.46669477234401346 0.17311021350259664 0.20657672849915681 0.037507212925562604
0 0.4635328836424958 0.22071552221581073 0.21290050590219223 0.03462204270051933
0 0.46564080944350755 0.26687824581650316 0.2086846543001686 0.037507212925562604
0 0.46458684654300164 0.3130409694171956 0.21079258010118043 0.037507212925562604
0 0.45931703204047214 0.3642527409117138 0.22133220910623944 0.038949798038084245
0 0.45931703204047214 0.4133006347374495 0.22133220910623944 0.04183496826312752
0 0.45931703204047214 0.46884016156953257 0.21290050590219223 0.037507212925562604
0 0.45931703204047214 0.5214945181765723 0.20446880269814502 0.038949798038084245
0 0.45720910623946037 0.5770340450086555 0.21711635750421585 0.04327755337564916
0 0.45615514333895446 0.634737449509521 0.22765598650927485 0.040392383150605886
0 0.45404721753794264 0.694604731679169 0.24030354131534568 0.04760530871321408
0 0.45826306913996623 0.750865551067513 0.23608768971332209 0.0447201384881708
0 0.4677487352445194 0.814339296018465 0.22133220910623944 0.05049047893825735
0 0.45615514333895446 0.8799769186381996 0.23187183811129847 0.04904789382573572
0 0.17474704890387857 0.12261973456433929 0.22133220910623944 0.046162723600692436
0 0.19477234401349072 0.17022504327755336 0.18128161888701516 0.040392383150605886
0 0.16526138279932545 0.2163877668782458 0.2445193929173693 0.04327755337564916
0 0.17790893760539628 0.2654356607039815 0.20657672849915681 0.040392383150605886
0 0.17369308600337266 0.3130409694171956 0.20657672849915681 0.037507212925562604
0 0.1821247892074199 0.359203693017888 0.18549747048903878 0.040392383150605886
0 0.14523608768971333 0.4104154645124062 0.2550590219224283 0.03606462781304097
0 0.16736930860033725 0.46523369878822846 0.21079258010118043 0.038949798038084245
0 0.15261382799325462 0.5186093479515291 0.23187183811129847 0.03606462781304097
0 0.14418212478920742 0.5727062896710906 0.24030354131534568 0.040392383150605886
0 0.14418212478920742 0.6289671090594344 0.23187183811129847 0.04327755337564916
0 0.14523608768971333 0.6924408540103866 0.22976391231028667 0.040392383150605886
0 0.1399662731871838 0.7515868436237737 0.21922428330522764 0.040392383150605886
0 0.13048060708263068 0.8172244662435083 0.22976391231028667 0.03606462781304097
0 0.12731871838111297 0.8763704558568955 0.25295109612141653 0.038949798038084245
