0 0.17488134355604235 0.13891739353514623 0.23366192040890837 0.032067727039507436
0 0.19313618108798833 0.19407388404309903 0.2738225629791895 0.032067727039507436
0 0.16940489229645855 0.25179579271421243 0.2190580503833516 0.03719856336582863
0 0.17579408543263966 0.3056695741405849 0.22818546914932458 0.03463314520266803
0 0.16757940854326397 0.3595433555669574 0.2154070828769624 0.039763981528989224
0 0.18400876232201535 0.4146998460749102 0.25191675794085433 0.03719856336582863
0 0.18218327856882074 0.47113904566444326 0.24826579043446514 0.04232939969214982
0 0.17670682730923695 0.5288609543355567 0.24096385542168675 0.032067727039507436
0 0.1949616648411829 0.5853001539250897 0.25556772544724354 0.03719856336582863
0 0.18400876232201535 0.6410979989738327 0.24826579043446514 0.038481272447408926
0 0.192223439211391 0.6975371985633658 0.25009127418765975 0.038481272447408926
0 0.18857247170500183 0.7514109799897383 0.25009127418765975 0.04104669061056952
0 0.48430083972252647 0.13250384812724472 0.24278933917488135 0.03719856336582863
0 0.785505658999635 0.1203181118522319 0.22818546914932458 0.03591585428424833
0 0.7891566265060241 0.1754746023601847 0.23548740416210295 0.04104669061056952
0 0.785505658999635 0.2293483837865572 0.22818546914932458 0.04361210877373012
0 0.7909821102592187 0.28963571062083115 0.23548740416210295 0.038481272447408926
0 0.791894852135816 0.35120574653668546 0.23001095290251916 0.04104669061056952
0 0.7955458196422052 0.40507952796305796 0.23001095290251916 0.038481272447408926
0 0.801022270901789 0.4634427911749615 0.24096385542168675 0.04232939969214982
0 0.8001095290251917 0.5250128270908158 0.23548740416210295 0.044894817855310416
0 0.810149689667762 0.5846587993842997 0.25191675794085433 0.03591585428424833
0 0.810149689667762 0.6404566444330425 0.2665206279664111 0.03719856336582863
0 0.8265790434465133 0.707157516675218 0.2993793355239138 0.047460236018471005
0 0.8284045271997079 0.7680861980502821 0.2847754654983571 0.04361210877373012
0 0.49434100036509676 0.19150846587993842 0.25191675794085433 0.039763981528989224
0 0.4815626140927346 0.24602360184710106 0.23001095290251916 0.04104669061056952
0 0.49069003285870755 0.30118009235505383 0.24461482292807596 0.04104669061056952
0 0.4751734209565535 0.35761929194458697 0.217232566630157 0.04361210877373012
0 0.49342825848849947 0.41662390969728064 0.25009127418765975 0.038481272447408926
0 0.49890470974808326 0.4672909184197024 0.2683461117196057 0.03719856336582863
0 0.49342825848849947 0.5250128270908158 0.2537422416940489 0.044894817855310416
0 0.49616648411829134 0.582093381221139 0.25191675794085433 0.04617752693689071
0 0.49616648411829134 0.6404566444330425 0.24826579043446514 0.03719856336582863
0 0.4769989047097481 0.6956131349409953 0.217232566630157 0.039763981528989224
0 0.47973713033954 0.7565418163160594 0.23731288791529756 0.04104669061056952
0 0.48521358159912376 0.8187532067727039 0.24096385542168675 0.044894817855310416
0 0.47973713033954 0.8803232426885582 0.23731288791529756 0.0525910723447922
0 0.5007301935012779 0.9412519240636223 0.26104417670682734 0.0487429451000513
0 0.8247535596933188 0.8245253976398152 0.28842643300474624 0.0513083632632119
0 0.80741146403797 0.8860954335556696 0.23548740416210295 0.04104669061056952
0 0.8183643665571376 0.9502308876346844 0.2537422416940489 0.053873781426372495
0 0.19587440671778023 0.8110569522832222 0.2719970792259949 0.044894817855310416
0 0.18309602044541803 0.866854797331965 0.24644030668127054 0.04361210877373012
0 0.2040890836071559 0.9277834787070292 0.28842643300474624 0.044894817855310416
