0 0.4708333333333334 0.89375 0.18166666666666667 0.0275
0 0.7491666666666668 0.89 0.18500000000000003 0.03
0 0.7625000000000001 0.839375 0.21833333333333335 0.03125
0 0.47500000000000003 0.839375 0.19333333333333336 0.03125
0 0.47750000000000004 0.784375 0.19166666666666668 0.03125
0 0.755 0.781875 0.19666666666666668 0.03125
0 0.7425 0.731875 0.1716666666666667 0.02875
0 0.4758333333333334 0.731875 0.18166666666666667 0.03125
0 0.7608333333333334 0.6775 0.21500000000000002 0.03
0 0.4691666666666667 0.67625 0.17500000000000002 0.0275
0 0.76 0.62375 0.21000000000000002 0.03
0 0.47750000000000004 0.6225 0.19166666666666668 0.0275
0 0.7625000000000001 0.573125 0.21833333333333335 0.02875
0 0.4683333333333334 0.571875 0.16 0.03125
0 0.745 0.520625 0.18333333333333335 0.02875
0 0.4625 0.51875 0.155 0.0275
0 0.7458333333333333 0.468125 0.18500000000000003 0.02875
0 0.48000000000000004 0.46625 0.19 0.03
0 0.75 0.4175 0.19333333333333336 0.03
0 0.47500000000000003 0.413125 0.18000000000000002 0.02875
0 0.7416666666666667 0.364375 0.17333333333333334 0.02875
0 0.4741666666666667 0.36375 0.17833333333333334 0.03
0 0.755 0.3125 0.2 0.03
0 0.4658333333333334 0.311875 0.16166666666666668 0.02875
0 0.7408333333333333 0.2625 0.17500000000000002 0.03
0 0.4633333333333334 0.259375 0.15666666666666668 0.02875
0 0.7400000000000001 0.20875 0.17333333333333334 0.03
0 0.4633333333333334 0.206875 0.15333333333333335 0.02875
0 0.75 0.15937500000000002 0.19333333333333336 0.03125
0 0.4683333333333334 0.15687500000000001 0.16333333333333333 0.02875
0 0.2025 0.15812500000000002 0.16833333333333333 0.03375
0 0.21333333333333335 0.21 0.19 0.035
0 0.21916666666666668 0.258125 0.19166666666666668 0.03625
0 0.21750000000000003 0.31 0.2016666666666667 0.0425
0 0.21916666666666668 0.36312500000000003 0.195 0.03875
0 0.21833333333333335 0.41500000000000004 0.21000000000000002 0.0375
0 0.21000000000000002 0.465 0.18333333333333335 0.0325
0 0.21833333333333335 0.519375 0.2 0.03375
0 0.20916666666666667 0.5675 0.17500000000000002 0.0325
0 0.21000000000000002 0.62125 0.19 0.03
0 0.20583333333333334 0.67625 0.18500000000000003 0.035
0 0.21000000000000002 0.729375 0.19333333333333336 0.04125
0 0.21833333333333335 0.780625 0.21000000000000002 0.03875
0 0.21166666666666667 0.835 0.19333333333333336 0.04
0 0.2041666666666667 0.88875 0.18833333333333335 0.035
