0 0.8500000000000001 0.943125 0.24000000000000002 0.03125
0 0.48750000000000004 0.935625 0.21833333333333335 0.03375
0 0.14750000000000002 0.92875 0.22166666666666668 0.0325
0 0.8508333333333334 0.883125 0.24166666666666667 0.03125
0 0.48583333333333334 0.875 0.20500000000000002 0.0325
0 0.16416666666666668 0.868125 0.24166666666666667 0.03375
0 0.8650000000000001 0.821875 0.27 0.03375
0 0.48500000000000004 0.8143750000000001 0.19666666666666668 0.03375
0 0.16583333333333333 0.806875 0.23500000000000001 0.03125
0 0.8650000000000001 0.761875 0.27 0.03375
0 0.17 0.74875 0.21666666666666667 0.0325
0 0.8383333333333334 0.704375 0.21666666666666667 0.03125
0 0.5066666666666667 0.696875 0.22333333333333336 0.03125
0 0.8550000000000001 0.646875 0.25333333333333335 0.03125
0 0.4916666666666667 0.64125 0.19 0.0325
0 0.8466666666666667 0.589375 0.23333333333333334 0.02875
0 0.4966666666666667 0.58625 0.19 0.03
0 0.17500000000000002 0.583125 0.2066666666666667 0.02875
0 0.8500000000000001 0.533125 0.24333333333333335 0.03125
0 0.5025000000000001 0.531875 0.2016666666666667 0.03125
0 0.8491666666666667 0.4825 0.23500000000000001 0.0325
0 0.5141666666666667 0.47750000000000004 0.21833333333333335 0.03
0 0.8433333333333334 0.42562500000000003 0.22666666666666668 0.02875
0 0.5108333333333334 0.4225 0.21166666666666667 0.03
0 0.8458333333333334 0.37375 0.22833333333333336 0.03
0 0.19166666666666668 0.3675 0.23 0.0325
0 0.8400000000000001 0.32 0.21666666666666667 0.03
0 0.5175000000000001 0.31375000000000003 0.225 0.03
0 0.1925 0.311875 0.22833333333333336 0.02875
0 0.8408333333333334 0.263125 0.21166666666666667 0.02875
0 0.1875 0.2625 0.20833333333333334 0.0325
0 0.8416666666666667 0.21125 0.21333333333333335 0.03
0 0.5175000000000001 0.206875 0.21833333333333335 0.03125
0 0.1975 0.208125 0.21833333333333335 0.02875
0 0.8500000000000001 0.1575 0.22666666666666668 0.03
0 0.19666666666666668 0.155 0.21666666666666667 0.03
0 0.5241666666666667 0.154375 0.22833333333333336 0.03125
0 0.5116666666666667 0.2575 0.21333333333333335 0.0375
0 0.5066666666666667 0.369375 0.21666666666666667 0.03125
0 0.18166666666666667 0.42125 0.23 0.035
0 0.18000000000000002 0.473125 0.2366666666666667 0.03375
0 0.1716666666666667 0.5275 0.24666666666666667 0.035
0 0.18000000000000002 0.640625 0.24333333333333335 0.03625
0 0.17 0.694375 0.22333333333333336 0.03375
0 0.49500000000000005 0.7525000000000001 0.22333333333333336 0.0375
