0 0.41750000000000004 0.9243750000000001 0.20500000000000002 0.03125
0 0.15333333333333335 0.921875 0.21000000000000002 0.03375
0 0.6966666666666667 0.914375 0.2 0.03125
0 0.15166666666666667 0.8675 0.2066666666666667 0.0325
0 0.4091666666666667 0.86625 0.18500000000000003 0.0325
0 0.6991666666666667 0.85875 0.20833333333333334 0.03
0 0.13833333333333334 0.8125 0.18000000000000002 0.0325
0 0.4008333333333334 0.8093750000000001 0.1716666666666667 0.03375
0 0.6933333333333334 0.8043750000000001 0.19666666666666668 0.02875
0 0.4025 0.755625 0.16833333333333333 0.03125
0 0.14250000000000002 0.7575000000000001 0.17833333333333334 0.0325
0 0.6908333333333334 0.7475 0.19833333333333333 0.0325
0 0.1391666666666667 0.701875 0.17500000000000002 0.02875
0 0.4066666666666667 0.7000000000000001 0.18333333333333335 0.03
0 0.6916666666666668 0.6950000000000001 0.19666666666666668 0.0325
0 0.1391666666666667 0.649375 0.17500000000000002 0.02875
0 0.39916666666666667 0.645 0.16833333333333333 0.03
0 0.7008333333333334 0.640625 0.22166666666666668 0.03375
0 0.13 0.596875 0.15000000000000002 0.03125
0 0.6991666666666667 0.589375 0.22166666666666668 0.02875
0 0.39916666666666667 0.59 0.16833333333333333 0.03
0 0.14500000000000002 0.541875 0.18333333333333335 0.03125
0 0.6816666666666668 0.536875 0.19333333333333336 0.02875
0 0.41250000000000003 0.5375 0.19833333333333333 0.0275
0 0.14083333333333334 0.48812500000000003 0.1716666666666667 0.02875
0 0.68 0.484375 0.19 0.02875
0 0.4116666666666667 0.485 0.19333333333333336 0.03
0 0.14250000000000002 0.4375 0.17833333333333334 0.03
0 0.4091666666666667 0.434375 0.18833333333333335 0.02875
0 0.6633333333333333 0.43375 0.16 0.03
0 0.14416666666666667 0.384375 0.17833333333333334 0.02875
0 0.6666666666666667 0.38125000000000003 0.17 0.0275
0 0.395 0.380625 0.16333333333333333 0.03125
0 0.14583333333333334 0.333125 0.18166666666666667 0.03375
0 0.6741666666666667 0.33 0.19166666666666668 0.03
0 0.4058333333333334 0.328125 0.18833333333333335 0.03125
0 0.6766666666666667 0.280625 0.19666666666666668 0.02875
0 0.13 0.28250000000000003 0.15000000000000002 0.03
0 0.405 0.27875 0.18333333333333335 0.03
0 0.6608333333333334 0.2325 0.165 0.03
0 0.1391666666666667 0.231875 0.16833333333333333 0.03375
0 0.39916666666666667 0.226875 0.17500000000000002 0.02875
0 0.6733333333333333 0.179375 0.19333333333333336 0.03125
0 0.14333333333333334 0.18 0.17333333333333334 0.03
0 0.3925 0.1775 0.16166666666666668 0.03
