0 0.1675 0.7887500000000001 0.21833333333333335 0.0475
0 0.16333333333333333 0.9087500000000001 0.22 0.0425
0 0.8833333333333334 0.925 0.23333333333333334 0.0325
0 0.5325000000000001 0.921875 0.265 0.04125
0 0.8841666666666668 0.8618750000000001 0.2316666666666667 0.03625
0 0.5233333333333333 0.8525 0.23 0.035
0 0.17250000000000001 0.850625 0.23500000000000001 0.03625
0 0.8716666666666667 0.79625 0.21666666666666667 0.0325
0 0.5191666666666667 0.79 0.225 0.0325
0 0.8600000000000001 0.735 0.19666666666666668 0.03
0 0.5291666666666667 0.72875 0.23833333333333334 0.0325
0 0.19083333333333335 0.7225 0.255 0.035
0 0.8633333333333334 0.675625 0.20333333333333334 0.03375
0 0.5266666666666667 0.669375 0.22666666666666668 0.03125
0 0.18250000000000002 0.6637500000000001 0.23500000000000001 0.03
0 0.8658333333333333 0.6175 0.2016666666666667 0.0325
0 0.515 0.609375 0.19333333333333336 0.03125
0 0.20500000000000002 0.609375 0.26 0.03875
0 0.8666666666666667 0.55875 0.2066666666666667 0.03
0 0.21416666666666667 0.5525 0.25833333333333336 0.04
0 0.8716666666666667 0.503125 0.22333333333333336 0.03125
0 0.5441666666666667 0.4975 0.22833333333333336 0.03
0 0.20833333333333334 0.49062500000000003 0.2366666666666667 0.03125
0 0.8691666666666668 0.45 0.21166666666666667 0.0325
0 0.5308333333333334 0.444375 0.19833333333333333 0.03125
0 0.22083333333333335 0.438125 0.2516666666666667 0.03375
0 0.8666666666666667 0.393125 0.2066666666666667 0.02875
0 0.54 0.386875 0.22 0.03375
0 0.2025 0.37875000000000003 0.20500000000000002 0.035
0 0.8591666666666667 0.339375 0.18833333333333335 0.03125
0 0.5433333333333333 0.33625 0.22 0.035
0 0.21500000000000002 0.325625 0.22 0.03125
0 0.8683333333333334 0.28625 0.2066666666666667 0.03
0 0.55 0.28 0.23 0.03
0 0.20583333333333334 0.275 0.18833333333333335 0.03
0 0.8750000000000001 0.23375 0.21666666666666667 0.0325
0 0.5558333333333334 0.22875 0.23500000000000001 0.0325
0 0.22333333333333336 0.22187500000000002 0.21000000000000002 0.02625
0 0.8650000000000001 0.18375 0.19333333333333336 0.0375
0 0.24083333333333334 0.173125 0.225 0.03125
0 0.8725 0.13125 0.20833333333333334 0.035
0 0.5533333333333333 0.125 0.21333333333333335 0.03
0 0.2541666666666667 0.123125 0.2516666666666667 0.02875
0 0.5266666666666667 0.553125 0.22666666666666668 0.043750000000000004
0 0.5508333333333334 0.17875 0.22833333333333336 0.04
