0 0.45833333333333337 0.913125 0.22 0.03125
0 0.13333333333333333 0.914375 0.2066666666666667 0.03125
0 0.7858333333333334 0.90625 0.22166666666666668 0.03
0 0.7975000000000001 0.849375 0.24833333333333335 0.03375
0 0.4541666666666667 0.795 0.21833333333333335 0.035
0 0.1325 0.7975 0.21166666666666667 0.0325
0 0.7891666666666667 0.79125 0.23833333333333334 0.035
0 0.7808333333333334 0.734375 0.21833333333333335 0.03375
0 0.455 0.733125 0.22333333333333336 0.03125
0 0.15000000000000002 0.681875 0.24333333333333335 0.02875
0 0.79 0.675625 0.24333333333333335 0.03125
0 0.14166666666666666 0.625625 0.22666666666666668 0.03125
0 0.4566666666666667 0.620625 0.22 0.03125
0 0.7783333333333334 0.6168750000000001 0.22333333333333336 0.03125
0 0.4491666666666667 0.56375 0.20833333333333334 0.03
0 0.78 0.56125 0.23333333333333334 0.0325
0 0.455 0.506875 0.22333333333333336 0.03125
0 0.79 0.505625 0.25 0.03125
0 0.13 0.455 0.19333333333333336 0.0325
0 0.7633333333333334 0.449375 0.2066666666666667 0.03125
0 0.445 0.449375 0.20333333333333334 0.03125
0 0.44 0.395 0.19666666666666668 0.035
0 0.1375 0.39875 0.21166666666666667 0.035
0 0.7741666666666667 0.39125 0.2316666666666667 0.03
0 0.135 0.34125 0.2 0.03
0 0.4466666666666667 0.340625 0.21333333333333335 0.03125
0 0.76 0.338125 0.20333333333333334 0.03125
0 0.1375 0.28750000000000003 0.21166666666666667 0.0325
0 0.4425 0.28500000000000003 0.20500000000000002 0.03
0 0.7616666666666667 0.285625 0.21000000000000002 0.03375
0 0.44833333333333336 0.229375 0.22 0.02875
0 0.7716666666666667 0.229375 0.23 0.03375
0 0.13583333333333333 0.179375 0.20833333333333334 0.03375
0 0.44333333333333336 0.17500000000000002 0.2066666666666667 0.03
0 0.7725000000000001 0.120625 0.24166666666666667 0.02875
0 0.13333333333333333 0.12375 0.19666666666666668 0.03
0 0.445 0.120625 0.21333333333333335 0.03375
0 0.7708333333333334 0.17375000000000002 0.24833333333333335 0.04
0 0.1391666666666667 0.23375 0.22166666666666668 0.035
0 0.13166666666666668 0.513125 0.22333333333333336 0.03875
0 0.13166666666666668 0.56875 0.22333333333333336 0.035
0 0.13583333333333333 0.7375 0.21833333333333335 0.0425
0 0.44833333333333336 0.675 0.22666666666666668 0.04
0 0.4491666666666667 0.8525 0.21833333333333335 0.0375
0 0.12083333333333333 0.8562500000000001 0.2016666666666667 0.04
