0 0.8066666666666668 0.146875 0.22666666666666668 0.03375
0 0.8241666666666667 0.355625 0.20833333333333334 0.03125
0 0.14500000000000002 0.9081250000000001 0.26333333333333336 0.03875
0 0.4991666666666667 0.8975 0.26833333333333337 0.0425
0 0.8616666666666667 0.883125 0.21666666666666667 0.04125
0 0.14666666666666667 0.836875 0.25333333333333335 0.03375
0 0.5075000000000001 0.829375 0.23833333333333334 0.04125
0 0.8450000000000001 0.816875 0.2366666666666667 0.03875
0 0.17083333333333334 0.76875 0.22166666666666668 0.0325
0 0.5016666666666667 0.7625000000000001 0.25 0.035
0 0.8458333333333334 0.753125 0.21833333333333335 0.03625
0 0.1625 0.70375 0.23500000000000001 0.0325
0 0.5016666666666667 0.696875 0.24000000000000002 0.03125
0 0.8375 0.693125 0.20833333333333334 0.03125
0 0.1675 0.639375 0.23833333333333334 0.03125
0 0.5216666666666667 0.635 0.20333333333333334 0.035
0 0.8266666666666668 0.633125 0.22333333333333336 0.02875
0 0.165 0.579375 0.24666666666666667 0.03625
0 0.5141666666666667 0.5775 0.21166666666666667 0.0325
0 0.8441666666666667 0.5750000000000001 0.18166666666666667 0.0325
0 0.8341666666666667 0.52 0.18833333333333335 0.0275
0 0.17083333333333334 0.515625 0.24166666666666667 0.03625
0 0.5016666666666667 0.51625 0.23 0.035
0 0.8241666666666667 0.464375 0.20833333333333334 0.02875
0 0.4916666666666667 0.46125 0.24666666666666667 0.0325
0 0.17250000000000001 0.45625 0.24166666666666667 0.0325
0 0.8233333333333334 0.41125 0.2066666666666667 0.0325
0 0.5041666666666667 0.405 0.22166666666666668 0.0325
0 0.17666666666666667 0.3975 0.23 0.03
0 0.4991666666666667 0.35000000000000003 0.225 0.035
0 0.18666666666666668 0.34375 0.21666666666666667 0.035
0 0.81 0.30125 0.22333333333333336 0.03
0 0.5133333333333334 0.299375 0.19666666666666668 0.02875
0 0.19333333333333336 0.28750000000000003 0.21000000000000002 0.03
0 0.8075000000000001 0.25 0.21833333333333335 0.03
0 0.5041666666666667 0.244375 0.21500000000000002 0.02875
0 0.1925 0.233125 0.20833333333333334 0.02875
0 0.7975000000000001 0.198125 0.23500000000000001 0.02875
0 0.5191666666666667 0.19187500000000002 0.18833333333333335 0.03125
0 0.19166666666666668 0.18 0.22 0.03
0 0.20833333333333334 0.12625 0.18666666666666668 0.0325
0 0.7933333333333333 0.095 0.23333333333333334 0.03
0 0.5166666666666667 0.081875 0.19 0.02875
0 0.1875 0.069375 0.22833333333333336 0.03375
0 0.5091666666666667 0.138125 0.21166666666666667 0.043750000000000004
