0 0.4241666666666667 0.905 0.18500000000000003 0.03
0 0.7133333333333334 0.901875 0.17666666666666667 0.03125
0 0.1375 0.9075 0.19833333333333333 0.035
0 0.4266666666666667 0.844375 0.18666666666666668 0.03125
0 0.14583333333333334 0.8456250000000001 0.20833333333333334 0.03125
0 0.7200000000000001 0.843125 0.18666666666666668 0.03625
0 0.44333333333333336 0.7875 0.21333333333333335 0.035
0 0.15000000000000002 0.786875 0.21000000000000002 0.03125
0 0.7216666666666667 0.784375 0.19333333333333336 0.03125
0 0.43083333333333335 0.729375 0.17833333333333334 0.03375
0 0.15000000000000002 0.730625 0.20333333333333334 0.03625
0 0.7108333333333334 0.72375 0.1716666666666667 0.03
0 0.7200000000000001 0.6687500000000001 0.19333333333333336 0.035
0 0.42833333333333334 0.669375 0.17666666666666667 0.03125
0 0.16833333333333333 0.67125 0.22 0.0325
0 0.7150000000000001 0.6125 0.19 0.0325
0 0.44083333333333335 0.6125 0.2016666666666667 0.03
0 0.7083333333333334 0.560625 0.17666666666666667 0.03125
0 0.43500000000000005 0.56 0.18666666666666668 0.0325
0 0.15583333333333335 0.558125 0.18833333333333335 0.03125
0 0.7025 0.5075000000000001 0.16833333333333333 0.03
0 0.445 0.50375 0.20333333333333334 0.0275
0 0.1675 0.5025000000000001 0.20500000000000002 0.03
0 0.7041666666666667 0.455625 0.1716666666666667 0.03125
0 0.4466666666666667 0.453125 0.20333333333333334 0.03375
0 0.17333333333333334 0.45 0.2066666666666667 0.03
0 0.7125 0.403125 0.18166666666666667 0.02875
0 0.43250000000000005 0.39875 0.1716666666666667 0.03
0 0.15916666666666668 0.39625 0.17500000000000002 0.03
0 0.6958333333333334 0.351875 0.155 0.03125
0 0.44083333333333335 0.34625 0.18833333333333335 0.0275
0 0.6925 0.30125 0.15166666666666667 0.03
0 0.4466666666666667 0.295625 0.19666666666666668 0.02875
0 0.17416666666666666 0.29125 0.19166666666666668 0.03
0 0.6941666666666667 0.25125000000000003 0.155 0.03
0 0.45 0.245 0.2 0.03
0 0.16833333333333333 0.240625 0.17333333333333334 0.03125
0 0.4366666666666667 0.19375 0.17 0.03
0 0.165 0.19 0.15333333333333335 0.03
0 0.7091666666666667 0.154375 0.18833333333333335 0.02875
0 0.43250000000000005 0.145 0.16166666666666668 0.03
0 0.18166666666666667 0.140625 0.18666666666666668 0.03625
0 0.16416666666666668 0.34375 0.195 0.0375
0 0.6983333333333334 0.200625 0.17 0.03375
0 0.14666666666666667 0.6118750000000001 0.2 0.04125
