0 0.8166666666666668 0.77625 0.22333333333333336 0.045
0 0.8383333333333334 0.89125 0.19666666666666668 0.0375
0 0.16666666666666669 0.910625 0.22333333333333336 0.03125
0 0.49500000000000005 0.901875 0.23333333333333334 0.03875
0 0.16416666666666668 0.85 0.22833333333333336 0.0325
0 0.8366666666666667 0.8306250000000001 0.18333333333333335 0.03125
0 0.15833333333333335 0.790625 0.24000000000000002 0.03625
0 0.4916666666666667 0.7825 0.23 0.0325
0 0.1625 0.730625 0.23500000000000001 0.03375
0 0.49833333333333335 0.72375 0.21000000000000002 0.0325
0 0.8108333333333334 0.716875 0.21500000000000002 0.02875
0 0.165 0.673125 0.23 0.03375
0 0.5141666666666667 0.666875 0.1716666666666667 0.02875
0 0.14833333333333334 0.615 0.26333333333333336 0.0325
0 0.5025000000000001 0.6125 0.19166666666666668 0.0325
0 0.8025000000000001 0.610625 0.21166666666666667 0.03125
0 0.1525 0.558125 0.24833333333333335 0.02875
0 0.48583333333333334 0.5575 0.22166666666666668 0.03
0 0.7966666666666667 0.505 0.21000000000000002 0.0325
0 0.1675 0.5025000000000001 0.22166666666666668 0.03
0 0.4808333333333334 0.501875 0.22166666666666668 0.02875
0 0.7691666666666667 0.4525 0.255 0.03
0 0.48000000000000004 0.449375 0.22333333333333336 0.02875
0 0.18083333333333335 0.450625 0.195 0.03125
0 0.4991666666666667 0.4 0.1716666666666667 0.0325
0 0.16666666666666669 0.39625 0.22333333333333336 0.0275
0 0.7875000000000001 0.349375 0.20833333333333334 0.02875
0 0.5033333333333334 0.34625 0.17 0.0275
0 0.18083333333333335 0.3425 0.19833333333333333 0.0275
0 0.7825000000000001 0.296875 0.21166666666666667 0.02875
0 0.4841666666666667 0.294375 0.20500000000000002 0.03125
0 0.17583333333333334 0.29 0.20833333333333334 0.0275
0 0.4841666666666667 0.243125 0.20500000000000002 0.03375
0 0.7841666666666667 0.243125 0.20500000000000002 0.03125
0 0.7933333333333333 0.194375 0.17333333333333334 0.03125
0 0.4866666666666667 0.18937500000000002 0.19666666666666668 0.02875
0 0.17500000000000002 0.186875 0.20333333333333334 0.03125
0 0.7816666666666667 0.144375 0.2 0.02625
0 0.16833333333333333 0.1325 0.21333333333333335 0.0325
0 0.4791666666666667 0.135 0.21166666666666667 0.0325
0 0.19 0.236875 0.19666666666666668 0.04125
0 0.8016666666666667 0.55625 0.21000000000000002 0.0375
0 0.8 0.66 0.23333333333333334 0.0425
0 0.8 0.39875 0.21000000000000002 0.035
0 0.49500000000000005 0.8425 0.22666666666666668 0.045
