0 0.4391666666666667 0.614375 0.17833333333333334 0.03375
0 0.4425 0.906875 0.195 0.03125
0 0.15000000000000002 0.90625 0.18666666666666668 0.03
0 0.7491666666666668 0.900625 0.21500000000000002 0.03125
0 0.4491666666666667 0.8456250000000001 0.19833333333333333 0.03125
0 0.16333333333333333 0.848125 0.2066666666666667 0.03375
0 0.7458333333333333 0.841875 0.21500000000000002 0.03125
0 0.13333333333333333 0.78625 0.14333333333333334 0.03
0 0.46416666666666667 0.784375 0.22833333333333336 0.02875
0 0.7325 0.781875 0.18833333333333335 0.02875
0 0.155 0.7275 0.18000000000000002 0.0275
0 0.45083333333333336 0.7262500000000001 0.2016666666666667 0.03
0 0.14666666666666667 0.67 0.15666666666666668 0.0275
0 0.7391666666666667 0.6675 0.20833333333333334 0.0275
0 0.45 0.670625 0.19666666666666668 0.03375
0 0.1925 0.6168750000000001 0.24166666666666667 0.04125
0 0.7250000000000001 0.556875 0.19 0.02875
0 0.4391666666666667 0.55625 0.17500000000000002 0.03
0 0.7233333333333334 0.50375 0.19 0.0275
0 0.4516666666666667 0.5025000000000001 0.19333333333333336 0.0275
0 0.17666666666666667 0.5025000000000001 0.19666666666666668 0.0275
0 0.7283333333333334 0.45125 0.2 0.0275
0 0.44833333333333336 0.44875 0.18333333333333335 0.0275
0 0.17833333333333334 0.449375 0.19666666666666668 0.03125
0 0.4516666666666667 0.395625 0.19333333333333336 0.02625
0 0.16416666666666668 0.39437500000000003 0.16166666666666668 0.02875
0 0.7141666666666667 0.34750000000000003 0.17833333333333334 0.0275
0 0.4416666666666667 0.344375 0.17333333333333334 0.02625
0 0.17750000000000002 0.34375 0.17833333333333334 0.03
0 0.7100000000000001 0.296875 0.16666666666666669 0.02625
0 0.45833333333333337 0.291875 0.20333333333333334 0.02625
0 0.7116666666666667 0.246875 0.17666666666666667 0.02625
0 0.44333333333333336 0.240625 0.17333333333333334 0.02625
0 0.7108333333333334 0.1975 0.17833333333333334 0.025
0 0.4391666666666667 0.19125 0.165 0.0275
0 0.44333333333333336 0.140625 0.17 0.02625
0 0.17250000000000001 0.143125 0.1716666666666667 0.03125
0 0.16833333333333333 0.19187500000000002 0.16666666666666669 0.03875
0 0.16 0.244375 0.14666666666666667 0.03125
0 0.16583333333333333 0.293125 0.1716666666666667 0.03625
0 0.15666666666666668 0.556875 0.16666666666666669 0.04125
0 0.7275 0.6075 0.195 0.035
0 0.7091666666666667 0.3975 0.18833333333333335 0.035
0 0.7175 0.14625 0.21166666666666667 0.0425
0 0.7383333333333334 0.7212500000000001 0.21333333333333335 0.0375
