0 0.8069999999999999 0.17875 0.18666666666666665 0.03
0 0.8028333333333333 0.22062500000000002 0.19833333333333333 0.02875
0 0.8011666666666667 0.263125 0.205 0.03125
0 0.8011666666666667 0.306875 0.205 0.02875
0 0.8045 0.351875 0.20833333333333331 0.02875
0 0.8069999999999999 0.3975 0.21 0.035
0 0.8111666666666666 0.445 0.20833333333333331 0.0325
0 0.8186666666666667 0.491875 0.19666666666666666 0.03375
0 0.8186666666666667 0.541875 0.20666666666666667 0.03625
0 0.8453333333333333 0.591875 0.17666666666666667 0.03125
0 0.8386666666666667 0.64375 0.19333333333333333 0.0325
0 0.8361666666666666 0.698125 0.21166666666666667 0.03625
0 0.8461666666666666 0.754375 0.20166666666666666 0.03625
0 0.8478333333333333 0.810625 0.215 0.03625
0 0.8511666666666666 0.86875 0.22166666666666665 0.045
0 0.5586666666666666 0.185 0.19 0.0375
0 0.5545 0.22875 0.19166666666666665 0.0325
0 0.5653333333333334 0.26875 0.17666666666666667 0.03
0 0.5578333333333333 0.313125 0.20166666666666666 0.03625
0 0.5645 0.35625 0.18166666666666667 0.0275
0 0.5628333333333333 0.400625 0.195 0.03125
0 0.5661666666666666 0.444375 0.19166666666666665 0.02875
0 0.5569999999999999 0.49375 0.21 0.035
0 0.5611666666666667 0.541875 0.205 0.03125
0 0.5695 0.591875 0.19833333333333333 0.03125
0 0.5653333333333334 0.6425 0.19666666666666666 0.0325
0 0.5611666666666667 0.6975 0.20833333333333331 0.0325
0 0.5503333333333333 0.7525000000000001 0.24333333333333332 0.04
0 0.5736666666666667 0.805625 0.20333333333333334 0.03375
0 0.5778333333333333 0.863125 0.195 0.03875
0 0.33199999999999996 0.1925 0.16999999999999998 0.03
0 0.33199999999999996 0.23375 0.16999999999999998 0.0325
0 0.3436666666666667 0.274375 0.14666666666666667 0.02875
0 0.32116666666666666 0.316875 0.18166666666666667 0.03625
0 0.31366666666666665 0.3625 0.19999999999999998 0.0325
0 0.3145 0.401875 0.19833333333333333 0.03375
0 0.32366666666666666 0.449375 0.18 0.03125
0 0.3145 0.49375 0.19166666666666665 0.0325
0 0.30866666666666664 0.541875 0.19999999999999998 0.03375
0 0.30783333333333335 0.59125 0.205 0.0325
0 0.3128333333333333 0.64375 0.18166666666666667 0.0325
0 0.3045 0.695625 0.18833333333333332 0.03625
0 0.30033333333333334 0.74875 0.19 0.035
0 0.29116666666666663 0.803125 0.205 0.03375
0 0.29533333333333334 0.856875 0.19999999999999998 0.03375
