0 0.20333333333333334 0.7056250000000001 0.24666666666666667 0.04125
0 0.7741666666666667 0.68625 0.26166666666666666 0.04
0 0.19666666666666668 0.6525 0.25 0.04
0 0.49583333333333335 0.638125 0.2316666666666667 0.03875
0 0.7691666666666667 0.630625 0.26833333333333337 0.04125
0 0.2 0.595 0.24000000000000002 0.0375
0 0.49333333333333335 0.58 0.24333333333333335 0.035
0 0.775 0.573125 0.25 0.04125
0 0.19833333333333333 0.52625 0.2366666666666667 0.04
0 0.49083333333333334 0.52375 0.24166666666666667 0.035
0 0.7733333333333334 0.513125 0.25333333333333335 0.03625
0 0.19833333333333333 0.47250000000000003 0.23333333333333334 0.04
0 0.49750000000000005 0.464375 0.22833333333333336 0.03625
0 0.7733333333333334 0.458125 0.25333333333333335 0.03625
0 0.19166666666666668 0.405625 0.24000000000000002 0.03625
0 0.48750000000000004 0.40750000000000003 0.24166666666666667 0.0375
0 0.7758333333333334 0.401875 0.24500000000000002 0.03875
0 0.5341666666666667 0.346875 0.14833333333333334 0.03125
0 0.1991666666666667 0.34375 0.22833333333333336 0.0375
0 0.7741666666666667 0.34125 0.24500000000000002 0.04
0 0.7708333333333334 0.283125 0.24500000000000002 0.03625
0 0.19333333333333336 0.28625 0.23 0.0375
0 0.49000000000000005 0.290625 0.24000000000000002 0.04875
0 0.7725000000000001 0.22375 0.23833333333333334 0.04
0 0.48333333333333334 0.225625 0.25 0.03875
0 0.19 0.22375 0.22666666666666668 0.045
0 0.7733333333333334 0.168125 0.2366666666666667 0.03625
0 0.19083333333333335 0.163125 0.21833333333333335 0.03625
0 0.4841666666666667 0.16125 0.24833333333333335 0.0375
0 0.5 0.69375 0.23 0.0425
