0 0.7925000000000001 0.4825 0.23500000000000001 0.0375
0 0.15000000000000002 0.8981250000000001 0.27666666666666667 0.03875
0 0.4766666666666667 0.89 0.26333333333333336 0.0425
0 0.7875000000000001 0.8718750000000001 0.26166666666666666 0.03375
0 0.15416666666666667 0.835 0.26166666666666666 0.045
0 0.48750000000000004 0.8250000000000001 0.24166666666666667 0.035
0 0.7933333333333333 0.811875 0.2366666666666667 0.03375
0 0.17500000000000002 0.771875 0.22666666666666668 0.03875
0 0.46416666666666667 0.765625 0.2783333333333334 0.04125
0 0.7975000000000001 0.754375 0.21833333333333335 0.03125
0 0.17583333333333334 0.7106250000000001 0.2316666666666667 0.03375
0 0.4733333333333334 0.705 0.25333333333333335 0.0375
0 0.7908333333333334 0.698125 0.22833333333333336 0.03125
0 0.17750000000000002 0.6475 0.2316666666666667 0.035
0 0.4625 0.645625 0.27166666666666667 0.03125
0 0.7966666666666667 0.645625 0.21333333333333335 0.03125
0 0.195 0.593125 0.19666666666666668 0.03375
0 0.4966666666666667 0.5906250000000001 0.19 0.02875
0 0.7983333333333333 0.5906250000000001 0.21000000000000002 0.03125
0 0.18083333333333335 0.53625 0.225 0.0375
0 0.49500000000000005 0.53625 0.19333333333333336 0.0325
0 0.7658333333333334 0.535 0.26833333333333337 0.0325
0 0.18166666666666667 0.481875 0.22666666666666668 0.02875
0 0.4808333333333334 0.42875 0.22166666666666668 0.0275
0 0.18583333333333335 0.42812500000000003 0.22166666666666668 0.02875
0 0.77 0.42812500000000003 0.25333333333333335 0.03125
0 0.5 0.376875 0.18333333333333335 0.02875
0 0.8208333333333334 0.371875 0.15166666666666667 0.02875
0 0.4791666666666667 0.323125 0.22166666666666668 0.02875
0 0.20750000000000002 0.321875 0.18166666666666667 0.03375
0 0.7833333333333334 0.320625 0.22666666666666668 0.03125
0 0.4808333333333334 0.27187500000000003 0.21833333333333335 0.02875
0 0.7941666666666667 0.265625 0.195 0.02875
0 0.1925 0.22187500000000002 0.2016666666666667 0.02875
0 0.4891666666666667 0.21937500000000001 0.19833333333333333 0.03375
0 0.7766666666666667 0.214375 0.22 0.03125
0 0.2041666666666667 0.170625 0.18166666666666667 0.03375
0 0.4991666666666667 0.165625 0.17833333333333334 0.03125
0 0.2041666666666667 0.116875 0.18166666666666667 0.02875
0 0.4808333333333334 0.115625 0.20833333333333334 0.03125
0 0.7808333333333334 0.113125 0.19166666666666668 0.02875
0 0.4916666666666667 0.484375 0.21333333333333335 0.03625
0 0.8008333333333334 0.163125 0.1716666666666667 0.03625
0 0.20333333333333334 0.273125 0.19333333333333336 0.03375
0 0.19 0.379375 0.21333333333333335 0.03625
