0 0.45083333333333336 0.87875 0.24500000000000002 0.035
0 0.7133333333333334 0.8775000000000001 0.22 0.0375
0 0.14250000000000002 0.87875 0.18166666666666667 0.03
0 0.7050000000000001 0.823125 0.2 0.03125
0 0.43083333333333335 0.821875 0.20833333333333334 0.03125
0 0.15000000000000002 0.821875 0.19333333333333336 0.03125
0 0.6991666666666667 0.766875 0.19166666666666668 0.03125
0 0.1525 0.766875 0.18500000000000003 0.03125
0 0.4491666666666667 0.76625 0.23500000000000001 0.03
0 0.6875 0.714375 0.165 0.03375
0 0.4366666666666667 0.71125 0.2066666666666667 0.0275
0 0.15666666666666668 0.711875 0.19 0.03125
0 0.7266666666666667 0.6587500000000001 0.25 0.03
0 0.43500000000000005 0.6575 0.2 0.0325
0 0.1625 0.65625 0.19166666666666668 0.0325
0 0.7050000000000001 0.6062500000000001 0.21000000000000002 0.03
0 0.42833333333333334 0.605625 0.18666666666666668 0.03125
0 0.16666666666666669 0.6012500000000001 0.19666666666666668 0.0325
0 0.7116666666666667 0.553125 0.21666666666666667 0.02875
0 0.43500000000000005 0.553125 0.2 0.03125
0 0.15833333333333335 0.55125 0.17666666666666667 0.03
0 0.6775 0.501875 0.155 0.02875
0 0.4166666666666667 0.499375 0.16 0.02875
0 0.17250000000000001 0.5 0.195 0.0325
0 0.6941666666666667 0.45125 0.18833333333333335 0.0275
0 0.42583333333333334 0.448125 0.1716666666666667 0.03125
0 0.18833333333333335 0.44625000000000004 0.22666666666666668 0.03
0 0.6958333333333334 0.401875 0.19166666666666668 0.02875
0 0.43083333333333335 0.39687500000000003 0.17833333333333334 0.02625
0 0.18083333333333335 0.39625 0.19833333333333333 0.03
0 0.7100000000000001 0.35375 0.21666666666666667 0.03
0 0.43750000000000006 0.346875 0.19166666666666668 0.02625
0 0.18083333333333335 0.34375 0.19833333333333333 0.0275
0 0.6925 0.30312500000000003 0.18500000000000003 0.02875
0 0.4516666666666667 0.2975 0.21666666666666667 0.0275
0 0.1875 0.29625 0.20500000000000002 0.03
0 0.7000000000000001 0.254375 0.2 0.02875
0 0.4466666666666667 0.249375 0.20333333333333334 0.02875
0 0.1875 0.244375 0.2016666666666667 0.02875
0 0.6916666666666668 0.206875 0.18333333333333335 0.02875
0 0.4516666666666667 0.20125 0.21666666666666667 0.0325
0 0.18833333333333335 0.1975 0.19333333333333336 0.0325
0 0.7008333333333334 0.16125 0.2016666666666667 0.0325
0 0.43083333333333335 0.15375 0.1716666666666667 0.0375
0 0.18333333333333335 0.1475 0.17333333333333334 0.03
