0 0.21916666666666668 0.645625 0.26833333333333337 0.03375
0 0.8133333333333334 0.9 0.2366666666666667 0.0375
0 0.5075000000000001 0.89 0.24500000000000002 0.0375
0 0.20333333333333334 0.88125 0.27666666666666667 0.035
0 0.8166666666666668 0.84 0.24000000000000002 0.0325
0 0.4841666666666667 0.8275 0.195 0.0325
0 0.2016666666666667 0.8200000000000001 0.25333333333333335 0.0325
0 0.8308333333333334 0.7775 0.26166666666666666 0.0325
0 0.5075000000000001 0.7681250000000001 0.23833333333333334 0.03625
0 0.20583333333333334 0.759375 0.24833333333333335 0.03375
0 0.8316666666666667 0.718125 0.26666666666666666 0.03375
0 0.5066666666666667 0.7075 0.22 0.0325
0 0.21750000000000003 0.7025 0.25833333333333336 0.0325
0 0.8225 0.658125 0.24500000000000002 0.03375
0 0.5058333333333334 0.65 0.21500000000000002 0.0325
0 0.7975000000000001 0.5975 0.195 0.03
0 0.5158333333333334 0.5925 0.225 0.03
0 0.21166666666666667 0.58875 0.21666666666666667 0.035
0 0.8125 0.5437500000000001 0.225 0.035
0 0.5108333333333334 0.538125 0.20833333333333334 0.03125
0 0.21750000000000003 0.5337500000000001 0.21166666666666667 0.03
0 0.7966666666666667 0.484375 0.19 0.03125
0 0.53 0.484375 0.24000000000000002 0.03125
0 0.21750000000000003 0.480625 0.20833333333333334 0.03125
0 0.8141666666666667 0.43 0.22166666666666668 0.0325
0 0.525 0.4275 0.22666666666666668 0.03
0 0.23 0.426875 0.22333333333333336 0.03125
0 0.5275000000000001 0.37625000000000003 0.22166666666666668 0.0275
0 0.8216666666666668 0.375 0.23 0.03
0 0.2316666666666667 0.3725 0.21333333333333335 0.03
0 0.5275000000000001 0.324375 0.21500000000000002 0.03125
0 0.24000000000000002 0.323125 0.21666666666666667 0.03125
0 0.8125 0.320625 0.21833333333333335 0.03125
0 0.5266666666666667 0.2725 0.21000000000000002 0.0275
0 0.25 0.27187500000000003 0.23 0.02875
0 0.81 0.270625 0.21000000000000002 0.03125
0 0.5275000000000001 0.22125 0.20500000000000002 0.0275
0 0.25 0.2225 0.22 0.03
0 0.8258333333333334 0.218125 0.23500000000000001 0.02875
0 0.5291666666666667 0.17250000000000001 0.2016666666666667 0.03
0 0.24500000000000002 0.171875 0.20333333333333334 0.02875
0 0.8158333333333334 0.166875 0.21500000000000002 0.03375
0 0.24166666666666667 0.1225 0.18000000000000002 0.0275
0 0.5258333333333334 0.11937500000000001 0.19166666666666668 0.03125
0 0.8058333333333334 0.1125 0.19166666666666668 0.0325
