0 0.7908333333333334 0.895 0.24500000000000002 0.0325
0 0.4741666666666667 0.895625 0.22833333333333336 0.03375
0 0.1691666666666667 0.891875 0.2316666666666667 0.03375
0 0.7866666666666667 0.838125 0.2366666666666667 0.03625
0 0.47500000000000003 0.834375 0.22333333333333336 0.03125
0 0.16083333333333336 0.83375 0.21166666666666667 0.03
0 0.7758333333333334 0.78 0.21500000000000002 0.035
0 0.17750000000000002 0.775625 0.23833333333333334 0.03375
0 0.49583333333333335 0.72 0.24833333333333335 0.03
0 0.165 0.71875 0.2066666666666667 0.0325
0 0.7783333333333334 0.716875 0.22333333333333336 0.03375
0 0.4716666666666667 0.665 0.20333333333333334 0.0325
0 0.7758333333333334 0.66125 0.21833333333333335 0.0325
0 0.19416666666666668 0.6625 0.25833333333333336 0.0325
0 0.7691666666666667 0.609375 0.20500000000000002 0.02875
0 0.48500000000000004 0.608125 0.23 0.03375
0 0.785 0.555625 0.23333333333333334 0.03125
0 0.4816666666666667 0.551875 0.22 0.03125
0 0.19083333333333335 0.5543750000000001 0.23500000000000001 0.03625
0 0.7766666666666667 0.500625 0.22333333333333336 0.02875
0 0.49000000000000005 0.496875 0.23 0.02875
0 0.18250000000000002 0.49562500000000004 0.20833333333333334 0.03125
0 0.7716666666666667 0.45 0.2066666666666667 0.0325
0 0.4991666666666667 0.44625000000000004 0.24500000000000002 0.0325
0 0.7691666666666667 0.395625 0.20500000000000002 0.02875
0 0.48500000000000004 0.390625 0.22 0.02875
0 0.1925 0.386875 0.22166666666666668 0.03125
0 0.7775000000000001 0.343125 0.21500000000000002 0.02875
0 0.49000000000000005 0.338125 0.22333333333333336 0.03125
0 0.19166666666666668 0.33437500000000003 0.21000000000000002 0.03125
0 0.49083333333333334 0.28375 0.22166666666666668 0.03
0 0.79 0.240625 0.24666666666666667 0.03125
0 0.1925 0.228125 0.2016666666666667 0.03125
0 0.775 0.18812500000000001 0.21666666666666667 0.02875
0 0.48833333333333334 0.181875 0.21000000000000002 0.03125
0 0.18250000000000002 0.174375 0.17500000000000002 0.03625
0 0.7875000000000001 0.138125 0.23833333333333334 0.02875
0 0.49500000000000005 0.130625 0.22333333333333336 0.02875
0 0.19333333333333336 0.12375 0.19 0.0275
0 0.4791666666666667 0.23375 0.19833333333333333 0.035
0 0.7516666666666667 0.29375 0.18000000000000002 0.0375
0 0.19416666666666668 0.279375 0.21500000000000002 0.04125
0 0.18833333333333335 0.441875 0.22333333333333336 0.03375
0 0.17833333333333334 0.605625 0.22666666666666668 0.03625
0 0.4633333333333334 0.775 0.19666666666666668 0.0375
