0 0.165 0.885 0.23 0.035
0 0.49250000000000005 0.878125 0.24500000000000002 0.03125
0 0.8250000000000001 0.869375 0.24333333333333335 0.03125
0 0.16083333333333336 0.828125 0.22833333333333336 0.03125
0 0.49333333333333335 0.82375 0.2366666666666667 0.035
0 0.805 0.810625 0.27 0.03125
0 0.15166666666666667 0.769375 0.2566666666666667 0.03125
0 0.4808333333333334 0.76375 0.26166666666666666 0.03
0 0.7941666666666667 0.756875 0.2816666666666667 0.03125
0 0.16333333333333333 0.713125 0.23333333333333334 0.03125
0 0.4808333333333334 0.7075 0.255 0.0325
0 0.8275 0.705 0.2016666666666667 0.0325
0 0.15166666666666667 0.654375 0.25333333333333335 0.03125
0 0.4816666666666667 0.6531250000000001 0.24333333333333335 0.03125
0 0.8083333333333333 0.649375 0.2366666666666667 0.03125
0 0.805 0.595625 0.23333333333333334 0.03125
0 0.17416666666666666 0.545 0.21166666666666667 0.03
0 0.48583333333333334 0.5425 0.2316666666666667 0.0275
0 0.7983333333333333 0.5437500000000001 0.2366666666666667 0.03
0 0.18916666666666668 0.49125 0.18500000000000003 0.0325
0 0.7991666666666667 0.4925 0.2316666666666667 0.0325
0 0.7916666666666667 0.43875000000000003 0.24000000000000002 0.03
0 0.18000000000000002 0.435 0.19666666666666668 0.0275
0 0.48500000000000004 0.43625 0.23 0.03
0 0.17583333333333334 0.384375 0.20833333333333334 0.03125
0 0.7925000000000001 0.33437500000000003 0.225 0.02875
0 0.5008333333333334 0.33187500000000003 0.19166666666666668 0.02875
0 0.17333333333333334 0.33187500000000003 0.21333333333333335 0.03625
0 0.4866666666666667 0.281875 0.21333333333333335 0.02875
0 0.1875 0.279375 0.18500000000000003 0.03125
0 0.7716666666666667 0.23625000000000002 0.24666666666666667 0.0275
0 0.17500000000000002 0.2275 0.2066666666666667 0.03
0 0.7816666666666667 0.186875 0.22333333333333336 0.02625
0 0.17666666666666667 0.17625 0.2066666666666667 0.0325
0 0.47250000000000003 0.17625 0.23833333333333334 0.0325
0 0.77 0.13875 0.24000000000000002 0.03
0 0.4675 0.125 0.23833333333333334 0.0325
0 0.19083333333333335 0.124375 0.16833333333333333 0.02875
0 0.4691666666666667 0.225 0.27166666666666667 0.0425
0 0.7875000000000001 0.28750000000000003 0.225 0.035
0 0.7891666666666667 0.385 0.24833333333333335 0.0425
0 0.5116666666666667 0.3825 0.19333333333333336 0.0375
0 0.48750000000000004 0.49 0.23500000000000001 0.04
0 0.1975 0.600625 0.17500000000000002 0.03375
0 0.5125000000000001 0.5975 0.19166666666666668 0.04
