0 0.8108333333333334 0.8875000000000001 0.21500000000000002 0.0325
0 0.5025000000000001 0.885 0.225 0.0325
0 0.19666666666666668 0.8775000000000001 0.24333333333333335 0.0325
0 0.8125 0.833125 0.20833333333333334 0.03375
0 0.52 0.829375 0.18666666666666668 0.03125
0 0.2316666666666667 0.81875 0.18000000000000002 0.0375
0 0.8158333333333334 0.77375 0.195 0.03
0 0.5075000000000001 0.7675000000000001 0.21833333333333335 0.035
0 0.8058333333333334 0.7175 0.21833333333333335 0.03
0 0.51 0.7125 0.2066666666666667 0.035
0 0.21083333333333334 0.708125 0.22166666666666668 0.03125
0 0.8033333333333333 0.66125 0.21666666666666667 0.0325
0 0.2225 0.65625 0.2016666666666667 0.03
0 0.4966666666666667 0.656875 0.2366666666666667 0.03625
0 0.8066666666666668 0.605625 0.21000000000000002 0.03125
0 0.515 0.60375 0.19333333333333336 0.0325
0 0.22416666666666668 0.6012500000000001 0.2016666666666667 0.03
0 0.22083333333333335 0.550625 0.20500000000000002 0.03125
0 0.5175000000000001 0.54875 0.18833333333333335 0.0275
0 0.8058333333333334 0.54875 0.20833333333333334 0.03
0 0.8133333333333334 0.49375 0.18666666666666668 0.0275
0 0.22166666666666668 0.441875 0.21000000000000002 0.02875
0 0.5083333333333334 0.44 0.20333333333333334 0.03
0 0.7958333333333334 0.439375 0.22166666666666668 0.02875
0 0.5058333333333334 0.3875 0.21166666666666667 0.03
0 0.21166666666666667 0.38625 0.23 0.035
0 0.7975000000000001 0.38625 0.20500000000000002 0.03
0 0.21583333333333335 0.3375 0.21833333333333335 0.0325
0 0.5041666666666667 0.33437500000000003 0.21166666666666667 0.02875
0 0.23750000000000002 0.281875 0.1716666666666667 0.03375
0 0.5058333333333334 0.280625 0.21166666666666667 0.03125
0 0.785 0.278125 0.23333333333333334 0.03125
0 0.23833333333333334 0.2325 0.18000000000000002 0.0275
0 0.5083333333333334 0.228125 0.2066666666666667 0.03125
0 0.7966666666666667 0.224375 0.21000000000000002 0.03125
0 0.23 0.179375 0.19333333333333336 0.03125
0 0.5316666666666667 0.174375 0.16 0.03125
0 0.7991666666666667 0.170625 0.19833333333333333 0.03125
0 0.22166666666666668 0.129375 0.21333333333333335 0.02875
0 0.5216666666666667 0.12375 0.17666666666666667 0.0325
0 0.8033333333333333 0.12 0.18666666666666668 0.04
0 0.23083333333333333 0.49375 0.18833333333333335 0.035
0 0.5158333333333334 0.494375 0.2016666666666667 0.04125
0 0.8025000000000001 0.3325 0.20500000000000002 0.0325
0 0.22166666666666668 0.764375 0.2 0.03875
