0 0.8400000000000001 0.863125 0.22333333333333336 0.03875
0 0.14416666666666667 0.8931250000000001 0.28500000000000003 0.03375
0 0.4941666666666667 0.88 0.2516666666666667 0.0375
0 0.15166666666666667 0.836875 0.2733333333333334 0.03375
0 0.5075000000000001 0.82125 0.21833333333333335 0.0325
0 0.8108333333333334 0.8093750000000001 0.255 0.03625
0 0.16166666666666668 0.776875 0.24666666666666667 0.03375
0 0.4991666666666667 0.7625000000000001 0.22833333333333336 0.03
0 0.8108333333333334 0.755 0.24500000000000002 0.0325
0 0.14250000000000002 0.719375 0.2816666666666667 0.03125
0 0.4866666666666667 0.706875 0.24333333333333335 0.03375
0 0.18500000000000003 0.66125 0.19666666666666668 0.03
0 0.7941666666666667 0.649375 0.2516666666666667 0.03375
0 0.5066666666666667 0.6475 0.2066666666666667 0.035
0 0.17666666666666667 0.604375 0.21666666666666667 0.03125
0 0.7883333333333333 0.5925 0.2566666666666667 0.0325
0 0.17 0.546875 0.22333333333333336 0.03125
0 0.4816666666666667 0.5437500000000001 0.24000000000000002 0.0325
0 0.8 0.543125 0.23 0.03125
0 0.165 0.49062500000000003 0.24000000000000002 0.02875
0 0.8008333333333334 0.48875 0.225 0.0275
0 0.7908333333333334 0.43625 0.23833333333333334 0.03
0 0.16666666666666669 0.435 0.22333333333333336 0.03
0 0.4741666666666667 0.436875 0.24833333333333335 0.03125
0 0.4891666666666667 0.38375000000000004 0.22166666666666668 0.03
0 0.7941666666666667 0.385 0.22833333333333336 0.03
0 0.17416666666666666 0.379375 0.21500000000000002 0.02875
0 0.7933333333333333 0.33437500000000003 0.22 0.02875
0 0.4808333333333334 0.32937500000000003 0.23833333333333334 0.02875
0 0.165 0.325625 0.22666666666666668 0.03375
0 0.7925000000000001 0.283125 0.21833333333333335 0.03125
0 0.15666666666666668 0.26937500000000003 0.24333333333333335 0.02875
0 0.48583333333333334 0.273125 0.22166666666666668 0.03375
0 0.7916666666666667 0.234375 0.21333333333333335 0.03125
0 0.49500000000000005 0.22375 0.20333333333333334 0.03
0 0.1575 0.213125 0.24166666666666667 0.03125
0 0.79 0.183125 0.21000000000000002 0.03125
0 0.48000000000000004 0.169375 0.23 0.03125
0 0.1675 0.15937500000000002 0.21166666666666667 0.03125
0 0.7983333333333333 0.1325 0.19 0.03
0 0.4816666666666667 0.11625 0.22666666666666668 0.03
0 0.17 0.105625 0.21333333333333335 0.03125
0 0.47500000000000003 0.48812500000000003 0.26 0.03375
0 0.5075000000000001 0.5975 0.2016666666666667 0.03
0 0.8225 0.69875 0.22166666666666668 0.0375
