0 0.4608333333333334 0.905 0.17833333333333334 0.0425
0 0.16666666666666669 0.90125 0.18333333333333335 0.0375
0 0.8225 0.853125 0.2816666666666667 0.03625
0 0.47250000000000003 0.846875 0.18500000000000003 0.03625
0 0.18333333333333335 0.8406250000000001 0.2066666666666667 0.03375
0 0.8158333333333334 0.794375 0.265 0.03125
0 0.49083333333333334 0.786875 0.21166666666666667 0.03375
0 0.20083333333333334 0.781875 0.2316666666666667 0.03375
0 0.4791666666666667 0.72875 0.18833333333333335 0.0325
0 0.20916666666666667 0.72375 0.24166666666666667 0.03
0 0.8291666666666667 0.6743750000000001 0.2916666666666667 0.03375
0 0.49583333333333335 0.67125 0.22166666666666668 0.0325
0 0.195 0.6687500000000001 0.2066666666666667 0.0325
0 0.8150000000000001 0.6168750000000001 0.26666666666666666 0.03625
0 0.5225000000000001 0.613125 0.27166666666666667 0.03125
0 0.22916666666666669 0.613125 0.26166666666666666 0.03125
0 0.8083333333333333 0.558125 0.25333333333333335 0.03125
0 0.5075000000000001 0.55625 0.23833333333333334 0.0325
0 0.21583333333333335 0.5575 0.23500000000000001 0.0325
0 0.47500000000000003 0.5025000000000001 0.17 0.0325
0 0.22166666666666668 0.5025000000000001 0.2366666666666667 0.03
0 0.8091666666666667 0.5025000000000001 0.255 0.035
0 0.20833333333333334 0.446875 0.2066666666666667 0.02875
0 0.8258333333333334 0.445 0.28833333333333333 0.035
0 0.4916666666666667 0.445 0.2 0.0325
0 0.225 0.395 0.23333333333333334 0.03
0 0.4966666666666667 0.390625 0.2066666666666667 0.02875
0 0.8266666666666668 0.390625 0.29000000000000004 0.03625
0 0.20083333333333334 0.340625 0.17500000000000002 0.02875
0 0.49833333333333335 0.338125 0.21000000000000002 0.03125
0 0.8125 0.333125 0.26166666666666666 0.03375
0 0.21916666666666668 0.28875 0.20833333333333334 0.0275
0 0.49500000000000005 0.283125 0.19666666666666668 0.03375
0 0.7975000000000001 0.2775 0.23500000000000001 0.0325
0 0.2275 0.236875 0.22166666666666668 0.03125
0 0.5216666666666667 0.23125 0.24666666666666667 0.03
0 0.8141666666666667 0.224375 0.27166666666666667 0.03625
0 0.225 0.18375 0.21333333333333335 0.03
0 0.51 0.17500000000000002 0.22666666666666668 0.0325
0 0.8125 0.170625 0.26833333333333337 0.03625
0 0.2041666666666667 0.135625 0.16166666666666668 0.02875
0 0.5083333333333334 0.12562500000000001 0.21666666666666667 0.03125
0 0.8083333333333333 0.116875 0.25333333333333335 0.03375
0 0.8325 0.7325 0.315 0.04
0 0.8375 0.911875 0.3116666666666667 0.043750000000000004
