0 0.8675 0.901875 0.265 0.03375
0 0.5166666666666667 0.895625 0.25 0.03625
0 0.17333333333333334 0.888125 0.22333333333333336 0.03125
0 0.8608333333333333 0.83875 0.2516666666666667 0.0375
0 0.5075000000000001 0.8306250000000001 0.2316666666666667 0.03625
0 0.1716666666666667 0.82875 0.22666666666666668 0.0325
0 0.8375 0.775 0.20833333333333334 0.0325
0 0.5091666666666667 0.76875 0.22833333333333336 0.035
0 0.17916666666666667 0.7675000000000001 0.225 0.03
0 0.18083333333333335 0.708125 0.2316666666666667 0.02875
0 0.8483333333333334 0.71 0.2366666666666667 0.035
0 0.8450000000000001 0.650625 0.2366666666666667 0.03125
0 0.5066666666666667 0.65375 0.22333333333333336 0.0375
0 0.2016666666666667 0.65 0.26666666666666666 0.03
0 0.5125000000000001 0.593125 0.22833333333333336 0.03125
0 0.2 0.5906250000000001 0.2566666666666667 0.03375
0 0.8391666666666667 0.589375 0.2316666666666667 0.03625
0 0.18250000000000002 0.535625 0.21166666666666667 0.02875
0 0.8333333333333334 0.5325 0.21000000000000002 0.0325
0 0.18500000000000003 0.479375 0.21000000000000002 0.02875
0 0.52 0.476875 0.24000000000000002 0.02875
0 0.8341666666666667 0.473125 0.22833333333333336 0.03375
0 0.5183333333333333 0.42125 0.23333333333333334 0.0325
0 0.17416666666666666 0.4225 0.18500000000000003 0.03
0 0.8191666666666667 0.411875 0.2016666666666667 0.03625
0 0.48750000000000004 0.369375 0.1716666666666667 0.03625
0 0.8316666666666667 0.36125 0.22666666666666668 0.035
0 0.19416666666666668 0.314375 0.21500000000000002 0.02875
0 0.525 0.30875 0.25 0.03
0 0.8133333333333334 0.30125 0.19 0.0325
0 0.20750000000000002 0.260625 0.23500000000000001 0.02875
0 0.49833333333333335 0.25375000000000003 0.19666666666666668 0.035
0 0.8033333333333333 0.246875 0.17333333333333334 0.03375
0 0.2041666666666667 0.20750000000000002 0.22833333333333336 0.03
0 0.5275000000000001 0.195625 0.255 0.03375
0 0.8208333333333334 0.1875 0.20833333333333334 0.03
0 0.2 0.153125 0.21333333333333335 0.03125
0 0.5075000000000001 0.141875 0.21833333333333335 0.03125
0 0.8216666666666668 0.133125 0.21333333333333335 0.03125
0 0.21500000000000002 0.100625 0.2366666666666667 0.03125
0 0.5058333333333334 0.08750000000000001 0.20833333333333334 0.03
0 0.8225 0.078125 0.21833333333333335 0.03125
0 0.17666666666666667 0.3675 0.18333333333333335 0.035
0 0.5475 0.53 0.3016666666666667 0.04
0 0.49583333333333335 0.7075 0.2016666666666667 0.0375
