0 0.13416666666666668 0.721875 0.21166666666666667 0.03875
0 0.13583333333333333 0.915 0.20500000000000002 0.0375
0 0.4441666666666667 0.90625 0.225 0.035
0 0.15083333333333335 0.85 0.2316666666666667 0.035
0 0.4391666666666667 0.841875 0.21500000000000002 0.03125
0 0.1675 0.786875 0.255 0.03375
0 0.43833333333333335 0.780625 0.21333333333333335 0.03125
0 0.4491666666666667 0.718125 0.22833333333333336 0.03375
0 0.7658333333333334 0.711875 0.2783333333333334 0.03875
0 0.7533333333333334 0.658125 0.25 0.03375
0 0.1366666666666667 0.660625 0.21000000000000002 0.03375
0 0.43583333333333335 0.6575 0.20833333333333334 0.0325
0 0.1525 0.599375 0.225 0.03125
0 0.4391666666666667 0.59875 0.21166666666666667 0.0325
0 0.7425 0.5962500000000001 0.24166666666666667 0.0325
0 0.15416666666666667 0.543125 0.22166666666666668 0.03375
0 0.7200000000000001 0.5375 0.19666666666666668 0.0325
0 0.15916666666666668 0.481875 0.22833333333333336 0.03125
0 0.7116666666666667 0.47875 0.18333333333333335 0.03
0 0.4341666666666667 0.48 0.2016666666666667 0.0325
0 0.7116666666666667 0.420625 0.18333333333333335 0.03125
0 0.14916666666666667 0.421875 0.20833333333333334 0.03375
0 0.4466666666666667 0.42 0.23 0.03
0 0.135 0.36562500000000003 0.17333333333333334 0.03375
0 0.7275 0.36562500000000003 0.21833333333333335 0.03375
0 0.4291666666666667 0.366875 0.195 0.03625
0 0.7316666666666667 0.308125 0.23333333333333334 0.03125
0 0.15833333333333335 0.306875 0.22 0.03125
0 0.44 0.306875 0.21333333333333335 0.03375
0 0.7141666666666667 0.250625 0.19833333333333333 0.02875
0 0.15333333333333335 0.25 0.2066666666666667 0.03
0 0.4391666666666667 0.25 0.21833333333333335 0.0325
0 0.7350000000000001 0.195625 0.24333333333333335 0.03125
0 0.135 0.194375 0.16666666666666669 0.03875
0 0.4525 0.19187500000000002 0.24166666666666667 0.03125
0 0.6991666666666667 0.143125 0.17500000000000002 0.03375
0 0.43583333333333335 0.136875 0.21166666666666667 0.03375
0 0.7058333333333334 0.08625000000000001 0.18833333333333335 0.03
0 0.14333333333333334 0.08375 0.17666666666666667 0.03
0 0.43583333333333335 0.078125 0.22166666666666668 0.043750000000000004
0 0.7883333333333333 0.7775 0.32333333333333336 0.0375
0 0.7966666666666667 0.84 0.3666666666666667 0.04
0 0.8108333333333334 0.901875 0.35500000000000004 0.03875
0 0.13083333333333333 0.139375 0.15833333333333335 0.04125
0 0.4291666666666667 0.540625 0.2016666666666667 0.03625
