0 0.17833333333333334 0.655625 0.23333333333333334 0.043750000000000004
0 0.49083333333333334 0.6425 0.25833333333333336 0.04
0 0.7791666666666667 0.6325000000000001 0.23833333333333334 0.0425
0 0.4866666666666667 0.5806250000000001 0.25333333333333335 0.03375
0 0.7725000000000001 0.57375 0.2316666666666667 0.0325
0 0.18083333333333335 0.58125 0.24166666666666667 0.055
0 0.18833333333333335 0.52625 0.26 0.0425
0 0.48833333333333334 0.52375 0.2566666666666667 0.0425
0 0.7766666666666667 0.51375 0.24333333333333335 0.0425
0 0.18333333333333335 0.46875 0.2566666666666667 0.0425
0 0.4808333333333334 0.46125 0.24500000000000002 0.035
0 0.7691666666666667 0.460625 0.23500000000000001 0.03625
0 0.7691666666666667 0.403125 0.23833333333333334 0.04125
0 0.18000000000000002 0.403125 0.25 0.03875
0 0.47750000000000004 0.3975 0.24500000000000002 0.035
0 0.7658333333333334 0.340625 0.23500000000000001 0.043750000000000004
0 0.17666666666666667 0.343125 0.24333333333333335 0.03625
0 0.7666666666666667 0.28250000000000003 0.24333333333333335 0.035
0 0.4766666666666667 0.281875 0.25333333333333335 0.04125
0 0.17833333333333334 0.27875 0.25 0.0425
0 0.7616666666666667 0.225 0.2366666666666667 0.0375
0 0.18166666666666667 0.21375 0.26333333333333336 0.0425
0 0.4733333333333334 0.2175 0.25 0.04
0 0.7575000000000001 0.176875 0.23500000000000001 0.04125
0 0.4658333333333334 0.16125 0.24166666666666667 0.035
0 0.17500000000000002 0.155625 0.24666666666666667 0.04125
0 0.46416666666666667 0.10187500000000001 0.23833333333333334 0.03875
0 0.16833333333333333 0.09625 0.2366666666666667 0.04
0 0.7533333333333334 0.123125 0.23 0.04875
