0 0.7783333333333334 0.71125 0.23 0.0375
0 0.4916666666666667 0.701875 0.22666666666666668 0.043750000000000004
0 0.7808333333333334 0.6525 0.2316666666666667 0.04
0 0.48583333333333334 0.640625 0.21166666666666667 0.03875
0 0.7875000000000001 0.59125 0.24500000000000002 0.0425
0 0.4891666666666667 0.584375 0.22166666666666668 0.03625
0 0.79 0.535 0.24000000000000002 0.04
0 0.49250000000000005 0.5275 0.225 0.0425
0 0.7858333333333334 0.478125 0.22833333333333336 0.043750000000000004
0 0.4891666666666667 0.474375 0.21833333333333335 0.04125
0 0.7816666666666667 0.414375 0.22333333333333336 0.04125
0 0.4966666666666667 0.410625 0.22666666666666668 0.043750000000000004
0 0.785 0.355625 0.22666666666666668 0.03875
0 0.49250000000000005 0.354375 0.225 0.04125
0 0.49083333333333334 0.295 0.22166666666666668 0.04
0 0.7866666666666667 0.29375 0.22 0.04
0 0.48750000000000004 0.24 0.21833333333333335 0.035
0 0.7941666666666667 0.24 0.23500000000000001 0.045
0 0.7908333333333334 0.18 0.225 0.04
0 0.4758333333333334 0.176875 0.19166666666666668 0.04625
0 0.20333333333333334 0.18625 0.2066666666666667 0.0475
0 0.20833333333333334 0.24125 0.2066666666666667 0.0475
0 0.21166666666666667 0.29875 0.2066666666666667 0.0475
0 0.20833333333333334 0.36125 0.2066666666666667 0.0475
0 0.21000000000000002 0.4175 0.2066666666666667 0.0475
0 0.2066666666666667 0.47000000000000003 0.2066666666666667 0.0475
0 0.2066666666666667 0.52875 0.2066666666666667 0.0475
0 0.20333333333333334 0.58125 0.2066666666666667 0.0475
0 0.2016666666666667 0.64 0.2066666666666667 0.0475
0 0.20583333333333334 0.691875 0.21500000000000002 0.03875
