0 0.767 0.160625 0.19666666666666666 0.02875
0 0.7611666666666667 0.205625 0.205 0.03375
0 0.7553333333333333 0.25375000000000003 0.22666666666666666 0.035
0 0.7736666666666666 0.30125 0.19 0.0275
0 0.772 0.34625 0.21333333333333332 0.035
0 0.7786666666666666 0.39937500000000004 0.19 0.03375
0 0.7861666666666667 0.448125 0.19833333333333333 0.03375
0 0.7803333333333333 0.498125 0.21 0.03125
0 0.777 0.5493750000000001 0.21666666666666665 0.04125
0 0.7878333333333333 0.605 0.20166666666666666 0.0325
0 0.7969999999999999 0.661875 0.19333333333333333 0.03625
0 0.7945 0.718125 0.22166666666666665 0.04125
0 0.8036666666666666 0.77625 0.21 0.0375
0 0.8045 0.83625 0.21166666666666667 0.045
0 0.7995 0.896875 0.22833333333333333 0.04125
0 0.4978333333333333 0.1575 0.215 0.035
0 0.5128333333333334 0.20500000000000002 0.18166666666666667 0.03
0 0.4995 0.250625 0.21166666666666667 0.03375
0 0.5078333333333334 0.294375 0.205 0.03125
0 0.5095 0.341875 0.20166666666666666 0.03875
0 0.5145 0.39437500000000003 0.19166666666666665 0.03375
0 0.4945 0.441875 0.2383333333333333 0.03875
0 0.5061666666666667 0.49562500000000004 0.215 0.03875
0 0.5128333333333334 0.55125 0.20833333333333331 0.035
0 0.5028333333333334 0.605 0.22166666666666665 0.0375
0 0.5011666666666666 0.6575 0.22833333333333333 0.0375
0 0.5203333333333333 0.713125 0.19666666666666666 0.04125
0 0.5178333333333334 0.775 0.205 0.0375
0 0.5161666666666667 0.835 0.20833333333333331 0.0375
0 0.5111666666666667 0.8981250000000001 0.215 0.043750000000000004
0 0.262 0.15125 0.16666666666666666 0.035
0 0.24866666666666665 0.20125 0.19333333333333333 0.0325
0 0.22949999999999998 0.2425 0.21833333333333332 0.035
0 0.23866666666666667 0.294375 0.19999999999999998 0.03625
0 0.23866666666666667 0.34 0.19999999999999998 0.04
0 0.23866666666666667 0.390625 0.19 0.03625
0 0.23033333333333333 0.444375 0.21 0.03875
0 0.22116666666666665 0.49312500000000004 0.22166666666666665 0.03625
0 0.22866666666666666 0.5475 0.21 0.0325
0 0.21533333333333332 0.6012500000000001 0.22333333333333333 0.0375
0 0.2095 0.66 0.22833333333333333 0.0375
0 0.20783333333333331 0.715 0.235 0.0375
0 0.21616666666666665 0.775 0.22166666666666665 0.035
0 0.207 0.8375 0.22666666666666666 0.0375
0 0.18366666666666667 0.89625 0.25666666666666665 0.0375
