0 0.17916666666666667 0.664375 0.225 0.04125
0 0.46166666666666667 0.655625 0.24000000000000002 0.03875
0 0.4575 0.594375 0.2316666666666667 0.03875
0 0.7316666666666667 0.591875 0.21333333333333335 0.03875
0 0.7266666666666667 0.540625 0.21000000000000002 0.03125
0 0.4566666666666667 0.543125 0.22666666666666668 0.04125
0 0.17833333333333334 0.541875 0.22 0.04125
0 0.7283333333333334 0.4875 0.21333333333333335 0.0325
0 0.4525 0.486875 0.22166666666666668 0.04625
0 0.18666666666666668 0.48125 0.2366666666666667 0.04
0 0.7275 0.433125 0.21500000000000002 0.03625
0 0.45583333333333337 0.42875 0.225 0.0375
0 0.18250000000000002 0.4225 0.225 0.04
0 0.7241666666666667 0.3825 0.21166666666666667 0.035
0 0.18500000000000003 0.366875 0.22666666666666668 0.03625
0 0.4566666666666667 0.37375 0.22666666666666668 0.045
0 0.7183333333333334 0.33 0.2 0.035
0 0.455 0.31125 0.22 0.04
0 0.7225 0.276875 0.20833333333333334 0.03125
0 0.4575 0.25875 0.225 0.035
0 0.7183333333333334 0.225625 0.20333333333333334 0.03375
0 0.4491666666666667 0.20375000000000001 0.20833333333333334 0.035
0 0.18250000000000002 0.198125 0.21500000000000002 0.03625
0 0.7125 0.18 0.19833333333333333 0.045
0 0.45333333333333337 0.151875 0.21666666666666667 0.03375
0 0.18000000000000002 0.14125000000000001 0.21000000000000002 0.0375
0 0.19333333333333336 0.25125000000000003 0.23 0.045
0 0.19666666666666668 0.306875 0.24000000000000002 0.04125
0 0.18000000000000002 0.599375 0.24000000000000002 0.04125
0 0.7283333333333334 0.649375 0.21666666666666667 0.03875
