0 0.20833333333333334 0.69375 0.24000000000000002 0.05
0 0.7866666666666667 0.6525 0.2566666666666667 0.0425
0 0.2041666666666667 0.63875 0.225 0.04
0 0.7866666666666667 0.598125 0.24333333333333335 0.03875
0 0.2041666666666667 0.583125 0.225 0.043750000000000004
0 0.7858333333333334 0.536875 0.23833333333333334 0.04625
0 0.49000000000000005 0.52875 0.24000000000000002 0.04
0 0.20333333333333334 0.528125 0.22333333333333336 0.043750000000000004
0 0.7866666666666667 0.473125 0.2366666666666667 0.043750000000000004
0 0.49083333333333334 0.468125 0.24166666666666667 0.04125
0 0.20500000000000002 0.4675 0.22666666666666668 0.04
0 0.7875000000000001 0.411875 0.24166666666666667 0.03625
0 0.2066666666666667 0.40750000000000003 0.22666666666666668 0.035
0 0.48583333333333334 0.410625 0.2316666666666667 0.04125
0 0.20916666666666667 0.346875 0.22833333333333336 0.03875
0 0.4891666666666667 0.350625 0.23833333333333334 0.04125
0 0.4475 0.29 0.15166666666666667 0.0325
0 0.20583333333333334 0.2925 0.225 0.035
0 0.7858333333333334 0.2925 0.225 0.0475
0 0.2066666666666667 0.230625 0.22333333333333336 0.04125
0 0.48833333333333334 0.2275 0.2366666666666667 0.0375
0 0.7891666666666667 0.23 0.22166666666666668 0.0425
0 0.20583333333333334 0.17250000000000001 0.22166666666666668 0.0375
0 0.4891666666666667 0.171875 0.23500000000000001 0.04625
0 0.7875000000000001 0.166875 0.21833333333333335 0.043750000000000004
0 0.48333333333333334 0.58875 0.24000000000000002 0.05
0 0.49000000000000005 0.6475 0.24000000000000002 0.05
0 0.49083333333333334 0.70625 0.24833333333333335 0.05
0 0.7858333333333334 0.71375 0.2516666666666667 0.0525
0 0.7891666666666667 0.35125 0.22833333333333336 0.04
