0 0.24833333333333335 0.65125 0.24333333333333335 0.0425
0 0.54 0.600625 0.24333333333333335 0.03875
0 0.8258333333333334 0.603125 0.2316666666666667 0.04125
0 0.24916666666666668 0.59375 0.24166666666666667 0.0425
0 0.2566666666666667 0.5375 0.23 0.04
0 0.8241666666666667 0.544375 0.2316666666666667 0.04125
0 0.5366666666666667 0.541875 0.24666666666666667 0.04125
0 0.8250000000000001 0.475625 0.22666666666666668 0.043750000000000004
0 0.5366666666666667 0.48 0.24666666666666667 0.0425
0 0.26 0.42562500000000003 0.22666666666666668 0.03875
0 0.5383333333333333 0.426875 0.24333333333333335 0.03875
0 0.24750000000000003 0.37125 0.24833333333333335 0.0375
0 0.535 0.37 0.24666666666666667 0.04
0 0.8166666666666668 0.365 0.24333333333333335 0.04
0 0.2516666666666667 0.32125 0.24000000000000002 0.045
0 0.5366666666666667 0.31125 0.24333333333333335 0.0375
0 0.25 0.26375 0.24333333333333335 0.0375
0 0.5333333333333333 0.2525 0.24666666666666667 0.0425
0 0.8166666666666668 0.2425 0.24000000000000002 0.0475
0 0.25833333333333336 0.211875 0.23 0.04625
0 0.535 0.195625 0.2366666666666667 0.04125
0 0.8191666666666667 0.185 0.22833333333333336 0.0375
0 0.26833333333333337 0.15875 0.21333333333333335 0.0375
0 0.5366666666666667 0.136875 0.2366666666666667 0.03875
0 0.24250000000000002 0.035 0.135 0.035
0 0.8166666666666668 0.124375 0.23 0.058750000000000004
0 0.8166666666666668 0.305 0.24000000000000002 0.0475
0 0.8166666666666668 0.42 0.24333333333333335 0.04
0 0.8233333333333334 0.661875 0.2366666666666667 0.051250000000000004
0 0.5341666666666667 0.655625 0.24833333333333335 0.04875
0 0.255 0.483125 0.22666666666666668 0.03875
