0 0.19583333333333336 0.68125 0.2316666666666667 0.0325
0 0.47000000000000003 0.6775 0.24333333333333335 0.035
0 0.7466666666666667 0.669375 0.24666666666666667 0.04125
0 0.18500000000000003 0.620625 0.23 0.03375
0 0.7425 0.6125 0.24500000000000002 0.035
0 0.4708333333333334 0.618125 0.24500000000000002 0.03625
0 0.195 0.5650000000000001 0.23333333333333334 0.035
0 0.7408333333333333 0.56125 0.24500000000000002 0.0325
0 0.46166666666666667 0.563125 0.23 0.03625
0 0.1925 0.511875 0.22166666666666668 0.03375
0 0.4566666666666667 0.5075000000000001 0.21333333333333335 0.035
0 0.7358333333333333 0.505625 0.24166666666666667 0.03625
0 0.4633333333333334 0.45125 0.2366666666666667 0.03
0 0.1875 0.4525 0.21166666666666667 0.0375
0 0.7375 0.44875 0.24166666666666667 0.045
0 0.46166666666666667 0.40375 0.23333333333333334 0.0425
0 0.19416666666666668 0.39937500000000004 0.225 0.03625
0 0.7333333333333334 0.39875 0.24000000000000002 0.0375
0 0.7283333333333334 0.34875 0.23333333333333334 0.0375
0 0.45833333333333337 0.34375 0.23 0.0325
0 0.18250000000000002 0.34500000000000003 0.19833333333333333 0.035
0 0.7283333333333334 0.291875 0.24000000000000002 0.02875
0 0.4566666666666667 0.2925 0.22666666666666668 0.035
0 0.2 0.290625 0.2366666666666667 0.03375
0 0.4625 0.23875000000000002 0.23500000000000001 0.04
0 0.7291666666666667 0.238125 0.23500000000000001 0.04125
0 0.19333333333333336 0.23375 0.22 0.035
0 0.7250000000000001 0.193125 0.24000000000000002 0.03375
0 0.44333333333333336 0.1875 0.24333333333333335 0.0375
0 0.19583333333333336 0.184375 0.225 0.03125
