0 0.20333333333333334 0.6475 0.2366666666666667 0.04
0 0.5058333333333334 0.63875 0.24166666666666667 0.05
0 0.8125 0.644375 0.24500000000000002 0.03875
0 0.2 0.586875 0.22333333333333336 0.04125
0 0.49500000000000005 0.5806250000000001 0.22333333333333336 0.04125
0 0.8266666666666668 0.58375 0.27666666666666667 0.0325
0 0.2016666666666667 0.5225 0.24000000000000002 0.0425
0 0.4966666666666667 0.520625 0.23 0.03625
0 0.7941666666666667 0.516875 0.21500000000000002 0.03875
0 0.19666666666666668 0.4625 0.2366666666666667 0.04
0 0.8025000000000001 0.450625 0.24166666666666667 0.04125
0 0.5033333333333334 0.45625 0.24666666666666667 0.045
0 0.505 0.401875 0.2566666666666667 0.03625
0 0.20583333333333334 0.404375 0.25833333333333336 0.04125
0 0.8125 0.39125 0.25833333333333336 0.0425
0 0.20583333333333334 0.344375 0.26166666666666666 0.043750000000000004
0 0.5075000000000001 0.3325 0.25833333333333336 0.04
0 0.7966666666666667 0.325 0.23 0.035
0 0.18416666666666667 0.278125 0.225 0.04125
0 0.49750000000000005 0.268125 0.24500000000000002 0.043750000000000004
0 0.8025000000000001 0.26 0.24500000000000002 0.0625
0 0.20083333333333334 0.21937500000000001 0.255 0.043750000000000004
0 0.8075000000000001 0.193125 0.26166666666666666 0.043750000000000004
0 0.49583333333333335 0.20750000000000002 0.2516666666666667 0.0425
0 0.19833333333333333 0.16375 0.25333333333333335 0.04
0 0.49583333333333335 0.14375000000000002 0.2516666666666667 0.0425
0 0.805 0.13375 0.2566666666666667 0.04
0 0.19 0.091875 0.24333333333333335 0.04625
0 0.4966666666666667 0.083125 0.26 0.043750000000000004
0 0.7975000000000001 0.07375 0.24833333333333335 0.045
