0 0.25583333333333336 0.8562500000000001 0.22833333333333336 0.04
0 0.15666666666666668 0.58375 0.2866666666666667 0.035
0 0.8550000000000001 0.58 0.27666666666666667 0.04
0 0.5066666666666667 0.5775 0.28 0.0425
0 0.1625 0.529375 0.28833333333333333 0.03125
0 0.5158333333333334 0.53125 0.25833333333333336 0.035
0 0.8475 0.52875 0.2816666666666667 0.0375
0 0.16333333333333333 0.4825 0.29000000000000004 0.04
0 0.8450000000000001 0.480625 0.28 0.03875
0 0.505 0.479375 0.27666666666666667 0.04125
0 0.5141666666666667 0.43062500000000004 0.25833333333333336 0.03625
0 0.8433333333333334 0.42875 0.2733333333333334 0.0375
0 0.17500000000000002 0.42812500000000003 0.26 0.03875
0 0.18083333333333335 0.375 0.26166666666666666 0.0425
0 0.5058333333333334 0.37875000000000003 0.27166666666666667 0.035
0 0.8433333333333334 0.37875000000000003 0.26666666666666666 0.0375
0 0.5016666666666667 0.326875 0.28 0.03375
0 0.17833333333333334 0.33187500000000003 0.27 0.03125
0 0.8433333333333334 0.328125 0.26333333333333336 0.03875
0 0.5033333333333334 0.28 0.2733333333333334 0.0325
0 0.8358333333333334 0.28 0.26833333333333337 0.03
0 0.18666666666666668 0.236875 0.2566666666666667 0.03125
0 0.5075000000000001 0.2325 0.26166666666666666 0.0325
0 0.8341666666666667 0.231875 0.26166666666666666 0.03125
0 0.5075000000000001 0.18625 0.26166666666666666 0.0325
0 0.8250000000000001 0.183125 0.27666666666666667 0.03375
0 0.19416666666666668 0.148125 0.2516666666666667 0.02625
0 0.5008333333333334 0.143125 0.26833333333333337 0.02625
0 0.8150000000000001 0.1375 0.29000000000000004 0.03
0 0.21166666666666667 0.18875 0.22 0.0375
0 0.19416666666666668 0.28250000000000003 0.23500000000000001 0.0425
