0 0.2325 0.63625 0.23833333333333334 0.0425
0 0.22333333333333336 0.575625 0.21333333333333335 0.03625
0 0.8441666666666667 0.578125 0.225 0.051250000000000004
0 0.8391666666666667 0.51625 0.21166666666666667 0.04
0 0.2225 0.513125 0.20833333333333334 0.04125
0 0.5225000000000001 0.511875 0.225 0.04125
0 0.8341666666666667 0.448125 0.20500000000000002 0.03875
0 0.8383333333333334 0.38875 0.22333333333333336 0.035
0 0.5275000000000001 0.33187500000000003 0.21833333333333335 0.03125
0 0.8283333333333334 0.326875 0.19666666666666668 0.03375
0 0.5158333333333334 0.27187500000000003 0.19833333333333333 0.03375
0 0.8233333333333334 0.265 0.18666666666666668 0.0375
0 0.5183333333333333 0.213125 0.2 0.03375
0 0.8208333333333334 0.205625 0.18166666666666667 0.03875
0 0.5216666666666667 0.15875 0.20333333333333334 0.04
0 0.8133333333333334 0.145 0.17 0.0325
0 0.22166666666666668 0.11125 0.18000000000000002 0.0325
0 0.5166666666666667 0.09875 0.19333333333333336 0.0375
0 0.8141666666666667 0.08687500000000001 0.18166666666666667 0.03375
0 0.22083333333333335 0.16375 0.17833333333333334 0.04
0 0.2225 0.22 0.17833333333333334 0.04
0 0.21750000000000003 0.27875 0.17833333333333334 0.04
0 0.21416666666666667 0.34 0.17833333333333334 0.04
0 0.21583333333333335 0.39625 0.17833333333333334 0.04
0 0.21500000000000002 0.4575 0.18333333333333335 0.0425
0 0.5083333333333334 0.40375 0.18333333333333335 0.06
0 0.5183333333333333 0.46125 0.19 0.0425
0 0.5291666666666667 0.579375 0.225 0.04125
0 0.5308333333333334 0.639375 0.225 0.04125
0 0.8458333333333334 0.641875 0.225 0.04125
