0 0.8116666666666668 0.646875 0.24000000000000002 0.03875
0 0.24166666666666667 0.639375 0.22 0.03375
0 0.515 0.6425 0.24666666666666667 0.04
0 0.8183333333333334 0.585 0.22333333333333336 0.0325
0 0.24083333333333334 0.59 0.22166666666666668 0.0525
0 0.5141666666666667 0.58125 0.2516666666666667 0.0375
0 0.24416666666666667 0.529375 0.22166666666666668 0.03875
0 0.5291666666666667 0.525 0.22166666666666668 0.035
0 0.8108333333333334 0.5225 0.23500000000000001 0.0425
0 0.24833333333333335 0.470625 0.21666666666666667 0.03375
0 0.53 0.468125 0.21333333333333335 0.03375
0 0.24250000000000002 0.415625 0.225 0.03125
0 0.5291666666666667 0.406875 0.21833333333333335 0.03875
0 0.8141666666666667 0.406875 0.22166666666666668 0.03625
0 0.24916666666666668 0.359375 0.21500000000000002 0.04125
0 0.5325000000000001 0.35625 0.20500000000000002 0.035
0 0.8275 0.351875 0.195 0.03625
0 0.24416666666666667 0.306875 0.225 0.03125
0 0.5283333333333333 0.2975 0.21666666666666667 0.035
0 0.8175 0.29125 0.20500000000000002 0.035
0 0.24250000000000002 0.254375 0.2316666666666667 0.03375
0 0.5233333333333333 0.24125 0.23 0.0375
0 0.8058333333333334 0.23625000000000002 0.22166666666666668 0.04
0 0.25833333333333336 0.201875 0.2 0.03625
0 0.535 0.185625 0.2066666666666667 0.03375
0 0.81 0.176875 0.21666666666666667 0.03625
0 0.25583333333333336 0.149375 0.20500000000000002 0.04125
0 0.5358333333333334 0.134375 0.2016666666666667 0.04875
0 0.8208333333333334 0.12375 0.18833333333333335 0.0375
0 0.8175 0.468125 0.22166666666666668 0.03625
