0 0.4658333333333334 0.655 0.24166666666666667 0.0375
0 0.7525000000000001 0.655625 0.24500000000000002 0.04125
0 0.17 0.595625 0.23 0.03375
0 0.46416666666666667 0.596875 0.255 0.03625
0 0.7591666666666668 0.595625 0.2316666666666667 0.03875
0 0.7566666666666667 0.538125 0.2366666666666667 0.043750000000000004
0 0.1716666666666667 0.53625 0.22333333333333336 0.0375
0 0.4625 0.5337500000000001 0.24833333333333335 0.0425
0 0.7541666666666668 0.47500000000000003 0.24166666666666667 0.045
0 0.4625 0.47875 0.24166666666666667 0.04
0 0.17333333333333334 0.474375 0.22333333333333336 0.03875
0 0.465 0.41625 0.24666666666666667 0.035
0 0.7541666666666668 0.419375 0.24166666666666667 0.03375
0 0.17666666666666667 0.40625 0.22 0.0425
0 0.7575000000000001 0.36062500000000003 0.23833333333333334 0.03875
0 0.4708333333333334 0.355 0.23833333333333334 0.0375
0 0.17333333333333334 0.350625 0.23333333333333334 0.03375
0 0.755 0.301875 0.24666666666666667 0.03625
0 0.18000000000000002 0.29 0.21666666666666667 0.0325
0 0.4591666666666667 0.296875 0.25833333333333336 0.03625
0 0.7575000000000001 0.245 0.24166666666666667 0.0325
0 0.4766666666666667 0.241875 0.23 0.04625
0 0.17833333333333334 0.2275 0.22333333333333336 0.035
0 0.7575000000000001 0.1925 0.2316666666666667 0.0425
0 0.4791666666666667 0.175625 0.21833333333333335 0.04125
0 0.18000000000000002 0.171875 0.21333333333333335 0.04125
0 0.7516666666666667 0.13375 0.2566666666666667 0.0325
0 0.18250000000000002 0.11125 0.21166666666666667 0.0375
0 0.4658333333333334 0.11875000000000001 0.255 0.04
0 0.17083333333333334 0.6575 0.2316666666666667 0.0375
