0 0.18916666666666668 0.663125 0.25833333333333336 0.04125
0 0.7833333333333334 0.61125 0.26333333333333336 0.0375
0 0.20083333333333334 0.605 0.23833333333333334 0.0375
0 0.48583333333333334 0.551875 0.255 0.043750000000000004
0 0.2025 0.54625 0.2316666666666667 0.04
0 0.19583333333333336 0.48875 0.24166666666666667 0.0425
0 0.48833333333333334 0.489375 0.25333333333333335 0.043750000000000004
0 0.2 0.4375 0.2366666666666667 0.0425
0 0.48833333333333334 0.43375 0.25 0.0425
0 0.7883333333333333 0.431875 0.25333333333333335 0.043750000000000004
0 0.20500000000000002 0.3775 0.22666666666666668 0.04
0 0.49833333333333335 0.3725 0.25333333333333335 0.04
0 0.7841666666666667 0.364375 0.255 0.04625
0 0.20333333333333334 0.32125 0.23 0.0425
0 0.49583333333333335 0.31375000000000003 0.23500000000000001 0.045
0 0.7808333333333334 0.30625 0.265 0.0425
0 0.19666666666666668 0.26125 0.24333333333333335 0.0425
0 0.49250000000000005 0.25125000000000003 0.24166666666666667 0.045
0 0.7916666666666667 0.248125 0.24333333333333335 0.04125
0 0.1991666666666667 0.208125 0.23500000000000001 0.051250000000000004
0 0.4916666666666667 0.19187500000000002 0.24666666666666667 0.043750000000000004
0 0.7958333333333334 0.184375 0.2316666666666667 0.03875
0 0.2025 0.140625 0.2316666666666667 0.03875
0 0.4941666666666667 0.12625 0.23833333333333334 0.04
0 0.7916666666666667 0.121875 0.2366666666666667 0.04875
0 0.7866666666666667 0.491875 0.25333333333333335 0.043750000000000004
0 0.7866666666666667 0.551875 0.25333333333333335 0.043750000000000004
0 0.785 0.671875 0.2566666666666667 0.043750000000000004
0 0.48500000000000004 0.608125 0.2566666666666667 0.043750000000000004
0 0.48333333333333334 0.666875 0.2566666666666667 0.043750000000000004
