0 0.8150000000000001 0.660625 0.24000000000000002 0.03875
0 0.5175000000000001 0.655 0.24500000000000002 0.04
0 0.21500000000000002 0.6525 0.22666666666666668 0.0425
0 0.8191666666666667 0.600625 0.24500000000000002 0.03875
0 0.225 0.591875 0.25 0.04125
0 0.5183333333333333 0.5975 0.24333333333333335 0.0525
0 0.8208333333333334 0.536875 0.24166666666666667 0.043750000000000004
0 0.22166666666666668 0.530625 0.24666666666666667 0.04125
0 0.52 0.533125 0.2566666666666667 0.03875
0 0.5316666666666667 0.48125 0.26666666666666666 0.0375
0 0.8216666666666668 0.48 0.24000000000000002 0.0375
0 0.2225 0.471875 0.24500000000000002 0.04625
0 0.8250000000000001 0.42375 0.23333333333333334 0.0375
0 0.21750000000000003 0.40875 0.24500000000000002 0.0425
0 0.8250000000000001 0.36625 0.23 0.0475
0 0.21916666666666668 0.35125 0.24500000000000002 0.0375
0 0.5283333333333333 0.35375 0.26333333333333336 0.0475
0 0.8316666666666667 0.29812500000000003 0.24000000000000002 0.04125
0 0.5258333333333334 0.295625 0.26166666666666666 0.04125
0 0.21750000000000003 0.294375 0.24833333333333335 0.03375
0 0.8325 0.23500000000000001 0.24166666666666667 0.045
0 0.5275000000000001 0.224375 0.26166666666666666 0.043750000000000004
0 0.21500000000000002 0.229375 0.24333333333333335 0.03875
0 0.21750000000000003 0.164375 0.24833333333333335 0.04125
0 0.5275000000000001 0.16 0.255 0.045
0 0.8383333333333334 0.17250000000000001 0.24666666666666667 0.0475
0 0.21750000000000003 0.1075 0.24166666666666667 0.0425
0 0.8383333333333334 0.110625 0.23333333333333334 0.05375
0 0.5291666666666667 0.10250000000000001 0.2516666666666667 0.0375
0 0.5316666666666667 0.41500000000000004 0.26666666666666666 0.0375
