0 0.29083333333333333 0.666875 0.23500000000000001 0.04875
0 0.5533333333333333 0.65125 0.21000000000000002 0.04
0 0.8033333333333333 0.650625 0.21333333333333335 0.03375
0 0.29333333333333333 0.61125 0.22666666666666668 0.0375
0 0.555 0.601875 0.2 0.03125
0 0.7991666666666667 0.59875 0.21500000000000002 0.03
0 0.29333333333333333 0.555 0.22666666666666668 0.035
0 0.5516666666666667 0.55375 0.2066666666666667 0.035
0 0.8033333333333333 0.54625 0.2066666666666667 0.035
0 0.29333333333333333 0.50375 0.22333333333333336 0.03
0 0.55 0.5025000000000001 0.21000000000000002 0.0325
0 0.7966666666666667 0.499375 0.22 0.03375
0 0.55 0.455 0.19666666666666668 0.04
0 0.7925000000000001 0.45 0.21500000000000002 0.0325
0 0.2866666666666667 0.400625 0.22666666666666668 0.03125
0 0.5466666666666667 0.40375 0.2066666666666667 0.0375
0 0.7983333333333333 0.400625 0.19333333333333336 0.03375
0 0.28583333333333333 0.34750000000000003 0.2316666666666667 0.035
0 0.545 0.3525 0.2066666666666667 0.0375
0 0.7933333333333333 0.349375 0.2066666666666667 0.03375
0 0.28750000000000003 0.295625 0.22166666666666668 0.03125
0 0.545 0.30125 0.2066666666666667 0.0425
0 0.28500000000000003 0.2425 0.22333333333333336 0.035
0 0.5441666666666667 0.248125 0.2016666666666667 0.03875
0 0.7908333333333334 0.201875 0.195 0.03875
0 0.28500000000000003 0.195625 0.22 0.03375
0 0.5491666666666667 0.195625 0.225 0.03875
0 0.7925000000000001 0.251875 0.20833333333333334 0.03375
0 0.7925000000000001 0.29625 0.20833333333333334 0.03
0 0.2841666666666667 0.451875 0.22833333333333336 0.03375
