0 0.5208333333333334 0.6481250000000001 0.24166666666666667 0.03625
0 0.23833333333333334 0.64375 0.25333333333333335 0.0375
0 0.2541666666666667 0.5906250000000001 0.22833333333333336 0.03375
0 0.5283333333333333 0.596875 0.22666666666666668 0.04125
0 0.79 0.5425 0.25333333333333335 0.0325
0 0.2516666666666667 0.540625 0.2366666666666667 0.03375
0 0.5158333333333334 0.539375 0.2516666666666667 0.03375
0 0.2575 0.48875 0.22833333333333336 0.0375
0 0.7983333333333333 0.48812500000000003 0.2366666666666667 0.03875
0 0.5233333333333333 0.483125 0.24000000000000002 0.03625
0 0.53 0.434375 0.22333333333333336 0.03875
0 0.8058333333333334 0.43125 0.21166666666666667 0.04
0 0.26 0.38375000000000004 0.22666666666666668 0.03
0 0.5325000000000001 0.38375000000000004 0.22166666666666668 0.04
0 0.8008333333333334 0.378125 0.22166666666666668 0.03625
0 0.24916666666666668 0.335625 0.2516666666666667 0.03375
0 0.5325000000000001 0.32875 0.21833333333333335 0.0425
0 0.8 0.323125 0.22333333333333336 0.04125
0 0.2625 0.283125 0.225 0.03625
0 0.5258333333333334 0.27875 0.23500000000000001 0.04
0 0.26083333333333336 0.235625 0.2316666666666667 0.03625
0 0.26916666666666667 0.1825 0.21833333333333335 0.0325
0 0.7983333333333333 0.17 0.21666666666666667 0.04
0 0.535 0.173125 0.22 0.04125
0 0.7966666666666667 0.225 0.21666666666666667 0.04
0 0.8 0.275 0.21666666666666667 0.04
0 0.5275000000000001 0.22625 0.22833333333333336 0.045
0 0.26583333333333337 0.4325 0.20833333333333334 0.0325
0 0.8008333333333334 0.599375 0.24166666666666667 0.03625
0 0.7941666666666667 0.654375 0.24166666666666667 0.03625
