0 0.24416666666666667 0.6425 0.20833333333333334 0.035
0 0.5075000000000001 0.635625 0.21166666666666667 0.03875
0 0.7516666666666667 0.63375 0.22333333333333336 0.04
0 0.24833333333333335 0.59125 0.20333333333333334 0.0325
0 0.7575000000000001 0.588125 0.21166666666666667 0.03375
0 0.5066666666666667 0.588125 0.21000000000000002 0.03875
0 0.24416666666666667 0.535625 0.21166666666666667 0.03625
0 0.7516666666666667 0.536875 0.22 0.03125
0 0.4991666666666667 0.5337500000000001 0.22166666666666668 0.0375
0 0.7566666666666667 0.489375 0.20333333333333334 0.03375
0 0.5083333333333334 0.48812500000000003 0.20333333333333334 0.03875
0 0.745 0.438125 0.22 0.03125
0 0.5041666666666667 0.436875 0.20833333333333334 0.03375
0 0.24250000000000002 0.435 0.21500000000000002 0.035
0 0.7466666666666667 0.38875 0.21000000000000002 0.0325
0 0.24583333333333335 0.3825 0.20500000000000002 0.0325
0 0.7533333333333334 0.341875 0.19333333333333336 0.03125
0 0.24916666666666668 0.3325 0.2016666666666667 0.03
0 0.49750000000000005 0.33437500000000003 0.21833333333333335 0.03625
0 0.7508333333333334 0.2925 0.195 0.03
0 0.2516666666666667 0.28750000000000003 0.19666666666666668 0.0375
0 0.505 0.28375 0.2 0.03
0 0.7383333333333334 0.248125 0.21333333333333335 0.02875
0 0.25 0.235625 0.19666666666666668 0.03375
0 0.745 0.1975 0.19666666666666668 0.0325
0 0.25833333333333336 0.1825 0.18333333333333335 0.04
0 0.49583333333333335 0.1875 0.20500000000000002 0.0375
0 0.5008333333333334 0.381875 0.21833333333333335 0.03625
0 0.24250000000000002 0.48562500000000003 0.21833333333333335 0.03625
0 0.4941666666666667 0.23500000000000001 0.21166666666666667 0.0375
