0 0.755 0.6125 0.22333333333333336 0.035
0 0.76 0.560625 0.21000000000000002 0.03875
0 0.7583333333333334 0.5125 0.2066666666666667 0.0375
0 0.22833333333333336 0.465625 0.22666666666666668 0.04125
0 0.48750000000000004 0.460625 0.21500000000000002 0.03625
0 0.7608333333333334 0.46625 0.21500000000000002 0.05
0 0.7575000000000001 0.409375 0.21500000000000002 0.03625
0 0.22166666666666668 0.40875 0.21333333333333335 0.0375
0 0.49083333333333334 0.405625 0.21833333333333335 0.04875
0 0.7475 0.36 0.19833333333333333 0.0375
0 0.45583333333333337 0.3575 0.14166666666666666 0.035
0 0.22666666666666668 0.355 0.22666666666666668 0.035
0 0.7475 0.31375000000000003 0.19833333333333333 0.0375
0 0.49333333333333335 0.30375 0.21666666666666667 0.035
0 0.22416666666666668 0.301875 0.21500000000000002 0.04125
0 0.7441666666666668 0.263125 0.2016666666666667 0.03625
0 0.4891666666666667 0.255625 0.20833333333333334 0.03875
0 0.22333333333333336 0.250625 0.21333333333333335 0.03625
0 0.745 0.215 0.20333333333333334 0.035
0 0.48833333333333334 0.20500000000000002 0.21666666666666667 0.035
0 0.22 0.199375 0.2066666666666667 0.03375
0 0.4808333333333334 0.154375 0.195 0.03125
0 0.22166666666666668 0.15125 0.21000000000000002 0.04
0 0.7466666666666667 0.1625 0.21000000000000002 0.04
0 0.2275 0.514375 0.22166666666666668 0.03875
0 0.22416666666666668 0.566875 0.22166666666666668 0.03875
0 0.2225 0.6218750000000001 0.22166666666666668 0.03875
0 0.49583333333333335 0.510625 0.22166666666666668 0.03875
0 0.5025000000000001 0.564375 0.22166666666666668 0.03875
0 0.5058333333333334 0.618125 0.22166666666666668 0.03875
