0 0.24833333333333335 0.6575 0.21666666666666667 0.04
0 0.24916666666666668 0.605625 0.21833333333333335 0.03875
0 0.515 0.6 0.21333333333333335 0.04
0 0.24750000000000003 0.54875 0.21833333333333335 0.035
0 0.7725000000000001 0.550625 0.225 0.03875
0 0.5175000000000001 0.541875 0.20500000000000002 0.03875
0 0.24916666666666668 0.500625 0.21833333333333335 0.04125
0 0.5175000000000001 0.494375 0.2016666666666667 0.03375
0 0.7725000000000001 0.491875 0.21833333333333335 0.04125
0 0.77 0.448125 0.21333333333333335 0.03375
0 0.24500000000000002 0.44625000000000004 0.21666666666666667 0.04
0 0.7716666666666667 0.39687500000000003 0.2066666666666667 0.04125
0 0.24583333333333335 0.39437500000000003 0.21500000000000002 0.043750000000000004
0 0.7691666666666667 0.345625 0.20833333333333334 0.03625
0 0.24333333333333335 0.34125 0.21666666666666667 0.04
0 0.5108333333333334 0.34125 0.20833333333333334 0.04
0 0.7675000000000001 0.29812500000000003 0.21500000000000002 0.03625
0 0.5083333333333334 0.28875 0.21666666666666667 0.0375
0 0.2366666666666667 0.28500000000000003 0.23333333333333334 0.0475
0 0.7708333333333334 0.244375 0.20500000000000002 0.03625
0 0.5066666666666667 0.239375 0.22 0.03625
0 0.24583333333333335 0.234375 0.20833333333333334 0.03875
0 0.7708333333333334 0.19062500000000002 0.20833333333333334 0.03125
0 0.5116666666666667 0.185625 0.2066666666666667 0.03875
0 0.24750000000000003 0.1825 0.20500000000000002 0.04
0 0.5075000000000001 0.395 0.20833333333333334 0.04
0 0.7725000000000001 0.5962500000000001 0.225 0.0375
0 0.7675000000000001 0.645 0.225 0.0375
0 0.5175000000000001 0.645 0.225 0.0375
