0 0.8125 0.920625 0.3383333333333334 0.058750000000000004
0 0.03916666666666667 0.735625 0.07500000000000001 0.22375
0 0.8300000000000001 0.594375 0.30333333333333334 0.03875
0 0.49333333333333335 0.585 0.27 0.0325
0 0.17500000000000002 0.585 0.28 0.04
0 0.4941666666666667 0.534375 0.27166666666666667 0.03625
0 0.18083333333333335 0.530625 0.2816666666666667 0.03375
0 0.8266666666666668 0.49 0.2966666666666667 0.045
0 0.18333333333333335 0.484375 0.28 0.04125
0 0.8241666666666667 0.43875000000000003 0.2816666666666667 0.0375
0 0.18666666666666668 0.435625 0.27666666666666667 0.03625
0 0.19083333333333335 0.389375 0.275 0.03125
0 0.8216666666666668 0.388125 0.28 0.03625
0 0.19166666666666668 0.345625 0.27 0.03375
0 0.8266666666666668 0.335 0.29333333333333333 0.0325
0 0.5066666666666667 0.3425 0.28 0.0375
0 0.2 0.2975 0.27666666666666667 0.035
0 0.5091666666666667 0.295 0.2783333333333334 0.035
0 0.2041666666666667 0.248125 0.275 0.03625
0 0.51 0.246875 0.27666666666666667 0.03875
0 0.8283333333333334 0.23625000000000002 0.29000000000000004 0.035
0 0.2016666666666667 0.201875 0.26666666666666666 0.03375
0 0.5125000000000001 0.198125 0.2783333333333334 0.03375
0 0.8258333333333334 0.19125 0.28500000000000003 0.0275
0 0.2041666666666667 0.155625 0.26166666666666666 0.03625
0 0.5083333333333334 0.15125 0.26333333333333336 0.035
0 0.8233333333333334 0.144375 0.28 0.02625
0 0.5083333333333334 0.38875 0.28 0.035
0 0.5058333333333334 0.43875000000000003 0.2816666666666667 0.0375
0 0.5058333333333334 0.48625 0.2783333333333334 0.035
0 0.8258333333333334 0.286875 0.28833333333333333 0.03375
0 0.8308333333333334 0.54 0.3016666666666667 0.0425
