0 0.21666666666666667 0.639375 0.22333333333333336 0.043750000000000004
0 0.7508333333333334 0.63875 0.22166666666666668 0.0375
0 0.4758333333333334 0.634375 0.21166666666666667 0.04125
0 0.47750000000000004 0.58375 0.21500000000000002 0.0375
0 0.745 0.5875 0.21333333333333335 0.0375
0 0.48250000000000004 0.534375 0.21833333333333335 0.03875
0 0.7441666666666668 0.5325 0.20833333333333334 0.0375
0 0.21333333333333335 0.4825 0.21000000000000002 0.04
0 0.4758333333333334 0.480625 0.20500000000000002 0.03875
0 0.7350000000000001 0.435625 0.19666666666666668 0.03125
0 0.47500000000000003 0.42625 0.20333333333333334 0.0425
0 0.7391666666666667 0.385625 0.20833333333333334 0.03375
0 0.7433333333333334 0.335625 0.21666666666666667 0.03375
0 0.21583333333333335 0.328125 0.20500000000000002 0.03625
0 0.7408333333333333 0.288125 0.21500000000000002 0.03375
0 0.47750000000000004 0.275 0.20500000000000002 0.035
0 0.22 0.270625 0.20333333333333334 0.03875
0 0.22333333333333336 0.215625 0.21333333333333335 0.043750000000000004
0 0.7400000000000001 0.19062500000000002 0.21666666666666667 0.03875
0 0.22166666666666668 0.1675 0.20333333333333334 0.035
0 0.4791666666666667 0.17875 0.20500000000000002 0.0375
0 0.48333333333333334 0.22375 0.21000000000000002 0.0375
0 0.745 0.238125 0.21666666666666667 0.03875
0 0.21750000000000003 0.375625 0.20500000000000002 0.03625
0 0.21916666666666668 0.42375 0.21166666666666667 0.04
0 0.48250000000000004 0.37375 0.21166666666666667 0.04
0 0.4808333333333334 0.325 0.21166666666666667 0.04
0 0.21333333333333335 0.53125 0.21000000000000002 0.04
0 0.21000000000000002 0.5875 0.21000000000000002 0.04
0 0.7441666666666668 0.48375 0.20833333333333334 0.0325
