0 0.7908333333333334 0.69125 0.24500000000000002 0.045
0 0.8166666666666668 0.633125 0.19333333333333336 0.04125
0 0.5425 0.62875 0.20500000000000002 0.04
0 0.7875000000000001 0.574375 0.24833333333333335 0.04125
0 0.5241666666666667 0.57125 0.24166666666666667 0.04
0 0.8041666666666667 0.51875 0.20833333333333334 0.045
0 0.545 0.51625 0.2 0.04
0 0.5383333333333333 0.47250000000000003 0.20333333333333334 0.0375
0 0.5383333333333333 0.42 0.21000000000000002 0.0375
0 0.8058333333333334 0.416875 0.20833333333333334 0.03625
0 0.8008333333333334 0.365 0.20833333333333334 0.04
0 0.5475 0.361875 0.18500000000000003 0.043750000000000004
0 0.28 0.315 0.21333333333333335 0.0475
0 0.8008333333333334 0.31125 0.20833333333333334 0.0375
0 0.5425 0.311875 0.19833333333333333 0.04625
0 0.5466666666666667 0.26125 0.18666666666666668 0.0325
0 0.26916666666666667 0.26125 0.23500000000000001 0.0425
0 0.8116666666666668 0.26125 0.19 0.04
0 0.2866666666666667 0.213125 0.19333333333333336 0.04625
0 0.5233333333333333 0.210625 0.2366666666666667 0.04125
0 0.795 0.20500000000000002 0.21333333333333335 0.04
0 0.8066666666666668 0.471875 0.2 0.03625
0 0.5408333333333334 0.681875 0.20833333333333334 0.04125
0 0.28750000000000003 0.368125 0.18833333333333335 0.04125
0 0.2791666666666667 0.416875 0.21833333333333335 0.043750000000000004
0 0.28833333333333333 0.4675 0.19666666666666668 0.0425
0 0.28500000000000003 0.52125 0.19666666666666668 0.0425
0 0.28500000000000003 0.57375 0.19666666666666668 0.0425
0 0.27416666666666667 0.62625 0.21500000000000002 0.04
0 0.2833333333333333 0.68125 0.2 0.045
