0 0.2575 0.66625 0.21166666666666667 0.0475
0 0.5325000000000001 0.665 0.21833333333333335 0.0425
0 0.25833333333333336 0.613125 0.21000000000000002 0.03375
0 0.5325000000000001 0.6062500000000001 0.225 0.0375
0 0.5183333333333333 0.55375 0.2 0.035
0 0.24833333333333335 0.555625 0.19666666666666668 0.04125
0 0.25083333333333335 0.499375 0.20833333333333334 0.04125
0 0.525 0.49562500000000004 0.21666666666666667 0.03875
0 0.5291666666666667 0.43375 0.225 0.05
0 0.52 0.378125 0.21333333333333335 0.04625
0 0.24583333333333335 0.336875 0.21166666666666667 0.04125
0 0.52 0.3275 0.22 0.045
0 0.24916666666666668 0.276875 0.22166666666666668 0.04125
0 0.5116666666666667 0.270625 0.2066666666666667 0.043750000000000004
0 0.23500000000000001 0.229375 0.19333333333333336 0.043750000000000004
0 0.5075000000000001 0.214375 0.19833333333333333 0.03875
0 0.2391666666666667 0.171875 0.20500000000000002 0.03875
0 0.505 0.15937500000000002 0.20333333333333334 0.04125
0 0.25 0.388125 0.21666666666666667 0.051250000000000004
0 0.24666666666666667 0.445625 0.21666666666666667 0.051250000000000004
0 0.7841666666666667 0.15687500000000001 0.20500000000000002 0.04875
0 0.7825000000000001 0.211875 0.20500000000000002 0.04875
0 0.7891666666666667 0.264375 0.20500000000000002 0.04875
0 0.7858333333333334 0.319375 0.20500000000000002 0.04875
0 0.7908333333333334 0.374375 0.20500000000000002 0.04875
0 0.7925000000000001 0.435625 0.20500000000000002 0.04875
0 0.7908333333333334 0.49062500000000003 0.20500000000000002 0.04875
0 0.7891666666666667 0.545625 0.20500000000000002 0.04875
0 0.7975000000000001 0.600625 0.20500000000000002 0.04875
0 0.8058333333333334 0.658125 0.20500000000000002 0.04875
