0 0.21000000000000002 0.6175 0.22 0.0375
0 0.4966666666666667 0.60875 0.24333333333333335 0.0425
0 0.20583333333333334 0.555625 0.21833333333333335 0.03875
0 0.19666666666666668 0.50125 0.20333333333333334 0.035
0 0.49583333333333335 0.4975 0.24166666666666667 0.0425
0 0.22166666666666668 0.444375 0.2566666666666667 0.03875
0 0.22166666666666668 0.395 0.25333333333333335 0.045
0 0.20750000000000002 0.33875 0.22166666666666668 0.0375
0 0.7475 0.285625 0.22166666666666668 0.04125
0 0.1991666666666667 0.28375 0.20500000000000002 0.04
0 0.7516666666666667 0.23375 0.2366666666666667 0.0325
0 0.20333333333333334 0.22187500000000002 0.22333333333333336 0.043750000000000004
0 0.7483333333333334 0.183125 0.22666666666666668 0.043750000000000004
0 0.2 0.176875 0.21000000000000002 0.04625
0 0.4683333333333334 0.174375 0.19666666666666668 0.04625
0 0.025833333333333337 0.11125 0.04833333333333334 0.22
0 0.19666666666666668 0.67125 0.21000000000000002 0.0475
0 0.4758333333333334 0.23500000000000001 0.2016666666666667 0.055
0 0.4766666666666667 0.29 0.21000000000000002 0.0425
0 0.47500000000000003 0.34125 0.21000000000000002 0.0425
0 0.4816666666666667 0.39125 0.21000000000000002 0.0425
0 0.4766666666666667 0.44375000000000003 0.21000000000000002 0.0425
0 0.4991666666666667 0.55125 0.24166666666666667 0.0425
0 0.49000000000000005 0.6637500000000001 0.24333333333333335 0.0425
0 0.7350000000000001 0.339375 0.22 0.04125
0 0.7366666666666667 0.393125 0.22 0.04125
0 0.7416666666666667 0.446875 0.22 0.04125
0 0.7416666666666667 0.49562500000000004 0.22 0.04125
0 0.745 0.5493750000000001 0.22 0.04125
0 0.7533333333333334 0.600625 0.22 0.04125
0 0.7516666666666667 0.659375 0.22 0.04125
