0 0.2566666666666667 0.6525 0.21666666666666667 0.04
0 0.25833333333333336 0.59875 0.22 0.04
0 0.5441666666666667 0.5475 0.2516666666666667 0.0425
0 0.2541666666666667 0.543125 0.21166666666666667 0.04125
0 0.5441666666666667 0.4875 0.255 0.0425
0 0.25916666666666666 0.4875 0.21833333333333335 0.0425
0 0.24666666666666667 0.4325 0.19333333333333336 0.0325
0 0.2525 0.3775 0.20500000000000002 0.05
0 0.2516666666666667 0.32375 0.2 0.04
0 0.54 0.32 0.24333333333333335 0.0425
0 0.255 0.26875 0.20333333333333334 0.04
0 0.5291666666666667 0.26375 0.21500000000000002 0.035
0 0.2541666666666667 0.213125 0.19833333333333333 0.03625
0 0.5091666666666667 0.2125 0.18166666666666667 0.04
0 0.2516666666666667 0.16125 0.19333333333333336 0.0325
0 0.5266666666666667 0.1525 0.21666666666666667 0.04
0 0.5233333333333333 0.38125000000000003 0.22333333333333336 0.045
0 0.5266666666666667 0.43375 0.22333333333333336 0.045
0 0.53 0.60375 0.23333333333333334 0.045
0 0.5266666666666667 0.66 0.23333333333333334 0.045
0 0.7966666666666667 0.1475 0.21666666666666667 0.04
0 0.805 0.20375000000000001 0.21666666666666667 0.04
0 0.8066666666666668 0.265 0.21666666666666667 0.04
0 0.8033333333333333 0.32 0.21666666666666667 0.04
0 0.8033333333333333 0.37875000000000003 0.21666666666666667 0.04
0 0.805 0.43375 0.21666666666666667 0.04
0 0.8041666666666667 0.49312500000000004 0.21166666666666667 0.043750000000000004
0 0.8058333333333334 0.551875 0.21166666666666667 0.043750000000000004
0 0.8008333333333334 0.605625 0.21166666666666667 0.043750000000000004
0 0.8025000000000001 0.660625 0.21166666666666667 0.043750000000000004
