0 0.2325 0.6743750000000001 0.21833333333333335 0.04625
0 0.7616666666666667 0.670625 0.21333333333333335 0.04125
0 0.5091666666666667 0.6675 0.23500000000000001 0.04
0 0.2316666666666667 0.623125 0.21666666666666667 0.04625
0 0.23833333333333334 0.460625 0.23 0.04875
0 0.49583333333333335 0.41000000000000003 0.20500000000000002 0.04
0 0.2366666666666667 0.401875 0.23 0.04125
0 0.5066666666666667 0.36062500000000003 0.23 0.04625
0 0.2225 0.355 0.20500000000000002 0.0425
0 0.2325 0.299375 0.225 0.03875
0 0.21666666666666667 0.246875 0.19333333333333336 0.043750000000000004
0 0.7525000000000001 0.24375 0.2016666666666667 0.0425
0 0.7333333333333334 0.196875 0.16666666666666669 0.03625
0 0.5 0.18875 0.22 0.0425
0 0.22166666666666668 0.18875 0.2066666666666667 0.0475
0 0.24000000000000002 0.514375 0.2366666666666667 0.04625
0 0.24333333333333335 0.565625 0.2366666666666667 0.04625
0 0.5066666666666667 0.245 0.22333333333333336 0.04
0 0.51 0.296875 0.23 0.04625
0 0.49750000000000005 0.4575 0.20500000000000002 0.04
0 0.4991666666666667 0.5075000000000001 0.20500000000000002 0.04
0 0.5008333333333334 0.560625 0.21166666666666667 0.043750000000000004
0 0.49583333333333335 0.615625 0.21166666666666667 0.043750000000000004
0 0.7575000000000001 0.30062500000000003 0.21500000000000002 0.04625
0 0.7558333333333334 0.349375 0.21500000000000002 0.04625
0 0.7558333333333334 0.404375 0.21500000000000002 0.04625
0 0.7525000000000001 0.458125 0.21500000000000002 0.04625
0 0.7491666666666668 0.509375 0.21500000000000002 0.04625
0 0.7675000000000001 0.563125 0.21500000000000002 0.04625
0 0.7625000000000001 0.613125 0.21500000000000002 0.04625
