0 0.5108333333333334 0.65 0.24500000000000002 0.0425
0 0.21750000000000003 0.650625 0.21833333333333335 0.043750000000000004
0 0.21416666666666667 0.5906250000000001 0.22166666666666668 0.04125
0 0.21916666666666668 0.538125 0.22833333333333336 0.043750000000000004
0 0.21916666666666668 0.47625 0.2316666666666667 0.045
0 0.22166666666666668 0.42562500000000003 0.2366666666666667 0.04625
0 0.48583333333333334 0.411875 0.21833333333333335 0.04875
0 0.22 0.36062500000000003 0.24000000000000002 0.04125
0 0.2016666666666667 0.309375 0.20333333333333334 0.04625
0 0.48583333333333334 0.295625 0.21500000000000002 0.05625
0 0.2025 0.25 0.20833333333333334 0.0475
0 0.48250000000000004 0.239375 0.21500000000000002 0.04125
0 0.20916666666666667 0.194375 0.22833333333333336 0.04125
0 0.48333333333333334 0.180625 0.22666666666666668 0.043750000000000004
0 0.7733333333333334 0.17625 0.2366666666666667 0.0425
0 0.19166666666666668 0.138125 0.18666666666666668 0.03875
0 0.4783333333333334 0.124375 0.22 0.043750000000000004
0 0.48250000000000004 0.351875 0.21833333333333335 0.04875
0 0.4941666666666667 0.473125 0.21833333333333335 0.04875
0 0.505 0.531875 0.24000000000000002 0.05625
0 0.51 0.586875 0.24000000000000002 0.05625
0 0.7816666666666667 0.11625 0.25 0.0475
0 0.775 0.23 0.2366666666666667 0.0425
0 0.8008333333333334 0.2925 0.2783333333333334 0.0575
0 0.795 0.35375 0.26666666666666666 0.0525
0 0.8 0.41250000000000003 0.26666666666666666 0.0525
0 0.7966666666666667 0.4675 0.26666666666666666 0.0525
0 0.8033333333333333 0.52625 0.26666666666666666 0.0525
0 0.8033333333333333 0.585 0.26666666666666666 0.0525
0 0.7916666666666667 0.645 0.26666666666666666 0.0525
