0 0.2 0.5906250000000001 0.25333333333333335 0.04125
0 0.2025 0.469375 0.25833333333333336 0.05375
0 0.2025 0.34875 0.255 0.055
0 0.14250000000000002 0.290625 0.14166666666666666 0.03375
0 0.14166666666666666 0.231875 0.14 0.03625
0 0.16583333333333333 0.173125 0.18166666666666667 0.043750000000000004
0 0.4783333333333334 0.1225 0.25333333333333335 0.055
0 0.1675 0.10875 0.195 0.045
0 0.1975 0.41125 0.255 0.055
0 0.1925 0.531875 0.25833333333333336 0.05375
0 0.18500000000000003 0.654375 0.22333333333333336 0.058750000000000004
0 0.4783333333333334 0.18375 0.27 0.055
0 0.4658333333333334 0.23875000000000002 0.24166666666666667 0.0475
0 0.47250000000000003 0.2925 0.24166666666666667 0.0475
0 0.47250000000000003 0.3525 0.24166666666666667 0.0475
0 0.47250000000000003 0.41375 0.24166666666666667 0.0475
0 0.47250000000000003 0.47000000000000003 0.24166666666666667 0.0475
0 0.4691666666666667 0.526875 0.24166666666666667 0.05375
0 0.4675 0.5856250000000001 0.24166666666666667 0.05375
0 0.46 0.639375 0.22333333333333336 0.04875
0 0.7533333333333334 0.13625 0.25333333333333335 0.055
0 0.7358333333333333 0.193125 0.21166666666666667 0.051250000000000004
0 0.7341666666666667 0.248125 0.21500000000000002 0.05375
0 0.7308333333333333 0.304375 0.21500000000000002 0.05375
0 0.7341666666666667 0.358125 0.21500000000000002 0.05375
0 0.7308333333333333 0.414375 0.21500000000000002 0.05375
0 0.7325 0.466875 0.21500000000000002 0.05375
0 0.7291666666666667 0.5231250000000001 0.21500000000000002 0.05375
0 0.7375 0.578125 0.21500000000000002 0.05375
0 0.7241666666666667 0.63375 0.2016666666666667 0.0475
