0 0.5041666666666667 0.656875 0.2316666666666667 0.043750000000000004
0 0.49833333333333335 0.5906250000000001 0.22333333333333336 0.04125
0 0.48583333333333334 0.539375 0.195 0.043750000000000004
0 0.22083333333333335 0.5375 0.20833333333333334 0.04
0 0.21916666666666668 0.47875 0.20500000000000002 0.0425
0 0.4866666666666667 0.47875 0.19333333333333336 0.045
0 0.49833333333333335 0.42562500000000003 0.21666666666666667 0.03875
0 0.21416666666666667 0.42125 0.19833333333333333 0.04
0 0.21083333333333334 0.36562500000000003 0.18833333333333335 0.03875
0 0.49833333333333335 0.366875 0.21666666666666667 0.043750000000000004
0 0.4916666666666667 0.31125 0.20333333333333334 0.0375
0 0.21166666666666667 0.310625 0.19 0.03625
0 0.785 0.30375 0.22333333333333336 0.04
0 0.21000000000000002 0.2525 0.18333333333333335 0.0425
0 0.8041666666666667 0.243125 0.2516666666666667 0.04875
0 0.5066666666666667 0.2475 0.23333333333333334 0.055
0 0.21750000000000003 0.198125 0.19166666666666668 0.03875
0 0.7875000000000001 0.1925 0.22166666666666668 0.0425
0 0.4966666666666667 0.19062500000000002 0.21333333333333335 0.04625
0 0.22083333333333335 0.13625 0.20500000000000002 0.0475
0 0.49083333333333334 0.133125 0.195 0.03875
0 0.7783333333333334 0.12625 0.20333333333333334 0.04
0 0.21750000000000003 0.595 0.20833333333333334 0.04
0 0.21666666666666667 0.651875 0.21000000000000002 0.05375
0 0.7833333333333334 0.36375 0.21666666666666667 0.0475
0 0.7766666666666667 0.4225 0.21666666666666667 0.0475
0 0.7733333333333334 0.48125 0.21666666666666667 0.0475
0 0.7775000000000001 0.539375 0.21833333333333335 0.051250000000000004
0 0.7825000000000001 0.596875 0.21833333333333335 0.051250000000000004
0 0.7741666666666667 0.656875 0.21833333333333335 0.051250000000000004
