0 0.18250000000000002 0.661875 0.21500000000000002 0.06125
0 0.4741666666666667 0.6531250000000001 0.21166666666666667 0.043750000000000004
0 0.7816666666666667 0.6431250000000001 0.25 0.043750000000000004
0 0.17750000000000002 0.530625 0.20833333333333334 0.04125
0 0.49000000000000005 0.47125 0.24000000000000002 0.0425
0 0.18166666666666667 0.47375 0.21333333333333335 0.0425
0 0.49333333333333335 0.41125 0.24666666666666667 0.045
0 0.18250000000000002 0.41000000000000003 0.21833333333333335 0.0425
0 0.7725000000000001 0.353125 0.22833333333333336 0.043750000000000004
0 0.4766666666666667 0.345625 0.21333333333333335 0.03875
0 0.19333333333333336 0.34875 0.23333333333333334 0.055
0 0.7791666666666667 0.29875 0.23833333333333334 0.0425
0 0.4683333333333334 0.285625 0.19333333333333336 0.03625
0 0.18666666666666668 0.27625 0.22 0.0575
0 0.7725000000000001 0.24 0.22166666666666668 0.04
0 0.4708333333333334 0.22312500000000002 0.20500000000000002 0.043750000000000004
0 0.17333333333333334 0.21 0.2 0.045
0 0.77 0.176875 0.21333333333333335 0.043750000000000004
0 0.4841666666666667 0.1675 0.2316666666666667 0.05
0 0.17916666666666667 0.14875 0.21166666666666667 0.045
0 0.7591666666666668 0.12562500000000001 0.195 0.04125
0 0.48250000000000004 0.09375 0.21833333333333335 0.0575
0 0.18083333333333335 0.08625000000000001 0.21500000000000002 0.05
0 0.19083333333333335 0.595 0.23500000000000001 0.0575
0 0.48333333333333334 0.53125 0.24000000000000002 0.0425
0 0.48333333333333334 0.5875 0.24000000000000002 0.0425
0 0.7658333333333334 0.41125 0.225 0.04
0 0.7691666666666667 0.46875 0.225 0.04
0 0.7733333333333334 0.521875 0.21666666666666667 0.04875
0 0.7733333333333334 0.583125 0.21666666666666667 0.04875
