0 0.16416666666666668 0.588125 0.225 0.04875
0 0.4808333333333334 0.534375 0.26166666666666666 0.03625
0 0.17333333333333334 0.5325 0.21333333333333335 0.04
0 0.49833333333333335 0.48125 0.22 0.0375
0 0.5 0.433125 0.22 0.03875
0 0.8333333333333334 0.37875000000000003 0.21000000000000002 0.0425
0 0.17333333333333334 0.38125000000000003 0.22333333333333336 0.0375
0 0.18083333333333335 0.336875 0.21166666666666667 0.03375
0 0.8216666666666668 0.333125 0.22333333333333336 0.03875
0 0.18666666666666668 0.286875 0.2066666666666667 0.03625
0 0.5016666666666667 0.28625 0.21333333333333335 0.035
0 0.5091666666666667 0.18875 0.2016666666666667 0.03
0 0.8241666666666667 0.186875 0.195 0.04125
0 0.19833333333333333 0.144375 0.19333333333333336 0.03875
0 0.8275 0.143125 0.19166666666666668 0.03125
0 0.8208333333333334 0.235625 0.21833333333333335 0.03125
0 0.8241666666666667 0.28375 0.21166666666666667 0.0425
0 0.8275 0.4325 0.21833333333333335 0.04
0 0.8250000000000001 0.485 0.22333333333333336 0.0375
0 0.8291666666666667 0.535 0.225 0.0475
0 0.8283333333333334 0.58875 0.22666666666666668 0.0425
0 0.5058333333333334 0.141875 0.20500000000000002 0.03625
0 0.49750000000000005 0.236875 0.21500000000000002 0.03875
0 0.4941666666666667 0.33375 0.21833333333333335 0.0375
0 0.5016666666666667 0.381875 0.21333333333333335 0.03375
0 0.49250000000000005 0.584375 0.225 0.03375
0 0.18833333333333335 0.19187500000000002 0.21333333333333335 0.03875
0 0.18583333333333335 0.23625000000000002 0.21500000000000002 0.04
0 0.17833333333333334 0.433125 0.21666666666666667 0.03625
0 0.17750000000000002 0.479375 0.21500000000000002 0.043750000000000004
