0 0.16083333333333336 0.6175 0.26166666666666666 0.04
0 0.5 0.6168750000000001 0.27666666666666667 0.03875
0 0.5 0.565625 0.27 0.03625
0 0.1575 0.5650000000000001 0.2516666666666667 0.0375
0 0.8216666666666668 0.5175 0.26 0.0375
0 0.505 0.514375 0.2833333333333333 0.03625
0 0.14750000000000002 0.51 0.2316666666666667 0.0425
0 0.14666666666666667 0.46375 0.23333333333333334 0.0325
0 0.4941666666666667 0.464375 0.25833333333333336 0.03875
0 0.49333333333333335 0.41375 0.2566666666666667 0.04
0 0.14916666666666667 0.41250000000000003 0.22833333333333336 0.0375
0 0.14916666666666667 0.36312500000000003 0.2316666666666667 0.04125
0 0.5 0.364375 0.27 0.03875
0 0.8308333333333334 0.356875 0.2816666666666667 0.03625
0 0.4966666666666667 0.314375 0.26666666666666666 0.03125
0 0.16 0.3175 0.25 0.0425
0 0.8258333333333334 0.305625 0.27166666666666667 0.03625
0 0.49833333333333335 0.265 0.27 0.03
0 0.15416666666666667 0.264375 0.24166666666666667 0.03625
0 0.8216666666666668 0.254375 0.26 0.03375
0 0.15583333333333335 0.216875 0.24166666666666667 0.03625
0 0.8275 0.204375 0.2783333333333334 0.03375
0 0.4916666666666667 0.211875 0.25333333333333335 0.04125
0 0.4916666666666667 0.164375 0.2566666666666667 0.03625
0 0.155 0.16625 0.2366666666666667 0.04
0 0.8225 0.1575 0.26166666666666666 0.03
0 0.8233333333333334 0.41000000000000003 0.26666666666666666 0.04
0 0.8116666666666668 0.46125 0.24000000000000002 0.0425
0 0.8191666666666667 0.566875 0.25833333333333336 0.04125
0 0.8375 0.620625 0.29833333333333334 0.04125
