0 0.49333333333333335 0.650625 0.24333333333333335 0.04625
0 0.7908333333333334 0.645 0.21833333333333335 0.045
0 0.5058333333333334 0.5962500000000001 0.22166666666666668 0.04
0 0.7941666666666667 0.593125 0.21166666666666667 0.04125
0 0.515 0.53625 0.2 0.045
0 0.7966666666666667 0.5275 0.20333333333333334 0.045
0 0.7966666666666667 0.47500000000000003 0.19666666666666668 0.035
0 0.48833333333333334 0.478125 0.25333333333333335 0.04625
0 0.505 0.41625 0.21666666666666667 0.0525
0 0.7933333333333333 0.421875 0.2 0.04625
0 0.7875000000000001 0.359375 0.20833333333333334 0.04625
0 0.5075000000000001 0.350625 0.21500000000000002 0.04625
0 0.7875000000000001 0.30312500000000003 0.20833333333333334 0.04125
0 0.5075000000000001 0.294375 0.20833333333333334 0.043750000000000004
0 0.7841666666666667 0.23875000000000002 0.20833333333333334 0.045
0 0.20583333333333334 0.23 0.2316666666666667 0.045
0 0.7891666666666667 0.1875 0.2016666666666667 0.0375
0 0.19333333333333336 0.173125 0.2566666666666667 0.04125
0 0.7908333333333334 0.1325 0.195 0.0425
0 0.505 0.115 0.21000000000000002 0.0425
0 0.21416666666666667 0.110625 0.20833333333333334 0.04625
0 0.5066666666666667 0.18 0.21000000000000002 0.0425
0 0.505 0.23500000000000001 0.22 0.05
0 0.20583333333333334 0.2925 0.2316666666666667 0.045
0 0.20750000000000002 0.34875 0.2316666666666667 0.045
0 0.21166666666666667 0.411875 0.23 0.051250000000000004
0 0.22333333333333336 0.475625 0.23 0.051250000000000004
0 0.21666666666666667 0.529375 0.23 0.051250000000000004
0 0.21833333333333335 0.593125 0.23 0.051250000000000004
0 0.22333333333333336 0.654375 0.23 0.051250000000000004
