0 0.15000000000000002 0.45937500000000003 0.18666666666666668 0.03875
0 0.15416666666666667 0.39687500000000003 0.19166666666666668 0.043750000000000004
0 0.16833333333333333 0.330625 0.22333333333333336 0.04875
0 0.18250000000000002 0.270625 0.24833333333333335 0.04875
0 0.1691666666666667 0.208125 0.225 0.043750000000000004
0 0.1575 0.149375 0.2016666666666667 0.04125
0 0.45583333333333337 0.098125 0.225 0.051250000000000004
0 0.1525 0.08875 0.20833333333333334 0.05
0 0.16333333333333333 0.525 0.21666666666666667 0.0525
0 0.15333333333333335 0.585 0.21666666666666667 0.0525
0 0.15833333333333335 0.64375 0.21666666666666667 0.0525
0 0.45083333333333336 0.155625 0.225 0.051250000000000004
0 0.4541666666666667 0.216875 0.225 0.051250000000000004
0 0.4491666666666667 0.276875 0.225 0.051250000000000004
0 0.4575 0.340625 0.24166666666666667 0.05375
0 0.4675 0.401875 0.24166666666666667 0.05375
0 0.4575 0.46187500000000004 0.24166666666666667 0.05375
0 0.4491666666666667 0.5181250000000001 0.24166666666666667 0.05375
0 0.45083333333333336 0.5806250000000001 0.24166666666666667 0.05375
0 0.4575 0.639375 0.24166666666666667 0.05375
0 0.7425 0.11625 0.24166666666666667 0.055
0 0.7425 0.174375 0.24166666666666667 0.05375
0 0.7425 0.229375 0.24166666666666667 0.05375
0 0.7408333333333333 0.289375 0.24166666666666667 0.05375
0 0.7375 0.343125 0.24166666666666667 0.05375
0 0.7441666666666668 0.403125 0.24166666666666667 0.05375
0 0.7508333333333334 0.46187500000000004 0.24166666666666667 0.05375
0 0.7508333333333334 0.516875 0.24166666666666667 0.05375
0 0.7458333333333333 0.578125 0.24166666666666667 0.05375
0 0.7358333333333333 0.636875 0.24166666666666667 0.05375
