0 0.8133333333333334 0.660625 0.19666666666666668 0.04625
0 0.8058333333333334 0.599375 0.21833333333333335 0.04625
0 0.8108333333333334 0.541875 0.20500000000000002 0.04125
0 0.8083333333333333 0.48 0.21666666666666667 0.04
0 0.8125 0.42562500000000003 0.20500000000000002 0.043750000000000004
0 0.8158333333333334 0.36125 0.195 0.05
0 0.5116666666666667 0.355 0.22 0.0525
0 0.8133333333333334 0.29875 0.2 0.0375
0 0.5091666666666667 0.296875 0.22833333333333336 0.04125
0 0.7941666666666667 0.23500000000000001 0.2316666666666667 0.0425
0 0.18833333333333335 0.24 0.26666666666666666 0.045
0 0.21333333333333335 0.178125 0.21666666666666667 0.04125
0 0.8 0.176875 0.22666666666666668 0.04125
0 0.5266666666666667 0.174375 0.19333333333333336 0.04125
0 0.805 0.11812500000000001 0.22 0.04125
0 0.19333333333333336 0.115 0.24333333333333335 0.05
0 0.505 0.113125 0.23 0.058750000000000004
0 0.51 0.233125 0.2366666666666667 0.058750000000000004
0 0.5066666666666667 0.42 0.22 0.0525
0 0.5058333333333334 0.483125 0.2316666666666667 0.05625
0 0.5041666666666667 0.539375 0.2316666666666667 0.05625
0 0.5108333333333334 0.596875 0.2316666666666667 0.05625
0 0.5158333333333334 0.6531250000000001 0.2316666666666667 0.05625
0 0.19666666666666668 0.3025 0.26666666666666666 0.045
0 0.20833333333333334 0.36125 0.26666666666666666 0.045
0 0.2066666666666667 0.4225 0.26666666666666666 0.045
0 0.21333333333333335 0.4825 0.26666666666666666 0.045
0 0.2025 0.53625 0.26833333333333337 0.05
0 0.2041666666666667 0.59875 0.26833333333333337 0.05
0 0.21083333333333334 0.665 0.26833333333333337 0.05
