0 0.24166666666666667 0.47750000000000004 0.26666666666666666 0.04
0 0.23500000000000001 0.29 0.2566666666666667 0.0475
0 0.2391666666666667 0.234375 0.265 0.04625
0 0.22166666666666668 0.17125 0.23 0.045
0 0.7866666666666667 0.18625 0.24333333333333335 0.0475
0 0.5225000000000001 0.113125 0.26166666666666666 0.04625
0 0.19583333333333336 0.10312500000000001 0.18833333333333335 0.04875
0 0.23500000000000001 0.36 0.2566666666666667 0.0475
0 0.23500000000000001 0.41625 0.2566666666666667 0.0475
0 0.225 0.5387500000000001 0.26666666666666666 0.04
0 0.225 0.5975 0.26666666666666666 0.04
0 0.22916666666666669 0.650625 0.27166666666666667 0.05375
0 0.5091666666666667 0.174375 0.26166666666666666 0.04625
0 0.5025000000000001 0.235625 0.26166666666666666 0.04625
0 0.5041666666666667 0.296875 0.26166666666666666 0.04625
0 0.4991666666666667 0.361875 0.26166666666666666 0.04625
0 0.5025000000000001 0.420625 0.26166666666666666 0.04625
0 0.5041666666666667 0.474375 0.26166666666666666 0.04625
0 0.5008333333333334 0.529375 0.26166666666666666 0.04625
0 0.5025000000000001 0.586875 0.26166666666666666 0.04625
0 0.4991666666666667 0.640625 0.26166666666666666 0.04625
0 0.7858333333333334 0.12875 0.26166666666666666 0.0475
0 0.7833333333333334 0.24 0.24333333333333335 0.0475
0 0.78 0.30125 0.24333333333333335 0.0475
0 0.7733333333333334 0.355 0.24333333333333335 0.0475
0 0.77 0.41500000000000004 0.24333333333333335 0.0475
0 0.78 0.4675 0.24333333333333335 0.0475
0 0.785 0.52125 0.24333333333333335 0.0475
0 0.7916666666666667 0.57625 0.24333333333333335 0.0475
0 0.7883333333333333 0.63625 0.24333333333333335 0.0475
