0 0.5191666666666667 0.65125 0.26833333333333337 0.04
0 0.21666666666666667 0.649375 0.22333333333333336 0.04875
0 0.2025 0.588125 0.20500000000000002 0.043750000000000004
0 0.21000000000000002 0.53125 0.22333333333333336 0.0425
0 0.52 0.53125 0.26666666666666666 0.045
0 0.5091666666666667 0.469375 0.24833333333333335 0.04125
0 0.5041666666666667 0.419375 0.23833333333333334 0.06125
0 0.20583333333333334 0.35625 0.225 0.0525
0 0.49500000000000005 0.356875 0.22333333333333336 0.04625
0 0.21833333333333335 0.295625 0.25333333333333335 0.04625
0 0.49750000000000005 0.29125 0.21833333333333335 0.0425
0 0.20750000000000002 0.23625000000000002 0.23500000000000001 0.0475
0 0.5191666666666667 0.229375 0.26833333333333337 0.04125
0 0.7891666666666667 0.16875 0.21500000000000002 0.04
0 0.21250000000000002 0.17250000000000001 0.24833333333333335 0.0475
0 0.49583333333333335 0.17 0.225 0.0575
0 0.21333333333333335 0.109375 0.24666666666666667 0.051250000000000004
0 0.7966666666666667 0.10250000000000001 0.23333333333333334 0.0425
0 0.2041666666666667 0.41625 0.225 0.0525
0 0.2025 0.4675 0.225 0.0525
0 0.5158333333333334 0.10875 0.26833333333333337 0.0525
0 0.5316666666666667 0.595 0.29333333333333333 0.0525
0 0.7941666666666667 0.22875 0.21500000000000002 0.04
0 0.7991666666666667 0.290625 0.22166666666666668 0.04625
0 0.7941666666666667 0.346875 0.21500000000000002 0.058750000000000004
0 0.7891666666666667 0.408125 0.21500000000000002 0.058750000000000004
0 0.7858333333333334 0.470625 0.21500000000000002 0.058750000000000004
0 0.7891666666666667 0.534375 0.21500000000000002 0.058750000000000004
0 0.8058333333333334 0.593125 0.23500000000000001 0.058750000000000004
0 0.7975000000000001 0.650625 0.23500000000000001 0.058750000000000004
