0 0.4708333333333334 0.6375000000000001 0.24166666666666667 0.04
0 0.7616666666666667 0.631875 0.22 0.04625
0 0.4675 0.58 0.2316666666666667 0.045
0 0.7691666666666667 0.5750000000000001 0.22833333333333336 0.045
0 0.4733333333333334 0.5231250000000001 0.24333333333333335 0.05625
0 0.7758333333333334 0.521875 0.23833333333333334 0.04125
0 0.15333333333333335 0.514375 0.22333333333333336 0.04125
0 0.15083333333333335 0.45625 0.21833333333333335 0.05
0 0.45833333333333337 0.398125 0.21000000000000002 0.03875
0 0.15666666666666668 0.393125 0.23 0.04625
0 0.7658333333333334 0.350625 0.20833333333333334 0.03875
0 0.46416666666666667 0.33 0.21833333333333335 0.0475
0 0.14250000000000002 0.328125 0.19833333333333333 0.04125
0 0.7791666666666667 0.29875 0.22833333333333336 0.05
0 0.47500000000000003 0.270625 0.24000000000000002 0.04125
0 0.16 0.259375 0.22666666666666668 0.04875
0 0.7791666666666667 0.176875 0.22166666666666668 0.05375
0 0.47500000000000003 0.205625 0.2366666666666667 0.04875
0 0.1625 0.198125 0.22833333333333336 0.051250000000000004
0 0.4808333333333334 0.1525 0.24500000000000002 0.0475
0 0.16 0.13625 0.23 0.06
0 0.49000000000000005 0.0925 0.25333333333333335 0.06
0 0.15333333333333335 0.065625 0.21666666666666667 0.04875
0 0.14500000000000002 0.585 0.22 0.055
0 0.14500000000000002 0.6425 0.22 0.055
0 0.4816666666666667 0.468125 0.26666666666666666 0.05625
0 0.7808333333333334 0.12 0.2316666666666667 0.0625
0 0.7633333333333334 0.23 0.19 0.04
0 0.7641666666666667 0.40875 0.24500000000000002 0.0525
0 0.7675000000000001 0.4625 0.24500000000000002 0.0525
