0 0.4866666666666667 0.624375 0.2366666666666667 0.04125
0 0.18333333333333335 0.62875 0.2066666666666667 0.0475
0 0.49000000000000005 0.57125 0.23333333333333334 0.0475
0 0.49333333333333335 0.503125 0.23 0.05625
0 0.18500000000000003 0.453125 0.20333333333333334 0.04625
0 0.18250000000000002 0.39437500000000003 0.19833333333333333 0.03875
0 0.18250000000000002 0.33437500000000003 0.19833333333333333 0.043750000000000004
0 0.49083333333333334 0.330625 0.225 0.05375
0 0.18916666666666668 0.26937500000000003 0.20833333333333334 0.04625
0 0.8025000000000001 0.26937500000000003 0.22833333333333336 0.051250000000000004
0 0.18166666666666667 0.216875 0.2 0.03625
0 0.7925000000000001 0.203125 0.20833333333333334 0.03875
0 0.1925 0.16125 0.21500000000000002 0.0375
0 0.5 0.1525 0.2366666666666667 0.0425
0 0.8058333333333334 0.149375 0.22833333333333336 0.04625
0 0.19083333333333335 0.10312500000000001 0.21500000000000002 0.04625
0 0.4941666666666667 0.095625 0.225 0.04125
0 0.7966666666666667 0.088125 0.21666666666666667 0.04625
0 0.17833333333333334 0.508125 0.20333333333333334 0.04625
0 0.17666666666666667 0.561875 0.20333333333333334 0.04625
0 0.49500000000000005 0.2175 0.24333333333333335 0.06
0 0.4866666666666667 0.26625 0.24333333333333335 0.06
0 0.5008333333333334 0.38625 0.23833333333333334 0.055
0 0.49250000000000005 0.44625000000000004 0.23833333333333334 0.055
0 0.8041666666666667 0.323125 0.22833333333333336 0.051250000000000004
0 0.7991666666666667 0.389375 0.22833333333333336 0.051250000000000004
0 0.7975000000000001 0.450625 0.22833333333333336 0.051250000000000004
0 0.8083333333333333 0.51375 0.24000000000000002 0.0575
0 0.8033333333333333 0.5700000000000001 0.24000000000000002 0.0575
0 0.8066666666666668 0.625 0.24000000000000002 0.0575
