0 0.49250000000000005 0.526875 0.21500000000000002 0.03875
0 0.5091666666666667 0.470625 0.24500000000000002 0.04125
0 0.18500000000000003 0.46187500000000004 0.24333333333333335 0.04875
0 0.5008333333333334 0.411875 0.22833333333333336 0.04125
0 0.8150000000000001 0.41000000000000003 0.24000000000000002 0.05
0 0.18833333333333335 0.406875 0.25 0.04625
0 0.51 0.343125 0.24000000000000002 0.04125
0 0.8133333333333334 0.34750000000000003 0.23 0.055
0 0.17250000000000001 0.335625 0.22166666666666668 0.04625
0 0.81 0.283125 0.22 0.04625
0 0.17416666666666666 0.27625 0.22166666666666668 0.0475
0 0.8091666666666667 0.228125 0.21166666666666667 0.04125
0 0.17250000000000001 0.215625 0.22166666666666668 0.04625
0 0.8150000000000001 0.17250000000000001 0.21666666666666667 0.045
0 0.5133333333333334 0.15937500000000002 0.24666666666666667 0.05375
0 0.18166666666666667 0.145625 0.24000000000000002 0.04625
0 0.8158333333333334 0.114375 0.22166666666666668 0.051250000000000004
0 0.5033333333333334 0.094375 0.23 0.05625
0 0.18083333333333335 0.06875 0.24166666666666667 0.055
0 0.18583333333333335 0.5325 0.24500000000000002 0.06
0 0.18916666666666668 0.58375 0.24500000000000002 0.06
0 0.18916666666666668 0.6525 0.24500000000000002 0.06
0 0.51 0.218125 0.24666666666666667 0.05375
0 0.5116666666666667 0.279375 0.24666666666666667 0.05375
0 0.5008333333333334 0.5856250000000001 0.23833333333333334 0.051250000000000004
0 0.5016666666666667 0.64375 0.24000000000000002 0.065
0 0.8066666666666668 0.46875 0.24000000000000002 0.05
0 0.8083333333333333 0.5225 0.24000000000000002 0.05
0 0.805 0.5775 0.24000000000000002 0.05
0 0.8016666666666667 0.6431250000000001 0.23 0.06125
