0 0.4808333333333334 0.63625 0.275 0.0475
0 0.4733333333333334 0.576875 0.24000000000000002 0.04125
0 0.785 0.5750000000000001 0.22 0.0425
0 0.4683333333333334 0.515625 0.24000000000000002 0.04625
0 0.7733333333333334 0.51375 0.2366666666666667 0.0525
0 0.4783333333333334 0.45875 0.22333333333333336 0.04
0 0.7883333333333333 0.455625 0.21333333333333335 0.03625
0 0.7908333333333334 0.39687500000000003 0.21166666666666667 0.03875
0 0.4766666666666667 0.386875 0.22333333333333336 0.051250000000000004
0 0.7775000000000001 0.33375 0.23500000000000001 0.0475
0 0.4791666666666667 0.335625 0.22833333333333336 0.04125
0 0.7775000000000001 0.270625 0.2316666666666667 0.05625
0 0.14833333333333334 0.27125 0.24333333333333335 0.04
0 0.4666666666666667 0.268125 0.24333333333333335 0.04875
0 0.7841666666666667 0.2125 0.21833333333333335 0.04
0 0.1691666666666667 0.214375 0.20500000000000002 0.04125
0 0.4691666666666667 0.21125 0.24166666666666667 0.04
0 0.7891666666666667 0.15875 0.21166666666666667 0.0425
0 0.1691666666666667 0.146875 0.2016666666666667 0.043750000000000004
0 0.465 0.149375 0.24000000000000002 0.043750000000000004
0 0.7733333333333334 0.09125 0.24000000000000002 0.055
0 0.15916666666666668 0.08375 0.21833333333333335 0.05
0 0.4666666666666667 0.08375 0.24333333333333335 0.05
0 0.78 0.633125 0.22 0.05625
0 0.16583333333333333 0.3325 0.23500000000000001 0.0525
0 0.1675 0.39125 0.23500000000000001 0.0525
0 0.17750000000000002 0.45 0.23500000000000001 0.0525
0 0.17250000000000001 0.5125 0.23500000000000001 0.0525
0 0.1691666666666667 0.57625 0.23500000000000001 0.0525
0 0.17750000000000002 0.63625 0.23500000000000001 0.0525
