0 0.18583333333333335 0.683125 0.2316666666666667 0.05625
0 0.17250000000000001 0.613125 0.20500000000000002 0.04875
0 0.18166666666666667 0.555 0.22666666666666668 0.0475
0 0.16083333333333336 0.498125 0.18833333333333335 0.04125
0 0.16166666666666668 0.44 0.19 0.0425
0 0.4733333333333334 0.37125 0.21666666666666667 0.05
0 0.17250000000000001 0.3675 0.21500000000000002 0.0575
0 0.17583333333333334 0.30875 0.22166666666666668 0.0475
0 0.47000000000000003 0.255 0.21333333333333335 0.04
0 0.17500000000000002 0.253125 0.22 0.04625
0 0.7733333333333334 0.213125 0.22333333333333336 0.043750000000000004
0 0.4733333333333334 0.19625 0.21666666666666667 0.05
0 0.16833333333333333 0.19187500000000002 0.21000000000000002 0.04625
0 0.7741666666666667 0.15375 0.225 0.04
0 0.17750000000000002 0.13 0.23833333333333334 0.0475
0 0.4683333333333334 0.138125 0.21666666666666667 0.051250000000000004
0 0.4741666666666667 0.323125 0.21833333333333335 0.04875
0 0.47500000000000003 0.4325 0.21666666666666667 0.0475
0 0.465 0.48875 0.21666666666666667 0.0475
0 0.4633333333333334 0.55 0.21666666666666667 0.0475
0 0.47500000000000003 0.61375 0.21666666666666667 0.0475
0 0.4683333333333334 0.67 0.21666666666666667 0.0475
0 0.765 0.270625 0.22333333333333336 0.043750000000000004
0 0.77 0.326875 0.22333333333333336 0.043750000000000004
0 0.7633333333333334 0.379375 0.22333333333333336 0.043750000000000004
0 0.7566666666666667 0.436875 0.22333333333333336 0.043750000000000004
0 0.77 0.495 0.23 0.0475
0 0.76 0.5475 0.23 0.0475
0 0.755 0.6 0.23 0.0475
0 0.7566666666666667 0.6587500000000001 0.23 0.0475
