0 0.8325 0.588125 0.24500000000000002 0.043750000000000004
0 0.14666666666666667 0.591875 0.26666666666666666 0.04625
0 0.48583333333333334 0.581875 0.2516666666666667 0.04625
0 0.1375 0.5325 0.24166666666666667 0.04
0 0.14 0.42812500000000003 0.24000000000000002 0.03875
0 0.8408333333333334 0.42875 0.27166666666666667 0.0425
0 0.1525 0.37875000000000003 0.25833333333333336 0.0375
0 0.4758333333333334 0.38 0.22166666666666668 0.0425
0 0.8325 0.375 0.265 0.0375
0 0.14 0.328125 0.23 0.03375
0 0.8350000000000001 0.328125 0.28 0.03875
0 0.48000000000000004 0.32375 0.2366666666666667 0.04
0 0.8275 0.27625 0.27166666666666667 0.035
0 0.1525 0.27875 0.24833333333333335 0.045
0 0.14333333333333334 0.22875 0.23 0.0375
0 0.4866666666666667 0.22625 0.25 0.0375
0 0.8158333333333334 0.23 0.255 0.0375
0 0.48500000000000004 0.18 0.25 0.0325
0 0.8133333333333334 0.13 0.26 0.0375
0 0.16 0.134375 0.25333333333333335 0.03125
0 0.17333333333333334 0.18125 0.2833333333333333 0.03
0 0.4783333333333334 0.135 0.23333333333333334 0.04
0 0.15333333333333335 0.48375 0.27666666666666667 0.0425
0 0.49583333333333335 0.43 0.255 0.04
0 0.48833333333333334 0.478125 0.2566666666666667 0.03625
0 0.5008333333333334 0.531875 0.2816666666666667 0.03625
0 0.48500000000000004 0.2775 0.24000000000000002 0.04
0 0.805 0.179375 0.23333333333333334 0.03875
0 0.8333333333333334 0.48125 0.25333333333333335 0.04
0 0.8358333333333334 0.53 0.24833333333333335 0.045
