0 0.4841666666666667 0.64875 0.2316666666666667 0.04
0 0.7933333333333333 0.640625 0.2 0.04125
0 0.4941666666666667 0.585 0.21833333333333335 0.045
0 0.7933333333333333 0.584375 0.20333333333333334 0.04125
0 0.7958333333333334 0.529375 0.195 0.03375
0 0.79 0.476875 0.2066666666666667 0.04125
0 0.7883333333333333 0.414375 0.21333333333333335 0.04125
0 0.4816666666666667 0.41375 0.23333333333333334 0.0425
0 0.18000000000000002 0.35875 0.2366666666666667 0.045
0 0.49583333333333335 0.3575 0.21166666666666667 0.045
0 0.7933333333333333 0.35875 0.20333333333333334 0.0525
0 0.48500000000000004 0.299375 0.22666666666666668 0.043750000000000004
0 0.7875000000000001 0.2975 0.21833333333333335 0.045
0 0.7933333333333333 0.24125 0.2066666666666667 0.04
0 0.17833333333333334 0.23500000000000001 0.2366666666666667 0.045
0 0.8033333333333333 0.1875 0.19 0.0425
0 0.17833333333333334 0.181875 0.2366666666666667 0.04625
0 0.79 0.12625 0.22 0.045
0 0.4991666666666667 0.123125 0.20833333333333334 0.043750000000000004
0 0.18250000000000002 0.12125 0.22833333333333336 0.045
0 0.5008333333333334 0.180625 0.20833333333333334 0.043750000000000004
0 0.5 0.23750000000000002 0.20333333333333334 0.0525
0 0.49500000000000005 0.47375 0.23333333333333334 0.0425
0 0.49500000000000005 0.52625 0.23333333333333334 0.0425
0 0.18666666666666668 0.3 0.2366666666666667 0.045
0 0.1925 0.4175 0.22833333333333336 0.0525
0 0.19416666666666668 0.47125 0.22833333333333336 0.0525
0 0.1991666666666667 0.53125 0.22833333333333336 0.0525
0 0.1991666666666667 0.58625 0.22833333333333336 0.0525
0 0.1925 0.65125 0.22833333333333336 0.0525
