0 0.16333333333333333 0.62375 0.2 0.0475
0 0.1625 0.380625 0.18166666666666667 0.04625
0 0.47250000000000003 0.33437500000000003 0.22166666666666668 0.04625
0 0.4716666666666667 0.27 0.21000000000000002 0.045
0 0.7691666666666667 0.225625 0.225 0.04125
0 0.46416666666666667 0.21 0.195 0.0525
0 0.16416666666666668 0.19625 0.17500000000000002 0.0425
0 0.77 0.171875 0.22333333333333336 0.043750000000000004
0 0.4566666666666667 0.144375 0.18000000000000002 0.043750000000000004
0 0.16166666666666668 0.12625 0.18333333333333335 0.055
0 0.15666666666666668 0.25625 0.16666666666666669 0.0525
0 0.15166666666666667 0.31625000000000003 0.16666666666666669 0.0525
0 0.15166666666666667 0.43875000000000003 0.16666666666666669 0.0525
0 0.15166666666666667 0.5025000000000001 0.16666666666666669 0.0525
0 0.15416666666666667 0.561875 0.1716666666666667 0.05625
0 0.155 0.68625 0.2 0.0475
0 0.4541666666666667 0.3975 0.20500000000000002 0.06
0 0.4541666666666667 0.45 0.20500000000000002 0.06
0 0.4491666666666667 0.50875 0.20500000000000002 0.06
0 0.4441666666666667 0.5675 0.20500000000000002 0.06
0 0.4425 0.6275000000000001 0.20500000000000002 0.06
0 0.43250000000000005 0.68875 0.20500000000000002 0.06
0 0.7558333333333334 0.28125 0.20833333333333334 0.0475
0 0.7475 0.34 0.20833333333333334 0.0475
0 0.7375 0.4 0.20833333333333334 0.0475
0 0.7325 0.45 0.20833333333333334 0.0475
0 0.7308333333333333 0.50625 0.20833333333333334 0.0475
0 0.7208333333333333 0.5725 0.20833333333333334 0.0475
0 0.7258333333333333 0.6225 0.20833333333333334 0.0475
0 0.7275 0.67875 0.20833333333333334 0.0475
