0 0.49750000000000005 0.681875 0.19833333333333333 0.04125
0 0.20333333333333334 0.681875 0.17666666666666667 0.04625
0 0.5216666666666667 0.62125 0.24666666666666667 0.0425
0 0.5233333333333333 0.56625 0.25 0.0425
0 0.5225000000000001 0.505 0.2516666666666667 0.05
0 0.1925 0.44625000000000004 0.17833333333333334 0.045
0 0.5183333333333333 0.4425 0.25333333333333335 0.045
0 0.5175000000000001 0.38875 0.255 0.045
0 0.19083333333333335 0.390625 0.17833333333333334 0.04125
0 0.5133333333333334 0.330625 0.24666666666666667 0.04625
0 0.18833333333333335 0.270625 0.18333333333333335 0.04125
0 0.515 0.2625 0.25333333333333335 0.0475
0 0.1975 0.21125 0.20500000000000002 0.045
0 0.4891666666666667 0.198125 0.2016666666666667 0.043750000000000004
0 0.18083333333333335 0.145625 0.18166666666666667 0.04125
0 0.8183333333333334 0.131875 0.25 0.04625
0 0.4791666666666667 0.13375 0.18833333333333335 0.05
0 0.2025 0.324375 0.20833333333333334 0.05375
0 0.19416666666666668 0.51125 0.17833333333333334 0.045
0 0.2016666666666667 0.570625 0.19 0.051250000000000004
0 0.2 0.620625 0.19 0.051250000000000004
0 0.8083333333333333 0.195625 0.25 0.04625
0 0.8150000000000001 0.258125 0.25 0.04625
0 0.8066666666666668 0.315625 0.25 0.04625
0 0.8116666666666668 0.376875 0.25 0.04625
0 0.81 0.443125 0.25 0.04625
0 0.8133333333333334 0.504375 0.25 0.04625
0 0.81 0.561875 0.25 0.04625
0 0.805 0.6218750000000001 0.25 0.04625
0 0.81 0.6843750000000001 0.25 0.04625
