0 0.8008333333333334 0.6743750000000001 0.2516666666666667 0.051250000000000004
0 0.8 0.610625 0.25 0.04875
0 0.7983333333333333 0.548125 0.25333333333333335 0.043750000000000004
0 0.8 0.4825 0.25333333333333335 0.0475
0 0.7991666666666667 0.42 0.2516666666666667 0.0425
0 0.7966666666666667 0.355625 0.25 0.051250000000000004
0 0.8058333333333334 0.27875 0.23500000000000001 0.06
0 0.5016666666666667 0.246875 0.22666666666666668 0.04875
0 0.49000000000000005 0.181875 0.25 0.04625
0 0.20750000000000002 0.14375000000000002 0.225 0.045
0 0.4941666666666667 0.1225 0.24166666666666667 0.0575
0 0.8041666666666667 0.10187500000000001 0.24833333333333335 0.04875
0 0.8041666666666667 0.15937500000000002 0.255 0.051250000000000004
0 0.7991666666666667 0.226875 0.255 0.051250000000000004
0 0.5033333333333334 0.301875 0.22666666666666668 0.04875
0 0.51 0.36562500000000003 0.22666666666666668 0.04875
0 0.5116666666666667 0.426875 0.22666666666666668 0.04875
0 0.5133333333333334 0.48812500000000003 0.22666666666666668 0.04875
0 0.5116666666666667 0.5493750000000001 0.22666666666666668 0.04875
0 0.515 0.606875 0.22666666666666668 0.04875
0 0.525 0.666875 0.22666666666666668 0.04875
0 0.21916666666666668 0.206875 0.21500000000000002 0.05375
0 0.22083333333333335 0.260625 0.21500000000000002 0.05375
0 0.2225 0.318125 0.21500000000000002 0.05375
0 0.22916666666666669 0.371875 0.21500000000000002 0.05375
0 0.2275 0.42812500000000003 0.21500000000000002 0.05375
0 0.2275 0.484375 0.21500000000000002 0.05375
0 0.23583333333333334 0.544375 0.21500000000000002 0.05375
0 0.2325 0.598125 0.21500000000000002 0.05375
0 0.2341666666666667 0.663125 0.21500000000000002 0.05375
