0 0.49583333333333335 0.665 0.23833333333333334 0.0475
0 0.19666666666666668 0.663125 0.22666666666666668 0.04875
0 0.1925 0.601875 0.21833333333333335 0.043750000000000004
0 0.49500000000000005 0.599375 0.23333333333333334 0.05625
0 0.4991666666666667 0.54125 0.24833333333333335 0.0425
0 0.1991666666666667 0.539375 0.23500000000000001 0.04875
0 0.4991666666666667 0.475625 0.24500000000000002 0.04125
0 0.19166666666666668 0.47750000000000004 0.21666666666666667 0.0525
0 0.49583333333333335 0.415625 0.24500000000000002 0.043750000000000004
0 0.4941666666666667 0.355 0.23833333333333334 0.05
0 0.18833333333333335 0.23500000000000001 0.23 0.045
0 0.805 0.22062500000000002 0.25333333333333335 0.04625
0 0.49250000000000005 0.224375 0.24500000000000002 0.04625
0 0.5058333333333334 0.166875 0.2783333333333334 0.051250000000000004
0 0.18416666666666667 0.17625 0.22166666666666668 0.0525
0 0.8033333333333333 0.16125 0.24666666666666667 0.045
0 0.17916666666666667 0.114375 0.22166666666666668 0.06625
0 0.19666666666666668 0.30375 0.23 0.045
0 0.18666666666666668 0.364375 0.22666666666666668 0.06125
0 0.19 0.421875 0.22666666666666668 0.06125
0 0.4941666666666667 0.10312500000000001 0.2783333333333334 0.051250000000000004
0 0.5008333333333334 0.29125 0.26166666666666666 0.055
0 0.805 0.104375 0.25333333333333335 0.051250000000000004
0 0.81 0.289375 0.25333333333333335 0.04625
0 0.8058333333333334 0.35000000000000003 0.26166666666666666 0.06
0 0.7958333333333334 0.41500000000000004 0.26166666666666666 0.06
0 0.8083333333333333 0.47375 0.26333333333333336 0.06
0 0.8033333333333333 0.535 0.26333333333333336 0.06
0 0.8 0.59875 0.26333333333333336 0.06
0 0.8033333333333333 0.6587500000000001 0.26333333333333336 0.06
