0 0.49333333333333335 0.665 0.2566666666666667 0.0475
0 0.16666666666666669 0.67625 0.22666666666666668 0.045
0 0.17333333333333334 0.610625 0.25 0.058750000000000004
0 0.4891666666666667 0.6075 0.24500000000000002 0.06
0 0.17 0.546875 0.24000000000000002 0.05375
0 0.17250000000000001 0.479375 0.255 0.043750000000000004
0 0.7933333333333333 0.4825 0.24333333333333335 0.0475
0 0.4816666666666667 0.476875 0.2366666666666667 0.04125
0 0.17416666666666666 0.41250000000000003 0.26166666666666666 0.0575
0 0.7908333333333334 0.410625 0.23833333333333334 0.04125
0 0.47500000000000003 0.40750000000000003 0.22333333333333336 0.0525
0 0.16416666666666668 0.34625 0.24833333333333335 0.0675
0 0.7925000000000001 0.351875 0.23833333333333334 0.04125
0 0.49000000000000005 0.284375 0.26666666666666666 0.05625
0 0.7816666666666667 0.29125 0.21000000000000002 0.055
0 0.79 0.225625 0.23 0.04875
0 0.48333333333333334 0.215625 0.25 0.04625
0 0.15166666666666667 0.209375 0.23 0.058750000000000004
0 0.8 0.171875 0.2366666666666667 0.05375
0 0.15416666666666667 0.136875 0.255 0.06375
0 0.7891666666666667 0.104375 0.22166666666666668 0.04875
0 0.15833333333333335 0.06375 0.24666666666666667 0.055
0 0.165 0.286875 0.25333333333333335 0.06125
0 0.4916666666666667 0.538125 0.26 0.05375
0 0.48250000000000004 0.079375 0.265 0.06625
0 0.4808333333333334 0.146875 0.265 0.06625
0 0.4941666666666667 0.346875 0.2783333333333334 0.058750000000000004
0 0.8016666666666667 0.5437500000000001 0.25333333333333335 0.0525
0 0.7933333333333333 0.5975 0.25333333333333335 0.0525
0 0.795 0.65625 0.25333333333333335 0.0525
