0 0.5091666666666667 0.64125 0.21166666666666667 0.065
0 0.8166666666666668 0.64375 0.22333333333333336 0.055
0 0.8150000000000001 0.57375 0.22 0.045
0 0.8191666666666667 0.513125 0.21500000000000002 0.04875
0 0.8008333333333334 0.451875 0.2516666666666667 0.04625
0 0.5025000000000001 0.4525 0.24166666666666667 0.055
0 0.5008333333333334 0.405625 0.2316666666666667 0.051250000000000004
0 0.8166666666666668 0.4 0.22 0.045
0 0.5075000000000001 0.3375 0.21500000000000002 0.05
0 0.8183333333333334 0.328125 0.21333333333333335 0.04875
0 0.8191666666666667 0.27125 0.20833333333333334 0.0475
0 0.17083333333333334 0.2125 0.2316666666666667 0.0575
0 0.5 0.206875 0.23 0.04625
0 0.8133333333333334 0.205625 0.21000000000000002 0.051250000000000004
0 0.81 0.1525 0.22666666666666668 0.045
0 0.16833333333333333 0.141875 0.23333333333333334 0.04875
0 0.4916666666666667 0.14375000000000002 0.24333333333333335 0.045
0 0.5008333333333334 0.078125 0.22166666666666668 0.04875
0 0.8083333333333333 0.081875 0.23 0.05625
0 0.5 0.273125 0.24000000000000002 0.06625
0 0.5008333333333334 0.52125 0.24166666666666667 0.055
0 0.5008333333333334 0.58125 0.24166666666666667 0.055
0 0.16583333333333333 0.080625 0.24500000000000002 0.05375
0 0.17916666666666667 0.335625 0.22833333333333336 0.04875
0 0.17916666666666667 0.276875 0.22833333333333336 0.04875
0 0.18250000000000002 0.405 0.23833333333333334 0.0525
0 0.17583333333333334 0.46375 0.23833333333333334 0.0525
0 0.17750000000000002 0.5275 0.23833333333333334 0.0525
0 0.1875 0.58875 0.23833333333333334 0.0525
0 0.1975 0.64625 0.23833333333333334 0.0525
