0 0.20333333333333334 0.660625 0.25333333333333335 0.04875
0 0.5133333333333334 0.651875 0.23333333333333334 0.03875
0 0.18916666666666668 0.59 0.225 0.045
0 0.8125 0.594375 0.23833333333333334 0.04875
0 0.5 0.5906250000000001 0.2066666666666667 0.05375
0 0.8158333333333334 0.5375 0.23833333333333334 0.0425
0 0.19416666666666668 0.529375 0.23500000000000001 0.04125
0 0.5058333333333334 0.533125 0.22166666666666668 0.04625
0 0.8141666666666667 0.47500000000000003 0.22833333333333336 0.0525
0 0.5108333333333334 0.473125 0.22166666666666668 0.04625
0 0.19416666666666668 0.47250000000000003 0.22833333333333336 0.0475
0 0.8116666666666668 0.416875 0.22 0.03875
0 0.195 0.409375 0.23 0.05375
0 0.8108333333333334 0.36125 0.20833333333333334 0.045
0 0.19666666666666668 0.3375 0.23 0.055
0 0.8158333333333334 0.30312500000000003 0.21166666666666667 0.051250000000000004
0 0.5175000000000001 0.293125 0.2316666666666667 0.05625
0 0.1991666666666667 0.28375 0.23833333333333334 0.05
0 0.8091666666666667 0.245625 0.19166666666666668 0.04125
0 0.5208333333333334 0.22875 0.23500000000000001 0.0475
0 0.195 0.215 0.21333333333333335 0.045
0 0.8158333333333334 0.18375 0.20500000000000002 0.0425
0 0.5175000000000001 0.16125 0.21500000000000002 0.0375
0 0.2025 0.150625 0.23500000000000001 0.04625
0 0.5191666666666667 0.099375 0.225 0.04625
0 0.20750000000000002 0.088125 0.2516666666666667 0.05375
0 0.5141666666666667 0.351875 0.2316666666666667 0.05625
0 0.5075000000000001 0.411875 0.2316666666666667 0.05625
0 0.8166666666666668 0.12625 0.2066666666666667 0.06
0 0.8075000000000001 0.649375 0.23833333333333334 0.04875
