0 0.51 0.619375 0.25 0.043750000000000004
0 0.51 0.5650000000000001 0.24666666666666667 0.04
0 0.515 0.50875 0.25 0.0425
0 0.21166666666666667 0.50375 0.24000000000000002 0.0475
0 0.20750000000000002 0.445625 0.2316666666666667 0.04125
0 0.5158333333333334 0.446875 0.24833333333333335 0.04625
0 0.5225000000000001 0.33125 0.25833333333333336 0.045
0 0.5125000000000001 0.27 0.24166666666666667 0.0525
0 0.5183333333333333 0.203125 0.25 0.051250000000000004
0 0.8258333333333334 0.215 0.24833333333333335 0.0575
0 0.8325 0.153125 0.24500000000000002 0.04625
0 0.5233333333333333 0.14375000000000002 0.2566666666666667 0.055
0 0.20750000000000002 0.144375 0.21833333333333335 0.05625
0 0.20833333333333334 0.089375 0.21666666666666667 0.043750000000000004
0 0.5275000000000001 0.08375 0.25833333333333336 0.05
0 0.22333333333333336 0.21375 0.25 0.05
0 0.21833333333333335 0.26625 0.25 0.05
0 0.22 0.3275 0.25 0.05
0 0.21666666666666667 0.3875 0.25 0.05
0 0.20833333333333334 0.56625 0.24000000000000002 0.0475
0 0.20583333333333334 0.620625 0.24500000000000002 0.05375
0 0.5175000000000001 0.39 0.25833333333333336 0.045
0 0.8341666666666667 0.093125 0.25833333333333336 0.06375
0 0.8291666666666667 0.27875 0.24833333333333335 0.0575
0 0.8225 0.33625 0.24833333333333335 0.0575
0 0.8241666666666667 0.395 0.24833333333333335 0.0575
0 0.8208333333333334 0.4525 0.24833333333333335 0.0575
0 0.8208333333333334 0.51625 0.24833333333333335 0.0575
0 0.8158333333333334 0.57125 0.24833333333333335 0.0575
0 0.8158333333333334 0.62875 0.24833333333333335 0.0575
