0 0.23 0.63875 0.2566666666666667 0.0475
0 0.8 0.641875 0.26 0.05375
0 0.8150000000000001 0.5775 0.23333333333333334 0.04
0 0.2275 0.5856250000000001 0.2516666666666667 0.05375
0 0.53 0.525 0.23333333333333334 0.0425
0 0.22166666666666668 0.5231250000000001 0.2366666666666667 0.04125
0 0.7941666666666667 0.52125 0.18833333333333335 0.045
0 0.8150000000000001 0.464375 0.22666666666666668 0.043750000000000004
0 0.5258333333333334 0.466875 0.21833333333333335 0.04125
0 0.21833333333333335 0.46125 0.2366666666666667 0.045
0 0.8150000000000001 0.41125 0.21333333333333335 0.04
0 0.515 0.40375 0.2066666666666667 0.0425
0 0.23083333333333333 0.398125 0.25833333333333336 0.04625
0 0.8075000000000001 0.356875 0.20500000000000002 0.04875
0 0.515 0.34875 0.2066666666666667 0.0425
0 0.22083333333333335 0.339375 0.23500000000000001 0.04125
0 0.8200000000000001 0.3 0.22333333333333336 0.0425
0 0.5358333333333334 0.295 0.23500000000000001 0.05
0 0.2275 0.276875 0.255 0.06125
0 0.8175 0.240625 0.2016666666666667 0.03625
0 0.5408333333333334 0.2325 0.24500000000000002 0.045
0 0.22416666666666668 0.213125 0.24500000000000002 0.04875
0 0.8183333333333334 0.1875 0.2066666666666667 0.04
0 0.5191666666666667 0.1675 0.20833333333333334 0.0425
0 0.21416666666666667 0.1525 0.225 0.055
0 0.8225 0.13 0.21500000000000002 0.04
0 0.5258333333333334 0.111875 0.22166666666666668 0.051250000000000004
0 0.2041666666666667 0.088125 0.20833333333333334 0.04625
0 0.53 0.5825 0.23333333333333334 0.0425
0 0.5191666666666667 0.635 0.225 0.045
